2000
0 0
-899 860
-897 581
-896 -280
-896 -103
-893 142
-893 247
-893 576
-891 621
-889 -824
-888 -892
-887 -276
-886 863
-883 -195
-883 -136
-881 427
-881 603
-880 2
-880 563
-880 602
-879 -470
-879 -123
-877 314
-873 850
-869 38
-867 -161
-867 680
-866 753
-864 -829
-864 551
-862 -370
-861 -393
-861 656
-860 237
-859 -188
-858 21
-856 -102
-855 -571
-855 -373
-854 -70
-854 214
-854 581
-852 734
-850 462
-849 -836
-849 -216
-849 894
-848 754
-847 -204
-847 581
-846 -560
-846 461
-845 -732
-845 -329
-845 538
-843 116
-843 156
-843 736
-842 -814
-842 -356
-842 727
-838 -438
-838 40
-836 255
-835 227
-834 677
-833 -381
-833 -118
-833 637
-830 -779
-830 656
-829 652
-828 265
-828 502
-824 467
-823 -187
-822 318
-821 496
-820 -609
-818 477
-818 838
-817 -823
-817 -642
-816 -393
-816 -379
-816 725
-815 291
-815 332
-814 -860
-813 454
-813 875
-812 -6
-812 373
-811 862
-810 600
-810 611
-810 804
-808 -766
-807 445
-807 450
-805 -675
-805 763
-805 824
-804 -799
-804 -407
-803 -115
-801 240
-799 -457
-797 -491
-797 18
-796 227
-796 894
-794 442
-793 484
-792 -224
-790 33
-789 -278
-787 -789
-787 -107
-787 -66
-787 758
-786 -376
-786 -180
-786 384
-784 197
-783 -557
-783 354
-783 506
-782 -81
-781 -488
-781 850
-779 -9
-775 -557
-775 -274
-774 127
-772 690
-771 -446
-770 56
-769 -318
-768 -582
-768 -52
-768 219
-767 -213
-766 -868
-766 -722
-765 416
-765 429
-764 394
-763 -284
-763 -224
-763 793
-762 -673
-761 119
-761 334
-760 -565
-759 -468
-759 500
-758 -860
-758 9
-756 574
-755 -231
-754 -577
-754 -27
-754 358
-752 -256
-752 567
-749 476
-748 75
-748 376
-747 206
-746 -567
-745 87
-745 837
-744 -165
-743 -643
-742 438
-741 -161
-740 806
-737 -876
-737 839
-736 -77
-736 837
-735 843
-734 659
-733 -203
-733 -91
-733 -80
-732 414
-732 647
-731 -833
-731 -549
-731 -432
-731 -383
-731 605
-731 880
-730 -751
-730 -583
-730 365
-729 -75
-727 -360
-725 -234
-724 -859
-723 -328
-723 155
-721 655
-720 862
-718 -331
-718 -211
-716 -678
-716 -395
-715 709
-714 -468
-714 -49
-714 808
-713 -323
-713 242
-712 -16
-710 -185
-709 539
-709 799
-708 435
-707 626
-706 70
-706 704
-706 818
-704 -394
-703 110
-703 163
-703 852
-702 339
-699 -364
-699 -197
-699 829
-698 -566
-698 140
-697 212
-697 268
-695 -743
-695 -628
-695 496
-693 -343
-693 679
-693 866
-692 -510
-691 -504
-690 686
-687 -784
-687 219
-685 220
-684 -896
-684 890
-683 695
-682 -174
-682 -31
-682 209
-682 423
-680 -145
-677 678
-672 -884
-672 -703
-672 447
-671 -163
-669 -341
-668 377
-667 -632
-667 -313
-667 -1
-667 363
-667 576
-667 589
-666 -505
-666 -483
-666 751
-665 693
-665 697
-663 -112
-663 797
-661 24
-661 166
-661 723
-660 -758
-660 400
-660 669
-658 -302
-657 -799
-656 -519
-656 747
-655 847
-654 90
-654 618
-654 858
-653 -628
-653 -507
-650 -158
-649 -707
-648 -870
-648 -247
-648 838
-647 -596
-647 593
-646 -540
-646 373
-645 -181
-645 -52
-645 825
-641 805
-640 -782
-639 -830
-638 -180
-638 37
-637 240
-637 381
-636 -176
-635 -890
-634 -600
-634 -152
-633 -4
-631 -374
-631 471
-629 -190
-627 -181
-627 757
-627 842
-626 -893
-626 878
-625 -264
-624 -707
-623 829
-619 -253
-618 213
-616 -276
-615 -793
-615 241
-614 -611
-614 -306
-613 -33
-612 -182
-612 19
-610 391
-609 -739
-608 -171
-606 406
-606 741
-605 -49
-604 -648
-603 305
-602 61
-602 194
-601 -358
-600 458
-599 350
-599 634
-598 475
-598 523
-596 -118
-595 812
-594 16
-593 -107
-592 -426
-591 299
-590 -826
-590 896
-589 -554
-588 625
-587 578
-586 708
-586 724
-583 865
-582 -161
-582 335
-580 -393
-580 -244
-576 585
-573 719
-572 663
-571 -378
-570 -587
-570 -359
-570 -7
-570 385
-570 763
-567 -247
-566 191
-565 307
-563 -564
-563 3
-562 -407
-562 -321
-562 -199
-561 -423
-561 -106
-561 798
-559 -441
-558 279
-558 486
-557 -849
-557 268
-556 -355
-555 619
-553 324
-552 -731
-552 -37
-552 414
-551 -528
-550 347
-550 555
-550 606
-549 -776
-549 265
-548 -869
-548 44
-548 105
-546 471
-546 542
-545 685
-545 731
-543 517
-541 -48
-541 442
-541 641
-540 28
-540 127
-539 -480
-539 -368
-538 -481
-537 -350
-536 -822
-536 651
-535 238
-535 687
-534 137
-531 -867
-531 -148
-531 412
-529 354
-528 -709
-528 -61
-527 734
-525 521
-524 -567
-524 49
-523 -177
-523 556
-522 -774
-522 -459
-522 896
-521 -883
-519 -493
-518 -19
-518 167
-517 -874
-517 725
-515 561
-514 -570
-513 276
-511 -256
-510 506
-509 521
-509 786
-506 -227
-506 487
-505 224
-504 57
-504 709
-503 -570
-503 418
-503 620
-502 614
-501 -577
-501 -327
-498 -744
-498 316
-498 629
-496 -484
-496 -46
-496 762
-495 -493
-495 241
-494 342
-494 834
-492 -703
-492 -21
-492 732
-491 527
-490 -621
-490 -608
-486 -310
-486 -183
-484 5
-484 687
-483 -723
-483 93
-482 -501
-482 -147
-481 -868
-481 334
-478 198
-477 -746
-475 404
-475 418
-473 -528
-473 34
-472 -427
-471 -745
-471 -597
-471 140
-470 190
-467 36
-467 249
-466 -321
-466 729
-464 -619
-463 475
-463 579
-462 -9
-458 716
-457 782
-456 267
-455 -54
-454 -263
-454 370
-451 202
-450 -459
-450 661
-449 640
-448 -698
-448 -644
-447 139
-447 593
-446 -521
-445 390
-445 701
-444 -818
-444 204
-443 -700
-441 166
-440 -430
-439 594
-438 137
-438 500
-438 522
-436 -570
-436 -336
-436 12
-432 -617
-432 39
-430 300
-430 860
-430 875
-427 -328
-427 -85
-426 -18
-423 35
-422 -222
-422 -78
-421 -865
-421 688
-420 -630
-420 848
-418 -401
-416 764
-415 137
-413 -879
-413 -11
-412 -612
-412 428
-412 465
-412 860
-410 -510
-410 317
-410 814
-409 -63
-408 610
-408 792
-407 -57
-406 -767
-405 162
-405 641
-404 -779
-403 -185
-402 688
-400 35
-400 870
-400 880
-399 -683
-399 211
-399 311
-398 92
-398 676
-397 -795
-395 -428
-394 323
-393 -528
-390 -662
-387 -94
-386 -368
-386 459
-383 303
-382 -220
-382 39
-382 514
-381 315
-381 868
-380 2
-377 -616
-376 -291
-376 85
-375 542
-374 -574
-372 -758
-370 643
-367 -639
-367 791
-367 884
-364 -824
-364 -575
-364 751
-363 10
-362 660
-361 -730
-361 -101
-360 -209
-359 -454
-358 -752
-358 278
-358 660
-357 -852
-356 -659
-355 -365
-355 13
-354 -395
-353 357
-352 -534
-352 -164
-351 -816
-351 -513
-350 349
-349 168
-347 -837
-347 -635
-347 -128
-346 426
-345 -267
-345 637
-345 866
-344 -28
-344 10
-343 -664
-343 -640
-343 480
-343 694
-342 -24
-341 -436
-340 180
-339 -674
-338 -630
-337 777
-336 254
-332 -380
-331 229
-331 759
-329 463
-328 -499
-328 -25
-327 846
-326 -184
-324 -710
-324 -160
-324 447
-323 689
-322 -337
-320 -82
-320 809
-319 -640
-319 -408
-318 -6
-316 620
-314 -404
-311 -496
-311 -364
-310 -782
-310 -634
-310 -357
-308 -396
-308 886
-306 612
-305 -751
-304 -642
-304 -462
-302 397
-301 -217
-301 728
-297 -182
-297 339
-294 378
-294 552
-293 400
-293 545
-292 559
-291 270
-290 -761
-290 279
-289 458
-289 760
-287 323
-287 683
-286 -335
-285 123
-283 466
-281 816
-280 -372
-280 446
-278 -438
-276 -656
-275 -115
-274 -522
-273 -127
-272 -101
-271 280
-271 585
-270 -558
-270 -330
-268 -636
-267 -583
-266 -740
-265 857
-264 394
-264 622
-261 327
-260 -667
-260 594
-260 889
-258 -857
-258 45
-257 -847
-257 667
-256 -515
-256 121
-256 815
-254 678
-253 -326
-253 279
-252 594
-251 869
-250 -238
-247 -709
-245 -892
-245 -517
-245 -373
-244 -90
-244 95
-243 -686
-243 805
-242 -645
-240 328
-237 389
-235 -749
-235 -739
-235 -347
-235 -330
-233 -509
-233 -438
-233 482
-233 684
-232 -595
-232 -85
-231 -317
-230 546
-229 -844
-229 -227
-228 -523
-228 424
-227 -829
-227 -740
-226 567
-224 180
-223 -749
-223 720
-221 -813
-221 234
-221 816
-219 -98
-219 848
-217 339
-216 -885
-216 489
-216 635
-216 728
-215 236
-213 622
-210 -356
-210 40
-209 -456
-208 -390
-208 516
-207 -510
-207 738
-205 841
-202 80
-201 142
-200 -275
-197 -149
-194 -838
-194 868
-192 -460
-191 615
-187 755
-186 -154
-185 295
-182 -758
-182 -140
-181 -71
-180 435
-178 -3
-178 487
-177 621
-176 -439
-176 -7
-173 -620
-172 -538
-171 -786
-171 305
-169 -873
-169 -615
-168 -697
-168 -541
-167 837
-167 865
-166 269
-164 562
-163 -797
-163 172
-162 347
-161 519
-161 572
-159 353
-157 -800
-156 -366
-156 800
-154 -213
-154 199
-154 390
-154 563
-153 -852
-151 -111
-149 -186
-148 -176
-147 -284
-147 165
-147 598
-146 804
-146 837
-143 -834
-141 -730
-141 -644
-139 -558
-139 -320
-138 -600
-138 264
-137 -592
-137 -370
-137 642
-136 736
-135 -90
-134 -175
-133 -222
-133 115
-133 611
-132 -788
-132 135
-132 482
-132 573
-130 -360
-130 -204
-130 888
-127 -265
-127 32
-126 325
-125 -259
-125 104
-125 873
-124 -714
-123 -278
-123 700
-121 -85
-121 -17
-121 52
-121 658
-120 641
-116 59
-115 -110
-112 -453
-112 551
-111 -459
-111 -296
-110 71
-110 374
-109 662
-108 -93
-108 421
-104 -32
-104 207
-104 704
-104 869
-103 -692
-103 2
-103 667
-102 -439
-100 -884
-100 330
-100 500
-99 -369
-99 -368
-98 -511
-98 -54
-98 568
-97 805
-95 539
-95 609
-94 -487
-93 -758
-93 151
-91 -626
-91 -243
-91 -242
-90 369
-90 644
-89 219
-89 433
-89 515
-87 -413
-87 595
-86 -735
-86 -126
-85 -548
-84 -421
-82 -804
-82 -369
-81 -14
-80 -713
-80 774
-79 429
-78 -516
-77 -381
-77 683
-76 -641
-75 596
-75 641
-70 98
-69 -183
-69 494
-68 813
-62 -18
-62 183
-62 355
-61 -142
-60 708
-59 -681
-59 -666
-57 -477
-56 -597
-55 -571
-55 73
-55 213
-54 756
-53 -813
-52 -786
-52 14
-51 -567
-50 157
-50 858
-49 -474
-48 438
-47 -209
-46 -295
-44 -715
-44 -698
-43 567
-42 -772
-41 -263
-41 30
-40 531
-40 551
-39 447
-39 470
-37 323
-33 698
-33 775
-32 -807
-32 151
-30 670
-29 853
-28 -208
-25 -315
-25 332
-25 752
-24 28
-24 107
-23 -615
-23 274
-21 -429
-21 -204
-18 -148
-18 -18
-18 575
-17 -86
-17 652
-15 -789
-15 654
-14 215
-14 259
-13 -678
-13 59
-11 93
-10 -182
-8 -498
-8 258
-6 -301
-6 45
-6 160
-6 638
-5 -793
-5 -701
-5 -529
-5 -336
-5 68
-3 798
0 -615
1 -257
3 752
5 659
6 134
7 -180
8 246
8 343
10 -833
12 -413
13 -48
14 -809
15 -537
15 282
16 65
17 224
17 358
17 507
18 -77
21 -1
21 318
21 658
22 802
23 -444
24 -748
24 282
25 -806
25 -124
25 477
26 -459
28 523
29 -779
29 -359
31 -730
31 -717
31 -173
31 240
31 713
32 -354
32 -177
33 -837
33 -233
33 868
34 575
35 773
35 899
37 744
38 -890
38 -187
39 -29
39 186
40 -369
43 -591
43 -84
44 -666
46 -701
49 83
52 761
53 260
54 372
55 -606
56 -44
57 -813
57 -67
57 317
59 878
60 -785
60 330
61 -48
63 314
63 454
64 356
65 219
65 878
69 -755
69 428
69 811
70 16
72 -506
72 -114
72 874
74 -146
75 426
75 579
77 161
77 653
78 -575
80 -360
81 666
83 309
84 129
86 869
88 -248
89 -365
89 783
91 575
93 -108
93 89
93 183
96 -159
97 -855
100 455
100 814
101 -750
101 -82
101 220
103 -123
105 -446
105 574
108 783
109 135
110 413
110 760
115 -792
115 -774
115 80
117 -842
118 -891
119 -444
120 236
121 103
121 294
122 -471
122 668
124 255
125 -693
125 418
126 -644
126 -120
127 -544
127 -170
128 -368
129 -69
130 482
131 -315
131 545
131 790
133 -334
133 142
135 626
138 -655
138 819
140 103
141 -435
144 510
146 -728
147 -410
147 623
147 704
148 -711
148 578
150 626
152 -743
152 -33
152 254
152 409
152 549
154 374
155 -416
155 -254
155 322
157 -857
157 50
157 722
157 843
159 857
162 401
163 -426
163 113
165 -872
165 807
169 -281
169 112
169 454
172 -324
172 641
174 -658
174 -596
174 515
175 -266
176 -736
176 -700
177 114
178 441
179 324
179 732
179 736
180 -676
180 -36
180 847
181 85
182 -633
182 25
183 26
186 -359
186 206
188 -554
189 717
190 89
191 -375
193 830
194 -400
194 -104
195 171
195 432
201 -203
201 268
202 -629
203 -502
204 -830
205 -493
205 -132
205 853
206 215
208 268
211 -318
212 223
213 -70
213 174
214 -588
214 -296
214 -175
217 -343
219 -869
219 -386
219 -124
220 -817
220 -314
221 354
222 -815
222 -796
226 -431
227 -442
228 -577
229 51
229 331
230 -714
231 615
231 699
232 -544
233 -45
233 239
234 -513
235 -401
235 94
236 -204
237 -219
237 303
237 512
238 9
238 712
240 -801
240 -470
240 614
240 844
242 -340
242 129
243 -895
244 -395
245 -360
245 -123
245 515
246 -45
247 -664
248 -525
250 -444
252 -857
252 506
253 -894
257 758
259 177
262 -375
263 867
264 184
264 224
266 -717
266 856
267 747
269 -437
269 895
272 -808
272 -347
273 -615
273 -220
273 102
274 422
275 738
276 -542
276 270
277 80
278 -410
279 -599
279 218
281 -881
281 -536
281 -453
281 420
282 -789
282 188
283 259
284 487
286 694
287 -772
287 -705
287 -211
288 -651
288 -284
289 -312
289 -271
290 77
291 -601
293 69
293 163
294 582
294 746
295 256
295 387
296 -385
297 -658
299 50
299 439
301 -393
302 379
302 517
302 838
305 -559
306 -420
308 -307
308 432
308 852
309 20
309 214
313 526
313 731
314 -187
314 476
316 -409
317 -547
317 -422
317 796
318 -378
318 483
320 -445
321 115
321 482
322 134
324 -581
324 171
324 347
325 -33
325 891
326 -18
326 777
326 878
330 -471
330 -442
330 224
331 -816
331 -508
331 -485
331 -247
331 161
331 661
332 -479
332 -215
332 32
333 -463
335 -22
335 88
336 324
337 183
340 -61
341 -837
342 -423
342 440
343 -756
343 874
344 514
344 552
348 -412
348 19
348 488
351 338
352 561
354 -143
355 572
356 -688
356 -424
356 -113
357 -412
357 -364
357 504
358 -248
359 -4
361 -746
362 -293
362 -155
365 158
366 -359
366 291
368 -839
368 825
369 236
369 664
370 447
375 652
376 505
377 -14
377 511
378 -544
378 -37
380 -646
381 425
382 -568
383 155
384 -749
384 612
386 506
388 -645
388 29
388 77
388 319
390 181
390 260
391 -129
391 886
392 553
393 -722
393 173
393 499
395 78
396 665
397 -139
399 -795
400 -729
400 -234
400 31
400 290
402 -842
402 -588
402 -586
405 -159
406 -538
408 -616
408 674
410 365
410 854
415 120
415 497
416 715
417 -452
418 -838
419 -300
421 -583
421 -375
421 -152
421 844
423 -833
424 -603
424 -419
424 810
425 -51
425 561
427 -876
427 -639
427 338
428 250
431 -413
432 504
433 284
434 56
435 644
436 -20
438 601
439 -315
439 488
439 676
439 820
440 601
442 317
442 870
445 -681
445 -296
446 -790
446 -751
446 -324
446 -305
448 343
451 -225
452 802
453 -526
453 -208
454 60
456 -365
457 142
459 -40
460 -222
460 353
462 -355
465 -375
466 664
468 -67
468 696
469 99
469 717
470 415
471 19
472 -734
472 53
474 -218
475 247
476 -544
476 -440
477 -362
478 639
479 -828
479 -224
479 -193
479 -101
482 -326
482 -75
483 -878
484 -607
485 -586
485 -562
485 82
486 831
487 241
487 725
488 -731
488 -259
488 67
488 242
489 886
491 560
491 606
493 -276
494 -644
496 712
498 -79
498 406
499 43
504 600
507 -361
507 94
507 465
508 -726
509 249
510 629
511 -359
512 -540
516 -474
516 583
516 667
518 -883
518 50
519 695
520 -392
520 686
521 127
522 -538
522 507
523 388
524 391
525 -777
526 -501
527 -375
527 794
529 -771
529 314
530 709
532 122
532 590
533 12
534 673
534 722
535 -29
535 681
536 -279
537 -779
537 -37
537 1
537 286
538 -643
538 407
540 -598
540 -507
540 101
541 -854
542 -733
542 -349
543 -579
546 -173
548 -458
548 -432
548 844
549 -426
551 330
552 140
552 584
554 867
555 82
558 688
559 455
560 -5
561 265
562 49
562 538
563 420
565 -541
565 102
567 -452
568 121
568 894
569 -787
569 410
570 -632
570 895
571 -799
571 -184
571 260
572 -599
574 -240
575 -885
575 95
575 274
577 -691
578 592
579 -43
579 475
579 794
583 -30
583 589
583 708
584 -361
585 -647
585 700
590 -770
590 -530
592 -814
592 -407
592 -43
593 425
593 539
593 549
595 -598
595 -114
595 668
596 -858
596 -456
596 768
597 540
598 -849
598 -5
598 462
599 -885
599 -696
599 -455
599 29
600 -825
600 -132
602 463
604 -123
606 -524
609 -835
610 -227
610 492
611 -642
612 897
614 -243
614 -50
614 9
614 416
614 711
615 -612
615 31
615 366
615 886
616 -122
616 -16
617 146
618 -730
619 -709
623 -222
623 769
626 200
627 695
628 -435
629 510
631 -232
632 448
633 95
634 -497
634 465
635 -619
635 700
636 -471
637 -882
639 -759
639 -133
640 341
640 787
640 807
641 -156
641 677
641 727
642 -490
643 -155
645 -168
645 511
648 65
650 878
651 -309
652 265
653 -48
654 -861
654 -453
654 683
655 184
657 -865
658 -383
662 55
664 526
666 536
667 -397
668 799
670 -676
674 177
675 -758
675 -511
675 329
675 880
677 -422
677 393
678 -443
678 258
680 -10
680 8
680 706
680 881
681 -232
681 786
682 -189
683 765
685 275
685 283
686 212
687 162
687 319
692 16
692 716
693 483
695 -62
695 412
695 724
698 -460
698 -52
699 -517
699 -204
700 616
701 306
703 50
704 -721
704 804
705 -814
705 -695
705 101
705 478
705 722
706 -756
706 -390
706 47
707 9
708 -719
708 -321
708 497
709 -230
709 309
713 -104
713 623
714 -99
715 -552
716 296
716 606
716 609
717 -328
718 -513
718 73
718 151
720 287
721 -277
723 -256
726 863
727 -882
730 -615
731 -687
734 1
734 467
736 -474
737 -563
737 -181
737 38
738 35
739 568
740 -569
740 138
741 -218
743 -750
745 -233
746 -820
746 96
747 835
747 861
748 -858
749 313
750 180
750 541
754 401
755 -175
756 447
759 -424
759 7
760 83
760 113
763 -358
763 -351
763 -113
765 -768
765 -352
765 -264
767 443
768 -584
768 -103
771 99
772 320
772 622
772 796
773 885
774 168
775 699
776 -357
777 -652
777 733
778 -562
779 734
780 451
780 719
782 761
783 -624
783 218
783 557
784 -666
784 -184
787 -28
788 -668
789 362
789 657
790 -806
792 -635
793 -417
793 -131
794 -615
795 -236
797 -740
797 564
799 -550
799 476
800 -336
801 -327
802 322
802 853
803 762
804 -712
805 -279
805 20
805 366
810 -642
810 23
811 -11
813 535
814 -581
814 -378
814 -45
814 494
814 648
815 -83
818 835
823 -178
823 637
824 450
826 389
827 -231
829 -142
829 702
830 -179
833 269
834 614
835 794
836 -339
838 -693
838 -614
838 324
838 335
839 -386
842 219
842 663
843 -175
846 -799
847 -880
847 211
849 -443
849 -417
849 804
850 -421
850 -328
850 579
851 -263
852 -779
853 -245
854 -598
854 629
855 -748
855 161
856 -440
857 -255
858 -399
859 -472
859 -147
859 -63
859 224
860 401
861 -709
861 74
861 775
863 -1
864 -843
864 422
864 433
864 846
865 -848
866 -658
866 -439
866 670
868 -722
868 878
869 -886
869 889
870 311
871 -488
872 174
872 365
874 399
875 696
876 -597
876 182
876 685
877 112
879 -611
879 -456
879 85
885 103
886 -249
887 -27
889 -718
890 -96
890 567
892 -542
893 -200
895 -619
896 -599
896 -562
896 -243
898 677
899 -401
