500
0 0
-200 -35
-200 -20
-200 68
-200 181
-199 62
-198 -187
-198 -171
-197 196
-195 -157
-194 68
-194 120
-192 -116
-191 -153
-191 -96
-190 197
-189 3
-189 122
-187 151
-186 -152
-184 111
-183 -150
-183 -139
-183 -34
-183 45
-181 -65
-180 -146
-180 141
-179 62
-177 87
-175 -44
-175 191
-174 -137
-174 89
-172 -42
-170 139
-169 -14
-168 -171
-167 133
-167 178
-166 -78
-164 30
-163 58
-163 163
-162 -83
-162 -34
-161 -177
-160 -65
-158 21
-158 58
-157 -26
-155 -189
-155 -142
-155 65
-152 -181
-152 -172
-151 -184
-151 70
-151 143
-150 -90
-150 130
-149 -56
-149 -37
-149 71
-148 -168
-146 -186
-146 -147
-146 -128
-146 -45
-146 76
-145 -61
-144 138
-144 155
-143 90
-142 -127
-142 -62
-142 -56
-142 104
-142 146
-142 185
-141 -196
-141 188
-140 25
-140 106
-139 158
-136 -160
-136 -146
-136 -16
-136 47
-134 -170
-134 -105
-132 157
-128 102
-128 153
-128 178
-127 164
-126 -37
-126 35
-125 -110
-125 -108
-122 -158
-121 -194
-121 -151
-119 -124
-119 -47
-118 -21
-118 -12
-118 -2
-118 56
-117 90
-117 118
-116 49
-114 -39
-112 121
-112 136
-111 -49
-109 92
-109 153
-108 -42
-108 102
-108 122
-108 183
-105 -50
-105 118
-105 163
-104 -149
-103 -142
-102 -171
-101 -197
-100 -97
-100 -32
-100 35
-98 -193
-97 -19
-97 6
-97 48
-95 -138
-94 -50
-94 2
-93 51
-93 123
-92 20
-90 182
-88 71
-87 -72
-87 -39
-87 88
-86 -136
-86 -122
-86 -96
-85 -58
-82 196
-81 97
-80 149
-79 -192
-79 -26
-78 -127
-77 21
-76 7
-76 186
-75 -100
-75 57
-74 -25
-74 95
-72 54
-71 -136
-71 -17
-69 -137
-69 -94
-69 124
-68 -128
-67 -68
-66 -94
-65 -107
-65 -56
-64 145
-63 -194
-63 55
-63 120
-62 -135
-62 196
-61 -65
-60 45
-60 150
-59 182
-58 64
-57 -135
-57 -8
-57 59
-56 158
-55 -33
-55 117
-54 -94
-54 -33
-53 -134
-53 170
-50 -34
-48 -180
-47 -57
-45 -152
-45 -125
-45 -70
-45 109
-44 35
-43 -19
-42 -44
-42 24
-41 8
-41 23
-40 2
-39 -174
-39 -72
-39 60
-39 141
-39 176
-37 -174
-37 -77
-36 -104
-35 -182
-35 96
-33 -178
-33 -165
-33 63
-32 1
-31 97
-31 116
-30 168
-28 -78
-28 -15
-28 96
-28 154
-27 -84
-27 128
-27 186
-25 -148
-25 -141
-25 -72
-25 15
-24 -23
-22 -71
-20 -195
-19 70
-18 -129
-18 -68
-18 7
-17 -151
-17 84
-15 -172
-14 -182
-14 3
-13 -53
-13 -43
-13 111
-11 -126
-10 -104
-10 193
-9 -60
-9 152
-9 189
-7 -64
-6 -112
-6 14
-6 116
-5 -176
-5 -160
-3 143
-1 -69
-1 -67
-1 -55
0 -189
0 -60
1 -124
3 -155
3 -12
3 81
4 42
5 -81
5 -74
5 -70
5 -17
5 105
7 116
10 -102
10 92
10 196
13 -97
13 116
14 -136
15 -185
15 61
16 169
17 90
18 183
18 185
18 186
19 165
21 -16
24 -132
25 -177
25 137
26 -166
26 -140
26 -98
27 -11
28 -178
28 20
28 68
29 -78
29 -41
30 -70
30 19
30 138
33 -114
34 -139
34 164
35 -31
36 -79
39 -111
40 95
42 191
44 -175
44 175
45 -188
45 -114
45 177
46 -166
47 -101
47 96
48 -2
48 183
49 176
50 -155
50 145
51 -198
51 90
52 192
54 -137
54 58
54 86
55 104
57 -176
57 63
58 -91
58 -69
61 126
62 -161
62 13
63 -179
64 -197
65 131
66 -94
66 -80
69 167
73 171
75 -105
76 66
77 143
78 -7
79 -21
79 154
80 -137
80 148
80 162
82 -79
82 132
84 -5
89 101
90 -136
90 -96
91 -87
92 -87
94 -188
94 6
95 -167
95 58
95 140
95 193
96 -141
96 -42
96 -30
96 24
98 50
99 198
100 135
102 117
103 -183
103 -20
104 -53
105 87
105 127
106 70
109 -131
109 18
110 114
112 133
113 -109
113 39
113 188
113 199
114 52
116 -68
116 35
116 44
117 -179
119 91
119 143
119 194
120 -17
120 43
120 164
121 146
124 52
124 121
125 -134
125 -107
127 -53
127 -21
127 46
127 180
129 -31
129 -3
129 94
131 -147
131 -29
132 -71
133 -82
136 -136
136 62
137 -79
139 -50
139 66
141 -57
141 164
142 104
145 -97
145 10
149 -88
150 -17
150 1
150 41
152 37
152 131
153 23
155 -170
155 -92
155 88
156 -15
157 37
158 -89
158 123
161 -129
161 186
162 -182
162 77
165 -137
165 -110
165 168
166 124
167 83
168 -104
169 71
171 10
172 178
173 -121
173 -47
173 38
174 -191
175 -140
177 -99
179 -126
180 69
180 83
181 -137
181 1
181 23
182 98
184 -117
184 -70
184 166
186 -65
186 95
187 -178
187 -84
187 162
188 79
188 113
190 -107
190 -49
190 111
191 -137
192 -60
192 121
192 169
193 -115
195 101
195 117
196 51
197 35
197 150
199 70
199 74
