500
0 0
-200 -181
-199 61
-198 149
-196 166
-195 -95
-195 -49
-194 -191
-193 -147
-193 -54
-193 20
-190 -159
-190 82
-190 98
-188 -29
-188 147
-187 115
-186 106
-184 184
-183 66
-183 163
-183 192
-182 -172
-182 21
-178 -189
-178 -27
-178 -1
-177 -8
-177 189
-176 104
-175 -198
-174 188
-173 -5
-173 61
-173 71
-172 -77
-171 92
-170 -70
-170 151
-168 59
-168 105
-166 -138
-166 -26
-165 -137
-165 -35
-164 192
-163 -68
-162 -190
-162 1
-161 -145
-160 -102
-160 168
-158 -20
-158 -5
-157 -30
-157 35
-155 -40
-155 -32
-154 -131
-154 -103
-154 85
-153 41
-153 95
-151 20
-150 -90
-150 -44
-150 -30
-147 92
-146 -145
-146 -47
-146 154
-145 -181
-145 -112
-144 -54
-144 128
-144 174
-141 -123
-141 146
-138 13
-138 133
-138 185
-137 -191
-134 81
-134 142
-131 -115
-130 136
-128 -41
-128 131
-127 -113
-124 54
-122 -138
-122 -88
-122 185
-121 118
-121 165
-120 44
-119 -72
-119 174
-117 63
-110 84
-109 110
-107 -199
-107 -95
-106 -188
-105 155
-104 -196
-104 -12
-101 -195
-101 -37
-101 -2
-99 153
-99 182
-98 -31
-98 112
-97 -164
-97 86
-97 176
-96 -15
-93 -188
-93 -125
-93 73
-93 127
-92 186
-90 -28
-90 143
-89 -61
-89 171
-88 72
-88 82
-87 -47
-86 -107
-85 -6
-85 165
-84 -79
-84 -70
-83 -42
-82 84
-80 108
-78 104
-78 115
-78 126
-76 72
-76 83
-73 140
-72 125
-72 149
-71 66
-68 -126
-68 181
-64 -116
-64 -75
-64 -50
-64 114
-63 -63
-62 1
-62 65
-60 -117
-59 -155
-59 -79
-58 135
-57 -8
-57 60
-56 -128
-55 -108
-54 34
-54 154
-53 169
-52 134
-51 18
-50 -46
-48 -136
-48 -7
-48 70
-47 -95
-47 175
-45 42
-45 44
-44 127
-42 178
-41 -10
-41 93
-40 109
-38 25
-37 1
-36 -189
-36 177
-36 191
-35 -35
-35 134
-35 189
-34 -136
-34 36
-32 -75
-32 -74
-32 -46
-30 -9
-30 174
-29 -47
-29 162
-27 -99
-27 -23
-27 150
-25 84
-25 166
-23 -175
-23 183
-23 193
-21 118
-21 126
-19 164
-18 24
-18 93
-18 171
-16 -129
-14 -168
-14 -26
-14 149
-13 -120
-13 -29
-12 -152
-12 -7
-11 -149
-10 -1
-8 -180
-8 15
-7 -104
-7 182
-5 46
-2 28
-2 51
-2 131
-1 -88
-1 -43
-1 78
0 123
1 172
3 -127
3 -5
4 69
6 -168
6 -90
7 103
8 -76
8 174
9 -192
9 19
9 22
13 -198
13 77
14 -108
14 193
15 45
15 61
16 -2
18 -168
18 195
19 -180
19 25
20 -85
21 59
22 -156
22 16
22 191
23 -146
23 123
24 -183
25 -147
25 57
27 -16
29 -79
29 33
29 93
30 -166
30 -124
31 -115
31 141
32 170
33 -120
33 -19
33 190
34 -129
34 -73
34 8
34 44
35 -155
35 -109
35 -63
35 133
35 181
36 -36
36 -11
37 -132
40 -163
41 144
42 -6
42 106
43 -173
44 -166
44 -42
44 178
44 190
45 -17
45 23
46 194
47 -140
47 -80
47 61
48 150
49 -127
49 138
50 190
52 42
53 -95
54 94
54 156
56 6
56 189
57 51
58 -103
58 -83
58 188
60 -177
62 -60
62 12
62 197
63 43
64 -199
65 189
69 -76
69 127
71 169
72 32
72 86
73 147
74 -67
74 28
75 -146
77 42
77 149
78 -200
78 -117
79 -84
80 105
80 110
81 -177
81 -149
83 -175
83 154
84 -182
84 -121
85 -162
85 -157
87 -8
87 18
88 -76
90 -131
90 -95
90 -63
90 120
91 -110
91 25
91 182
93 86
94 -103
94 100
94 123
95 4
96 45
97 138
98 75
98 89
99 -96
100 -3
101 -187
101 -120
102 -174
102 12
103 11
104 -153
104 -24
105 -138
105 -83
105 144
107 -45
110 -162
111 -116
111 -44
112 -28
113 82
114 44
115 -184
115 -103
116 -181
116 52
119 -136
119 73
119 87
120 93
122 39
123 -200
123 -45
123 135
125 -112
126 91
127 -133
127 -22
127 79
127 157
128 -92
128 41
129 -162
129 -44
129 170
131 127
131 196
132 -182
134 8
134 70
137 -88
137 39
140 -13
141 18
142 -179
142 78
143 -5
145 36
145 105
145 116
146 -71
147 -43
149 -158
149 -116
149 101
149 174
150 156
152 -41
153 43
156 -139
156 11
156 77
157 -183
157 128
158 -7
160 24
164 -160
164 -73
164 -44
164 60
164 136
165 -16
165 54
166 -164
166 -142
167 -139
167 22
167 188
167 189
168 103
169 -155
169 18
170 -20
170 161
171 -123
172 -15
173 -125
173 -74
175 34
176 -172
176 -135
176 32
178 97
180 -110
180 96
182 -102
183 -158
185 -144
185 -67
185 -34
186 -14
188 -148
188 62
188 82
188 146
189 43
191 -174
191 -154
191 -131
193 -116
194 -18
194 29
194 139
196 -192
196 -44
197 17
198 -172
198 39
199 -157
199 -127
199 -29
199 -3
199 62
