300
0 0
-200 9
-198 -189
-195 -47
-195 20
-194 -53
-194 21
-193 -99
-190 -71
-187 129
-186 53
-186 64
-183 -75
-183 196
-182 97
-179 57
-178 -180
-178 -24
-172 -109
-167 -157
-167 112
-162 -163
-162 -5
-162 103
-161 -162
-161 -154
-161 142
-158 80
-158 155
-157 -91
-156 -61
-155 183
-154 124
-152 -153
-152 -109
-152 -56
-152 -7
-151 169
-149 -112
-149 151
-148 184
-146 66
-144 177
-142 -43
-141 136
-140 -2
-137 136
-135 140
-134 44
-133 56
-131 -49
-130 -152
-129 -121
-127 -162
-126 -99
-124 159
-122 111
-120 50
-119 137
-117 8
-117 163
-115 -197
-115 122
-113 -126
-111 -142
-109 -8
-108 61
-107 -188
-106 -95
-103 67
-102 -72
-100 -45
-92 -65
-92 -3
-92 176
-90 -71
-87 -24
-85 69
-82 166
-81 -73
-80 146
-79 -15
-78 -16
-76 -29
-76 58
-75 47
-70 112
-67 57
-63 -197
-63 141
-59 109
-57 -137
-57 -79
-54 -62
-51 -172
-49 67
-48 -13
-46 -92
-45 191
-43 67
-42 -48
-41 95
-41 155
-40 -100
-39 170
-37 -48
-36 -197
-35 150
-34 25
-34 38
-33 136
-31 -9
-26 -145
-25 -88
-24 -193
-24 -108
-24 190
-23 196
-22 174
-18 -43
-15 -97
-14 28
-14 78
-10 -40
-9 190
-7 -170
-7 -139
-7 -29
-7 -9
-6 199
-4 -197
-4 100
-3 81
-1 133
0 -195
0 -75
4 92
5 -44
5 131
5 134
7 -180
7 -159
7 -114
9 -173
9 -161
9 77
10 191
15 -169
16 -175
16 83
16 180
18 -15
18 172
21 -174
21 30
21 103
21 105
21 193
22 4
22 175
23 192
23 194
24 -18
29 -144
30 -10
30 19
31 116
32 -183
32 180
36 124
40 21
42 22
43 -100
43 94
44 127
44 154
46 -44
49 -163
49 -91
49 -26
50 -16
51 33
51 117
52 122
53 -131
56 -17
59 -142
60 -74
61 41
63 134
63 186
65 138
68 -164
68 188
69 -61
70 -183
70 99
71 18
72 -1
72 186
75 -96
75 151
76 -120
76 60
77 68
78 106
79 -157
79 -149
81 183
83 -59
83 -28
83 91
88 -96
88 -87
93 -99
93 185
94 -181
94 -124
96 -82
101 -76
101 52
104 -111
104 191
105 -105
105 161
106 -181
106 16
107 -151
111 44
111 122
112 -96
113 -16
115 91
115 183
116 -146
118 -82
120 -152
120 -111
122 113
123 148
124 -72
124 95
125 -25
126 -111
127 124
129 -176
130 -180
131 -136
131 151
133 24
133 35
136 -156
136 -124
136 13
138 108
142 -20
145 -142
145 57
147 -116
148 -46
148 117
150 -175
150 -128
150 132
152 125
155 -78
157 49
160 -9
161 84
166 -181
168 -144
168 0
171 99
175 -8
177 129
178 188
179 15
179 195
180 -3
181 72
181 74
181 102
182 -100
184 -176
185 30
187 -109
187 -107
188 -17
189 -101
189 17
189 60
191 -167
192 -99
192 -57
193 147
196 -142
196 129
197 -136
197 -7
197 58
198 -31
