300
0 0
-350 -67
-350 -35
-350 243
-346 249
-345 -97
-337 127
-336 162
-331 1
-331 22
-330 -96
-328 331
-323 -255
-323 303
-319 169
-318 326
-315 -232
-314 -194
-314 -144
-312 -174
-306 292
-300 -260
-300 332
-295 309
-289 -32
-285 83
-284 -211
-280 -342
-278 -50
-269 91
-268 -137
-266 -113
-266 193
-262 10
-259 244
-259 300
-255 -3
-254 -107
-249 -247
-249 -198
-242 -342
-242 -237
-239 -110
-236 -284
-236 296
-233 -179
-232 232
-231 93
-229 -272
-228 229
-227 -126
-222 -130
-222 -91
-220 -19
-210 188
-205 17
-202 -251
-200 307
-198 -176
-197 62
-195 -245
-192 -286
-191 -156
-186 154
-185 -33
-179 62
-178 -163
-175 207
-174 134
-173 11
-169 -239
-166 299
-164 -343
-162 -187
-158 240
-157 -22
-155 307
-154 -103
-153 228
-149 -48
-149 254
-142 293
-141 43
-139 141
-135 -159
-134 -336
-130 -153
-130 94
-130 107
-122 -37
-120 319
-118 165
-117 325
-111 -68
-109 324
-108 -227
-101 -334
-101 -202
-100 77
-94 -170
-94 -144
-90 101
-87 -325
-85 68
-83 280
-82 325
-76 -230
-76 -195
-74 -89
-73 203
-72 -104
-72 -68
-70 -4
-69 -106
-65 301
-57 -245
-56 -272
-56 -122
-56 234
-52 -347
-50 65
-49 -273
-47 218
-45 -133
-43 -139
-41 -228
-41 -189
-35 -121
-33 -283
-33 153
-26 40
-25 -9
-22 -170
-22 228
-20 -85
-19 -334
-17 -261
-16 134
-14 -224
-11 -139
-10 -254
-9 -95
-8 -195
-8 182
-6 -156
-3 -104
4 -224
4 25
8 183
9 24
10 242
13 19
15 30
24 315
25 25
26 205
27 -86
30 59
31 -116
31 40
36 273
38 7
39 330
40 -276
46 -28
47 -152
47 298
57 73
57 97
57 315
59 6
59 304
61 -2
62 205
74 2
75 -160
76 57
76 95
77 21
85 169
85 180
86 -87
88 320
92 52
94 -259
96 -319
98 -92
99 116
100 309
102 -349
104 41
105 329
106 -219
106 230
109 -201
111 -32
112 -167
112 -34
115 -170
120 199
128 114
129 -286
131 159
136 -143
137 42
137 329
138 202
141 -337
148 -319
148 348
149 -348
151 -314
151 345
153 320
156 297
159 -129
161 -260
164 -277
168 244
173 315
174 -34
175 -321
176 -16
179 -104
184 285
188 -180
190 247
191 -113
195 -98
195 279
199 91
200 146
202 236
205 92
208 -71
212 -17
213 175
214 191
215 111
217 -347
224 -275
229 114
230 202
235 -271
235 211
242 -194
243 204
244 -68
246 -43
248 -243
249 -288
251 259
255 294
257 -228
257 48
262 -335
263 -113
264 -144
264 52
266 184
266 301
267 -138
267 -64
271 -249
271 -22
272 -183
273 -330
274 67
276 126
282 -306
292 -91
294 220
297 -18
299 -283
300 -299
300 58
310 172
311 90
311 322
313 300
318 307
319 79
320 140
320 245
322 -70
322 60
325 223
326 -45
327 301
330 -102
330 316
332 -260
332 43
333 31
334 -149
339 151
342 315
343 -185
343 -167
343 332
345 239
