500
0 0
-200 -106
-200 -14
-200 183
-198 -8
-198 35
-196 -59
-195 -137
-195 191
-194 -14
-193 -158
-192 -174
-191 -104
-190 40
-189 -142
-189 -52
-189 -3
-188 -88
-187 -45
-187 39
-185 101
-184 39
-180 -115
-180 12
-179 -190
-177 -56
-176 108
-175 17
-175 97
-175 116
-174 -12
-173 -183
-173 -153
-172 -45
-169 -182
-168 -35
-168 85
-167 -184
-167 -5
-167 18
-167 53
-166 -27
-165 -93
-165 85
-162 -191
-161 -129
-161 44
-157 -2
-157 108
-155 -98
-154 -165
-154 -48
-154 21
-153 -183
-153 20
-152 -58
-152 161
-148 -176
-148 24
-148 55
-147 26
-147 107
-146 -196
-144 -109
-144 140
-143 -182
-142 96
-140 -173
-139 -187
-139 -180
-139 -118
-139 -28
-139 57
-138 -142
-138 -97
-137 127
-136 -88
-135 -122
-132 -36
-131 23
-130 -124
-129 -73
-129 -41
-128 196
-127 -36
-126 -40
-125 -119
-124 -30
-124 124
-123 -82
-123 36
-123 60
-123 67
-122 -147
-121 -102
-121 150
-120 -6
-120 56
-120 95
-119 -142
-119 50
-118 93
-117 -46
-117 137
-115 -185
-114 16
-114 199
-113 163
-113 169
-111 -40
-110 -99
-110 -66
-110 47
-109 -149
-109 -37
-107 95
-106 -5
-106 88
-103 14
-100 -117
-100 -1
-100 12
-100 61
-99 78
-99 188
-98 157
-96 -184
-96 44
-96 107
-96 190
-95 159
-93 145
-93 192
-92 -136
-92 47
-91 -64
-91 183
-90 -49
-90 -30
-90 -11
-90 71
-89 -176
-88 -75
-87 146
-86 -67
-86 35
-85 -193
-85 -100
-85 -5
-84 -29
-84 58
-84 192
-82 127
-81 -176
-79 -44
-79 22
-79 85
-76 12
-75 197
-73 -49
-73 170
-72 -159
-72 -111
-72 -107
-71 96
-70 -139
-70 -113
-67 167
-66 -160
-65 -101
-65 131
-64 -127
-64 85
-64 86
-63 191
-62 69
-60 -161
-60 -114
-60 168
-58 -143
-58 97
-58 195
-57 30
-57 67
-56 -94
-54 -138
-54 -52
-54 119
-54 149
-53 42
-52 13
-52 88
-51 -61
-51 80
-50 91
-47 -39
-47 35
-44 25
-42 124
-42 128
-41 -148
-41 -113
-40 189
-39 -161
-39 -101
-39 -25
-38 -172
-38 -138
-38 34
-37 120
-36 -184
-36 -124
-36 37
-36 62
-35 -176
-35 -45
-35 8
-33 121
-32 2
-32 70
-31 171
-31 182
-30 42
-27 -70
-27 80
-27 189
-26 -146
-25 -123
-24 178
-23 172
-22 -38
-22 136
-20 -55
-20 7
-20 192
-19 -93
-18 -71
-17 -84
-17 150
-16 -68
-16 154
-14 109
-13 -67
-10 -86
-10 153
-7 -65
-7 22
-7 27
-7 53
-6 -175
-5 45
-5 135
-4 -173
-4 -169
-4 26
-3 -77
-1 199
0 13
1 -33
1 -4
1 187
2 -11
2 78
3 -6
3 163
4 -84
4 37
5 -112
6 -120
7 7
8 -200
8 148
8 175
9 37
9 73
10 -94
11 -72
11 43
13 18
13 112
14 -159
14 -91
14 -6
15 -77
15 133
16 38
17 -94
17 7
19 -182
19 84
19 129
22 -116
22 -114
22 56
22 80
24 -46
24 191
25 122
26 15
26 138
27 -67
28 28
32 -88
33 -79
33 -21
33 145
34 -95
34 -55
35 185
36 125
36 195
37 -144
37 -26
38 -25
39 -52
39 -16
40 -70
40 12
41 96
42 -196
42 17
45 -135
45 -60
46 -103
46 -57
49 61
49 159
51 -61
51 -24
52 -52
55 -22
57 7
57 103
58 -126
58 -21
59 -29
59 79
60 -166
60 -146
61 -185
61 -166
62 128
63 -41
63 -35
63 120
63 146
65 -112
65 7
65 39
70 -47
70 128
71 -160
71 117
72 -139
73 -180
73 118
74 162
78 -77
79 -179
79 138
80 -184
80 149
80 197
87 83
87 114
88 -51
90 179
91 -119
91 -86
91 45
91 106
91 142
91 186
92 185
94 -169
97 110
98 -116
98 23
98 77
99 -45
99 94
100 -108
101 1
102 -109
105 -167
105 -146
106 134
109 27
109 127
110 -105
112 32
113 89
114 -49
115 187
118 -196
118 -163
118 -51
118 185
120 -6
120 110
120 164
121 100
121 114
121 192
122 -166
122 -70
122 15
123 -61
125 -5
125 16
126 51
127 -196
131 -47
131 124
131 147
134 -74
134 35
134 146
136 -178
136 -101
138 54
138 97
140 -125
142 -31
142 16
142 105
145 -145
145 -7
145 -6
146 -185
146 18
146 71
148 109
150 54
151 -136
152 -103
152 22
153 -131
153 -71
153 28
155 -179
155 22
155 95
156 -170
157 -194
157 -101
157 36
158 -195
158 -87
160 -127
160 8
160 62
162 93
162 179
163 -141
165 -78
166 -146
166 -80
166 23
167 -35
168 -142
170 52
171 112
172 -10
173 -184
173 -111
173 -20
173 99
173 152
175 -128
176 -112
177 105
178 -23
179 191
180 -189
181 -121
182 -118
182 104
182 192
183 150
185 55
186 -198
186 -138
187 94
187 129
188 -127
188 80
189 -166
190 -200
190 -194
190 -82
191 -41
192 179
194 147
195 -156
196 -76
197 -21
197 175
198 137
199 -10
199 21
