700
0 0
-545 461
-542 1
-542 221
-539 -298
-539 541
-537 -203
-536 -85
-536 525
-532 -497
-531 -68
-525 -156
-525 217
-523 -443
-520 33
-518 -450
-517 -535
-515 -36
-514 113
-512 309
-509 -206
-506 45
-506 121
-505 -448
-505 -1
-505 67
-505 91
-505 168
-504 -339
-504 142
-503 -364
-503 -68
-499 -440
-499 -407
-495 69
-495 77
-494 209
-492 -159
-486 -90
-485 230
-484 360
-484 444
-482 -36
-481 -221
-481 519
-478 -402
-478 23
-477 -369
-476 -291
-475 -465
-474 380
-471 258
-469 152
-468 -7
-466 -547
-466 73
-466 374
-464 146
-463 -271
-462 -342
-461 283
-459 -118
-459 180
-459 262
-457 -268
-455 261
-454 119
-454 519
-452 -386
-450 -324
-447 178
-445 341
-443 -531
-443 -367
-443 368
-442 335
-441 -251
-439 -185
-438 -313
-437 420
-435 -340
-434 -102
-434 292
-433 -543
-432 357
-431 -398
-431 -283
-431 -128
-430 -94
-427 -152
-427 80
-425 -111
-424 -264
-424 230
-422 -262
-420 -61
-420 112
-419 -314
-417 -112
-415 -393
-413 -13
-408 -100
-408 234
-404 -178
-404 -170
-400 -422
-397 -508
-397 -80
-392 -231
-391 -280
-390 -155
-389 10
-389 368
-387 445
-385 346
-379 40
-378 136
-377 -523
-377 300
-376 247
-375 -21
-374 -409
-374 -291
-365 -310
-365 168
-364 -446
-362 508
-361 27
-361 32
-360 303
-359 -463
-359 -337
-358 392
-357 -413
-356 513
-354 513
-353 495
-352 24
-350 508
-349 -59
-347 -490
-346 -356
-346 -334
-346 477
-345 -499
-343 -177
-343 214
-340 542
-338 515
-337 375
-334 127
-333 -77
-331 22
-329 150
-325 -277
-324 -435
-324 206
-324 245
-324 405
-323 190
-322 -298
-322 431
-321 437
-314 -545
-314 -292
-313 -235
-313 -183
-313 -107
-312 -465
-312 -378
-312 510
-311 -516
-305 54
-305 391
-304 246
-303 -143
-300 -380
-300 249
-300 442
-298 -111
-298 89
-297 -266
-297 488
-295 -530
-295 -270
-294 207
-292 201
-291 -416
-290 -346
-284 -496
-282 -79
-279 310
-276 434
-275 -476
-273 -342
-272 405
-271 -501
-271 369
-270 -116
-270 71
-270 224
-268 -439
-268 38
-266 -309
-265 59
-263 -392
-261 -26
-260 -440
-260 25
-255 -165
-254 537
-250 246
-249 92
-247 176
-246 130
-243 164
-238 -432
-237 194
-230 300
-230 468
-228 395
-225 109
-223 -366
-218 -419
-217 -359
-215 -320
-213 268
-212 -184
-209 547
-208 -427
-207 473
-203 267
-203 508
-201 -501
-200 -501
-200 188
-198 -20
-197 -301
-196 259
-195 5
-195 289
-194 475
-189 -308
-189 -133
-188 322
-188 329
-181 -477
-181 -447
-177 -549
-176 -198
-176 358
-175 -487
-173 -280
-172 -149
-168 -275
-167 309
-163 -543
-162 107
-162 493
-160 -546
-159 475
-154 364
-154 482
-152 251
-149 -511
-147 100
-146 -513
-141 -109
-140 120
-139 -302
-139 -174
-139 -169
-137 -299
-137 442
-136 203
-134 282
-133 -517
-132 134
-132 369
-131 -383
-131 251
-130 411
-126 119
-123 410
-122 -34
-122 257
-119 -96
-116 -141
-116 165
-114 93
-112 -265
-109 415
-108 398
-106 -462
-106 -23
-106 385
-104 -486
-104 -5
-103 321
-99 -451
-97 420
-96 -8
-94 115
-92 -391
-92 -30
-91 398
-90 203
-87 16
-87 507
-83 368
-82 -548
-82 1
-81 392
-79 0
-76 517
-74 -243
-73 -110
-73 85
-72 -134
-69 -515
-69 -67
-69 547
-68 359
-66 470
-64 192
-63 -199
-61 216
-61 313
-57 -513
-57 -402
-57 -203
-57 490
-53 -166
-49 -273
-48 -442
-48 120
-48 383
-47 -303
-45 534
-44 -524
-44 -23
-43 -45
-39 -162
-36 150
-35 -210
-34 507
-32 157
-31 -538
-29 -345
-26 186
-18 -324
-18 -279
-12 -77
-11 -462
-11 464
-7 139
-4 509
-3 37
-2 -156
-1 315
2 87
2 345
2 374
3 192
8 -142
8 387
12 118
13 -345
13 255
13 494
14 530
16 110
23 102
24 -413
24 329
25 -427
26 -224
29 184
30 234
32 -332
32 -324
33 -399
38 -153
39 -114
40 -204
41 238
41 414
42 -333
45 -60
46 49
49 -25
51 513
53 -361
54 -338
55 -54
56 106
60 -7
61 -315
62 -424
64 178
65 196
67 172
68 -216
68 -180
68 464
70 -82
74 -114
74 184
75 -327
75 221
78 300
80 446
93 -228
94 326
100 253
102 -120
104 334
106 76
106 216
109 -330
109 158
110 41
111 218
113 -432
113 -407
114 -483
117 -532
118 -203
118 19
121 -324
121 -85
122 354
123 -23
125 -6
128 79
131 379
133 -96
138 25
138 402
142 -167
144 -482
146 -47
146 397
147 -485
148 129
152 2
155 -25
161 -148
163 478
164 242
167 -23
168 -101
170 -483
171 -110
174 535
175 234
176 -337
177 -234
179 -531
180 -489
186 -436
187 215
188 90
188 156
191 -253
191 112
194 88
194 113
194 338
195 -228
196 -444
196 -114
205 -87
207 -455
209 -335
209 81
210 -120
210 382
212 473
213 462
217 321
218 -139
218 -110
221 -525
224 -263
225 -367
225 -217
226 -363
226 -326
229 261
231 -435
232 -238
232 529
234 209
234 367
237 -510
242 -146
243 510
244 -373
245 331
248 -45
250 -77
251 -257
251 205
252 -130
253 441
254 -123
254 328
259 -3
261 375
262 531
263 -414
263 42
263 165
266 547
267 -89
267 149
267 257
270 -393
271 373
272 519
273 -6
273 104
275 -502
276 77
281 -466
283 -471
283 -345
287 186
287 515
292 230
293 -262
293 155
294 -39
296 309
298 -460
298 525
304 -330
304 207
304 528
307 -203
307 87
309 447
311 -503
312 188
312 423
319 80
321 -233
323 492
325 197
325 528
327 514
329 397
332 -520
332 -123
335 273
336 322
339 -172
341 -25
344 -132
345 -163
348 164
349 -355
350 -528
352 145
355 -149
357 -194
358 -326
358 124
359 500
365 -492
366 384
367 -86
367 327
368 -97
368 28
369 -312
370 -47
370 104
371 406
372 -458
372 -242
372 -147
373 -531
373 152
373 262
381 -51
383 -270
385 233
386 -326
387 530
388 -459
389 -203
392 -6
392 129
392 348
397 119
403 -111
403 136
406 -299
408 -255
410 171
411 -180
413 148
415 -66
418 -250
419 540
421 535
422 467
424 181
426 -395
426 1
428 -511
428 383
430 443
431 -429
433 135
433 260
435 491
436 -2
437 478
438 -394
438 155
440 335
440 447
441 1
443 -108
445 -223
446 -374
446 -251
446 53
448 213
449 -452
449 -149
450 259
450 429
453 -425
453 -412
453 92
453 302
454 508
457 278
458 -206
464 108
467 279
472 -186
473 -142
474 142
475 448
477 287
479 -470
479 -196
480 397
486 -289
487 280
487 417
488 -78
488 347
489 163
490 -185
490 180
490 229
491 -141
495 185
500 -191
500 -56
502 492
504 325
505 -469
505 102
506 -36
506 195
506 371
511 -384
513 -303
515 -240
518 142
518 409
521 -222
521 307
522 119
523 341
523 428
523 473
525 -168
529 298
531 -326
534 106
534 421
535 527
537 62
538 -119
539 125
540 -449
540 330
540 472
541 -151
543 369
546 -56
546 286
547 -192
