300
0 0
-347 -44
-347 200
-347 227
-345 99
-345 146
-344 126
-344 173
-344 207
-342 292
-334 -247
-334 106
-333 -212
-331 -315
-331 13
-331 302
-323 -306
-323 -177
-323 106
-321 -129
-318 140
-312 134
-311 -258
-311 270
-310 -22
-309 107
-306 -53
-302 -159
-302 249
-298 299
-297 -190
-297 -138
-297 298
-296 251
-290 255
-289 213
-286 -145
-282 -349
-280 -153
-279 335
-276 -25
-276 337
-268 -57
-268 286
-266 343
-264 175
-258 -312
-258 -89
-256 180
-251 -54
-246 233
-243 250
-226 -290
-223 37
-221 -138
-219 161
-217 277
-213 -192
-213 62
-205 302
-203 204
-201 -304
-197 -30
-184 147
-175 110
-171 -301
-165 43
-164 89
-159 -25
-158 -344
-158 -120
-153 78
-151 -284
-148 210
-146 -169
-145 -317
-140 221
-139 191
-134 53
-134 177
-129 280
-128 277
-126 -162
-125 -57
-124 -190
-119 -197
-116 -154
-116 331
-115 231
-115 266
-112 144
-110 59
-106 -326
-105 -324
-105 -80
-102 83
-98 6
-93 -223
-93 -113
-91 -208
-85 84
-85 264
-84 4
-82 -339
-82 347
-78 -96
-75 -102
-64 239
-63 336
-61 -337
-61 320
-60 -199
-60 -116
-56 179
-52 -288
-51 31
-49 225
-41 -188
-40 -250
-38 -221
-34 -46
-34 239
-32 -208
-31 -105
-26 -125
-25 -126
-24 -144
-23 -174
-20 175
-17 -171
-16 -157
-16 55
-16 154
-15 95
-14 -224
-13 224
-7 -233
-7 252
-6 -333
-5 -183
0 147
3 -23
3 342
4 267
7 -215
7 95
10 -183
10 181
11 293
19 16
20 -94
21 11
23 -148
31 -150
33 100
35 38
37 -260
42 -281
43 347
45 14
45 204
45 268
47 -143
49 232
50 -135
52 -33
53 55
54 -346
55 155
57 -134
57 -97
61 -255
67 -97
68 -333
68 253
69 162
71 -146
73 -245
74 82
75 -287
81 -26
84 -184
87 166
89 44
91 -32
95 104
101 -335
102 -299
105 -265
110 62
112 -348
113 -104
114 14
114 59
116 94
118 348
121 -218
122 -270
133 -20
135 7
144 142
145 223
147 -248
151 6
151 127
152 -135
152 -120
156 -189
158 -259
159 -131
159 321
164 228
167 65
168 -188
171 -242
173 -71
174 -130
174 311
176 -168
177 87
177 322
178 -263
178 310
179 152
181 -155
182 210
190 -291
192 312
195 -121
195 31
197 127
200 309
203 -243
203 -163
203 -62
205 206
206 110
208 325
211 -43
216 -25
222 11
224 -56
226 37
232 -88
232 -26
232 19
234 194
235 157
236 -259
236 -250
237 -284
238 -232
238 218
241 131
242 -164
242 79
247 -326
254 -226
255 172
258 -245
259 -193
263 -144
263 198
266 -176
266 245
267 -52
267 24
267 215
270 32
272 -167
274 -145
274 -108
277 -298
278 -168
283 -294
287 342
293 -25
294 217
297 96
298 -217
298 105
300 143
302 -338
302 -307
302 192
308 134
308 342
309 -194
313 108
313 130
318 348
319 -141
320 327
336 -47
338 -128
338 187
340 -329
343 109
346 0
347 -81
349 -203
