200
0 0
-199 -24
-194 94
-192 111
-191 -39
-188 98
-184 18
-177 54
-175 -9
-174 68
-173 -200
-173 -114
-171 -161
-171 -137
-168 123
-167 160
-164 -191
-163 -81
-161 -141
-161 -76
-161 6
-160 76
-160 169
-159 -36
-149 46
-148 -96
-148 123
-147 50
-146 -8
-145 -153
-144 -162
-138 32
-138 110
-137 117
-135 54
-133 -161
-133 -88
-133 -72
-130 -139
-130 87
-124 65
-124 127
-123 126
-122 -170
-120 158
-117 139
-113 -127
-108 -47
-107 83
-105 -99
-104 176
-101 -34
-99 104
-95 87
-94 -154
-94 -151
-93 183
-91 70
-86 47
-86 101
-85 9
-82 -147
-80 9
-79 -166
-79 -151
-77 83
-73 4
-72 51
-66 -2
-66 116
-64 -110
-64 58
-56 -177
-55 -115
-55 155
-54 -133
-53 -37
-49 196
-46 37
-44 13
-43 180
-42 81
-40 21
-40 116
-39 -36
-34 -76
-30 8
-30 145
-27 -2
-25 46
-22 -165
-21 -161
-20 -100
-19 198
-18 -200
-18 49
-16 92
-16 102
-15 -177
-14 -74
-13 -144
-10 -66
-6 -70
-5 21
-2 183
0 -54
1 145
3 -38
6 34
14 19
15 -167
15 -30
15 64
18 -70
21 -103
27 -46
33 52
39 -21
45 126
46 51
49 140
51 -135
51 177
53 106
53 131
58 142
59 59
62 72
63 -178
64 -46
64 147
65 26
67 137
72 -96
72 51
79 -180
82 -54
83 -92
84 -147
86 -190
88 34
89 -37
89 136
91 73
92 -189
94 -75
94 119
97 -198
100 -184
100 81
101 18
102 -72
105 34
108 -109
108 6
109 -193
110 -68
110 -15
110 141
112 -130
112 -45
116 31
117 -13
118 -71
122 198
124 164
124 185
127 91
129 76
129 128
130 -29
134 -124
135 -80
135 -4
138 -15
139 171
147 102
150 23
158 101
160 186
162 113
163 38
164 -118
165 -191
165 43
167 -22
168 -161
168 92
170 -121
173 -102
174 106
175 122
178 165
180 -193
188 -119
189 151
191 -123
191 145
193 167
197 149
198 -23
