500
0 0
-450 -230
-449 -387
-448 -346
-440 -72
-439 -266
-439 -34
-439 393
-438 -278
-436 -192
-436 343
-429 -258
-429 34
-427 -357
-426 -21
-426 230
-426 434
-425 -359
-425 -255
-425 -73
-422 28
-421 45
-419 -215
-418 -160
-418 431
-417 -411
-415 178
-413 426
-411 -319
-409 -250
-406 334
-404 -234
-403 -420
-402 -128
-402 84
-400 164
-399 -344
-396 -12
-395 -254
-392 207
-392 390
-392 407
-390 5
-389 -299
-389 -281
-389 -13
-386 87
-384 85
-383 -84
-378 -188
-378 22
-378 378
-376 -139
-375 306
-374 -314
-373 -356
-371 289
-370 144
-369 -53
-369 -29
-368 421
-366 -120
-364 435
-362 101
-361 -422
-361 -127
-361 334
-356 -365
-356 75
-353 -142
-353 -106
-352 -305
-352 -98
-352 404
-351 -437
-349 -438
-349 399
-344 -99
-342 430
-338 -268
-336 236
-335 65
-334 222
-330 2
-325 -182
-325 -108
-323 -364
-322 42
-318 -64
-316 -332
-314 -219
-314 60
-313 -134
-307 -342
-306 367
-304 -448
-302 -332
-301 -340
-301 -278
-300 -352
-294 26
-293 346
-291 111
-290 -295
-289 371
-288 -149
-288 426
-287 446
-286 -366
-283 -351
-283 -242
-281 159
-280 -212
-280 -85
-278 -406
-275 -247
-274 -438
-272 65
-269 -172
-269 29
-269 377
-266 -206
-264 412
-262 239
-259 393
-256 230
-255 29
-251 366
-250 -429
-242 246
-237 57
-237 247
-236 -327
-235 -220
-233 -407
-233 2
-233 407
-232 355
-229 392
-227 -382
-222 347
-216 -310
-214 -321
-212 29
-212 64
-212 242
-209 -186
-207 140
-205 -388
-205 -88
-205 132
-205 194
-202 -350
-198 190
-197 -153
-196 -190
-196 127
-193 330
-191 181
-189 -357
-185 -429
-185 -413
-183 -104
-182 -295
-182 70
-182 99
-177 281
-171 215
-170 270
-169 -223
-169 275
-167 -15
-166 18
-162 60
-161 -6
-161 60
-161 80
-157 -415
-157 -146
-156 289
-155 -279
-153 205
-152 359
-151 -150
-150 23
-147 105
-144 -194
-144 102
-142 33
-137 -355
-136 61
-135 92
-134 247
-129 93
-129 329
-126 -48
-125 61
-122 97
-120 -263
-120 441
-117 279
-116 128
-116 314
-113 -157
-113 14
-113 180
-109 -39
-104 -229
-104 116
-101 -363
-96 303
-95 -81
-94 -342
-91 270
-90 223
-90 326
-82 -185
-81 -224
-81 430
-80 -57
-80 433
-78 32
-77 -417
-75 175
-74 -378
-71 -264
-71 -45
-69 -38
-66 96
-63 298
-62 -413
-61 78
-60 -314
-57 273
-55 343
-47 179
-45 -50
-43 339
-40 295
-39 -347
-38 278
-38 317
-37 413
-36 125
-29 19
-26 -279
-20 -441
-20 -284
-20 -97
-19 -441
-18 -134
-17 90
-17 103
-15 -185
-12 -24
-9 114
-8 -160
-4 9
-2 -134
-2 66
0 -30
1 357
3 -439
3 130
4 398
5 -87
7 -265
8 -349
9 -248
10 265
11 -83
14 -35
15 154
16 -418
17 107
17 125
18 267
21 -335
24 345
27 162
30 -9
30 20
36 -175
36 192
36 292
38 97
41 28
43 275
49 145
52 -438
52 355
55 -443
60 18
61 -394
62 -213
64 189
66 102
66 291
68 56
70 -248
72 -396
72 -80
74 101
74 235
75 2
76 -29
77 -212
78 82
78 229
80 262
82 -200
83 -185
83 104
86 411
87 -299
87 -269
88 57
88 446
89 -280
93 -278
95 128
96 33
96 273
98 -2
100 243
101 -64
101 418
102 -29
102 323
103 -203
104 212
105 172
107 -94
112 -414
112 -253
114 67
115 -184
115 358
115 370
115 442
118 69
121 280
122 -175
122 40
124 4
126 -258
127 -309
129 -241
129 -96
131 412
132 280
133 175
135 213
138 321
140 -142
143 -367
144 297
145 -221
153 -141
156 222
157 22
159 -205
160 -322
161 151
162 428
168 55
169 -90
169 268
170 -254
170 -124
174 361
182 113
185 -448
186 -126
192 -64
193 -46
195 -390
196 -161
196 299
199 45
200 -60
203 -16
203 40
203 265
208 -369
212 447
213 110
214 246
214 340
219 27
220 447
221 -207
222 -137
229 -170
229 227
230 -259
230 208
234 -179
234 153
235 -300
237 -323
237 348
238 -350
238 169
239 -18
243 -200
244 314
247 -157
248 -13
252 -177
253 -418
253 29
255 -161
256 -46
259 -382
264 -399
264 44
265 -418
268 -449
274 -8
275 -92
275 -2
276 368
278 312
280 344
284 -435
285 220
285 303
285 372
290 -14
291 112
292 143
294 182
296 -162
296 429
301 -348
302 -309
304 -388
307 14
312 125
314 -328
314 431
319 -93
320 180
321 383
322 -286
323 -415
324 425
326 -303
326 -171
329 336
331 222
333 -448
334 -395
334 -350
337 -317
339 -66
340 -323
348 -424
352 -367
352 32
352 78
355 288
357 318
359 423
361 -152
362 -146
363 244
377 398
378 -24
380 -150
383 -345
386 -209
386 287
386 406
388 -34
394 226
403 -375
405 298
406 -63
406 56
411 -193
416 -299
418 -302
420 337
423 129
427 318
428 -390
429 337
431 -446
431 381
432 -280
433 48
434 111
438 -252
438 -150
441 296
442 -20
443 318
443 350
448 138
