700
0 0
-545 -468
-543 383
-543 516
-540 -409
-538 -449
-536 464
-534 546
-530 -419
-530 150
-529 328
-528 539
-525 -89
-524 219
-524 222
-523 -513
-523 -433
-523 -313
-523 411
-522 397
-521 -139
-519 -69
-517 286
-516 280
-515 423
-514 486
-512 -550
-512 168
-510 -243
-510 302
-510 380
-505 -234
-504 -461
-504 -86
-503 -128
-502 197
-500 -75
-498 -324
-497 232
-496 -440
-496 -435
-495 -497
-495 -453
-495 -341
-493 -532
-492 548
-491 -479
-487 369
-486 488
-485 -224
-484 -367
-484 -312
-482 -384
-482 10
-478 -149
-477 484
-471 -316
-471 56
-468 -122
-461 -427
-457 -74
-456 369
-455 404
-453 30
-451 -461
-451 169
-450 449
-449 -289
-447 -419
-445 499
-444 297
-443 -192
-439 -326
-437 -170
-436 138
-436 311
-430 495
-428 -11
-421 -496
-415 -391
-414 501
-413 -109
-412 -166
-411 -333
-411 531
-410 194
-409 116
-408 -234
-408 62
-408 252
-407 178
-407 296
-406 287
-404 -37
-403 -194
-403 -12
-403 151
-403 280
-401 199
-401 375
-399 -201
-399 -54
-398 123
-394 -544
-391 527
-389 327
-387 77
-383 -373
-383 -122
-383 58
-382 -340
-381 345
-376 -35
-375 204
-374 435
-373 236
-372 -85
-368 156
-365 351
-364 540
-354 -109
-352 -376
-352 -80
-351 -130
-351 69
-350 -428
-349 66
-349 530
-348 -508
-346 -244
-346 293
-344 506
-343 21
-342 227
-339 380
-333 -262
-331 475
-326 -402
-325 -197
-321 -3
-318 188
-317 -265
-313 8
-310 -19
-308 -191
-305 -368
-304 152
-301 -226
-301 -218
-300 224
-299 -482
-294 275
-293 525
-290 253
-287 -169
-284 -176
-283 506
-282 96
-277 318
-276 -347
-276 143
-272 -442
-272 15
-272 177
-272 229
-270 -372
-270 111
-269 533
-263 -532
-263 323
-262 78
-257 -199
-255 322
-251 -362
-250 -95
-249 349
-247 -140
-246 -452
-244 -144
-244 214
-241 -461
-240 -417
-240 527
-238 544
-237 -125
-236 -365
-236 -157
-236 312
-234 275
-229 -331
-228 314
-226 -427
-225 -206
-222 237
-222 470
-221 -281
-221 386
-220 -330
-220 466
-215 314
-215 423
-209 -175
-209 328
-207 12
-205 -212
-204 -258
-204 60
-202 -236
-202 288
-200 -39
-198 -473
-196 151
-195 -1
-191 -282
-191 375
-190 76
-187 300
-185 -357
-184 -351
-184 529
-182 -150
-182 -32
-179 -457
-179 -456
-179 -373
-179 -232
-179 -89
-178 -59
-178 -37
-178 -27
-178 537
-177 532
-176 -368
-176 180
-174 340
-172 -9
-171 199
-171 320
-170 38
-170 268
-170 336
-166 489
-165 232
-162 153
-161 -492
-160 -439
-160 447
-159 36
-159 198
-158 79
-156 -353
-155 111
-154 -65
-154 274
-153 -474
-151 -323
-151 110
-151 221
-149 -96
-146 -146
-138 -246
-137 166
-137 341
-135 260
-135 459
-134 472
-131 239
-127 -94
-126 -122
-126 124
-126 395
-124 -307
-123 -546
-123 435
-123 447
-120 100
-119 251
-115 516
-114 -495
-111 -127
-109 -540
-108 -38
-108 519
-105 287
-102 22
-100 42
-98 243
-95 -188
-95 318
-95 437
-91 -130
-91 115
-91 387
-90 -342
-90 115
-90 383
-89 -96
-89 138
-87 369
-86 262
-86 373
-85 -221
-85 319
-82 223
-81 -56
-80 -187
-79 -529
-75 115
-75 138
-75 220
-72 -292
-71 -446
-71 -10
-69 -284
-69 433
-66 -114
-66 82
-66 330
-65 111
-65 185
-54 -65
-53 -525
-53 -338
-52 -328
-51 245
-50 -531
-49 180
-48 542
-46 -219
-44 60
-39 404
-35 -533
-35 -198
-34 -287
-32 123
-32 131
-28 12
-28 530
-27 -308
-27 -283
-25 396
-24 -284
-23 -204
-22 -146
-19 -544
-19 258
-18 369
-17 -525
-16 425
-15 418
-14 -546
-14 -524
-13 -370
-12 126
-11 -137
-10 -460
-9 -195
-9 -47
-9 461
-8 -35
-4 -497
-3 -339
-3 -199
-3 -156
-2 407
1 -15
6 409
7 254
8 -116
8 278
8 512
10 -519
12 433
17 -260
18 -79
21 411
24 -458
25 198
27 -337
34 -405
34 -155
35 108
36 -268
41 346
42 -67
42 140
43 104
46 -272
51 -69
51 88
52 -161
52 -109
52 347
53 -459
54 -245
54 440
55 -286
55 -106
56 182
58 -161
59 365
60 293
62 -536
62 403
63 -28
65 61
66 164
69 178
70 -138
72 175
76 133
77 -131
77 185
78 -457
78 -87
79 -194
84 356
85 349
85 450
86 -531
86 -407
86 -120
91 392
92 -480
93 72
94 463
95 -496
99 -295
102 516
103 301
104 372
106 -236
108 511
109 -219
109 375
113 -417
113 -294
113 -264
113 -106
113 16
114 162
114 308
116 84
117 271
119 319
120 -257
120 -158
120 108
121 66
124 183
125 -260
126 -387
128 331
129 184
130 43
135 137
139 270
140 101
140 144
140 454
140 463
143 -116
151 -173
152 -172
153 -505
153 49
153 221
154 -139
154 -59
154 283
155 92
158 -67
166 447
167 10
167 128
168 -104
169 -450
172 17
173 -353
177 290
178 -328
183 221
183 266
183 342
184 -254
187 309
189 435
190 -519
190 -37
191 -525
192 -179
194 389
195 -329
195 -282
195 468
197 -476
197 230
201 -100
203 157
207 403
208 516
210 -113
211 -201
213 404
213 429
214 -151
218 33
218 229
221 -384
226 -413
227 -145
228 -368
228 436
229 -429
230 -147
230 -51
232 -18
235 -152
242 -209
243 -196
244 -449
244 181
245 255
245 548
246 -417
256 387
256 409
257 -431
258 -359
258 -67
259 -189
261 -372
262 393
263 21
264 529
265 66
268 318
271 285
274 -132
275 283
276 225
276 324
277 2
278 217
279 434
280 -211
282 -128
283 91
283 248
284 -225
292 -528
292 186
294 -19
296 -359
297 -180
298 -300
299 312
299 467
300 -13
307 -195
309 -71
309 -6
312 103
313 -387
315 -356
316 -91
316 317
317 -18
318 -457
319 547
320 440
323 -161
323 489
326 56
327 477
328 511
329 540
333 -499
333 251
334 -482
334 -61
334 356
335 -474
339 149
340 -346
340 491
341 120
341 132
343 -491
344 -120
349 29
349 203
353 -109
353 363
355 -367
356 -271
356 157
356 458
357 292
359 204
359 309
363 -83
364 -415
364 -74
368 -333
368 387
371 -532
373 -205
373 -96
374 -546
374 66
378 120
378 484
382 90
382 196
383 350
385 -413
386 203
392 -143
393 -70
394 24
395 276
398 -439
399 421
400 116
402 96
404 465
405 -497
405 24
406 -495
409 -500
410 -403
410 -307
411 -448
412 -289
412 -265
417 -225
417 -3
423 -544
426 -274
426 73
426 487
427 -286
428 -267
428 216
429 449
432 320
436 -388
437 216
438 -479
442 195
446 39
446 511
447 -367
448 -470
452 9
452 482
456 -93
456 332
457 -236
459 122
460 385
463 203
464 201
468 84
470 -211
471 -290
471 205
472 -448
472 253
475 216
476 237
478 -185
481 -129
484 145
485 255
488 -70
489 157
495 35
499 -89
503 -280
509 272
514 358
515 460
517 -465
519 -513
527 489
529 -22
530 -355
530 -329
531 260
532 -463
532 267
533 112
535 61
536 -364
538 400
539 322
540 199
541 212
542 542
