700
0 0
-550 -242
-549 340
-545 275
-539 236
-537 -73
-537 133
-536 -479
-536 77
-535 -251
-535 360
-535 521
-534 -482
-534 -39
-530 528
-529 -511
-527 -334
-523 -478
-523 -248
-523 114
-521 -29
-518 11
-518 225
-517 -160
-517 467
-516 -43
-516 107
-516 446
-512 22
-511 -424
-511 -9
-510 282
-509 270
-507 163
-503 -402
-501 -452
-500 -192
-499 519
-498 -250
-492 391
-492 484
-487 228
-486 -351
-484 362
-483 -384
-482 -338
-481 -246
-481 61
-480 -519
-479 -484
-479 231
-477 -323
-476 -342
-476 107
-470 210
-469 -442
-469 26
-469 379
-467 -369
-465 -347
-464 538
-461 -133
-459 -310
-458 76
-455 -378
-454 -242
-450 -197
-449 -401
-448 321
-448 413
-444 -322
-442 52
-435 480
-434 -196
-434 31
-430 -208
-429 -143
-428 -42
-428 258
-427 -147
-427 390
-426 -522
-425 -434
-425 105
-424 -118
-423 -248
-422 19
-420 -477
-417 216
-417 295
-416 -530
-415 -389
-414 195
-411 266
-410 -486
-409 463
-405 -188
-403 26
-402 -522
-402 -393
-400 499
-397 -67
-394 -297
-393 367
-393 409
-390 -159
-389 -334
-389 70
-389 421
-388 331
-387 220
-383 -538
-378 -428
-376 -340
-375 508
-374 -511
-374 81
-372 -239
-371 294
-370 113
-369 210
-366 -317
-362 -455
-362 -141
-362 -130
-361 -466
-356 -365
-355 26
-354 468
-351 180
-351 456
-350 -27
-349 334
-347 58
-346 -490
-346 511
-345 251
-345 283
-344 64
-342 -311
-341 -182
-340 91
-338 -75
-336 -205
-334 -403
-332 250
-330 140
-329 539
-325 -445
-324 -473
-321 13
-319 152
-316 -447
-311 -321
-311 103
-311 137
-311 457
-310 183
-309 394
-308 -346
-305 385
-304 228
-303 -55
-302 -154
-300 -505
-300 -473
-299 -331
-295 -57
-295 158
-294 -80
-293 13
-292 -238
-292 -68
-288 275
-286 -482
-284 175
-283 1
-275 -265
-270 450
-269 -88
-264 496
-263 -415
-258 -363
-257 24
-256 156
-256 538
-255 386
-254 -444
-253 -50
-251 -212
-251 506
-250 -402
-250 50
-250 100
-248 173
-247 -483
-247 303
-244 209
-243 439
-240 0
-232 -136
-229 -16
-227 493
-224 13
-222 -337
-222 134
-221 491
-220 437
-218 392
-216 -524
-216 436
-213 77
-212 -26
-212 93
-212 393
-208 -150
-206 499
-202 -484
-202 -77
-202 536
-201 448
-200 -201
-199 288
-198 534
-196 -460
-196 -94
-193 -383
-192 -298
-190 -501
-188 -25
-188 257
-187 -168
-184 -251
-178 10
-177 54
-173 22
-168 -446
-163 -538
-163 -388
-162 -6
-161 -324
-161 24
-159 -201
-159 468
-158 -163
-158 415
-157 -212
-156 -487
-154 -531
-154 411
-153 -452
-153 -270
-152 542
-149 -263
-148 -384
-147 -194
-146 232
-145 141
-142 -136
-139 -495
-139 -63
-139 128
-138 -102
-138 -24
-136 448
-135 -356
-131 -481
-128 103
-127 -268
-123 254
-120 336
-118 19
-118 519
-116 -542
-116 -14
-114 -232
-109 -433
-102 465
-99 9
-97 160
-92 -142
-90 429
-89 426
-88 -279
-87 -192
-82 -368
-81 -548
-80 -522
-80 -334
-79 425
-78 41
-78 164
-76 -73
-75 392
-74 6
-73 116
-72 -254
-72 262
-69 422
-69 479
-65 469
-64 -57
-62 -521
-62 -208
-61 479
-56 -274
-55 -321
-54 -452
-48 -252
-46 -227
-46 -130
-46 546
-45 148
-45 250
-42 -515
-39 16
-39 516
-38 -72
-36 78
-34 -425
-32 -150
-31 127
-29 207
-28 -479
-26 -33
-23 345
-22 183
-19 200
-19 266
-18 -347
-18 -143
-16 -284
-8 333
-7 -292
-7 387
-7 497
-6 303
-3 409
-2 -426
-2 -3
-2 306
-1 189
2 137
3 -48
6 -140
13 -255
15 -218
17 186
18 544
20 -525
20 6
20 98
21 344
24 -415
26 394
26 455
31 -445
34 -50
38 425
39 496
41 -26
42 453
44 45
44 427
48 -433
50 -233
50 442
53 -374
53 281
54 222
54 249
56 -413
56 -215
57 415
57 448
58 -139
59 208
60 121
63 3
64 -522
64 424
68 246
68 508
69 -201
70 -508
70 -74
74 518
75 428
76 -145
76 -134
78 -535
79 479
80 297
82 -338
83 538
87 34
88 133
88 291
93 412
94 -324
94 198
95 -486
95 470
96 479
98 -217
99 -505
101 157
103 101
103 194
104 28
105 -21
105 -19
106 -505
106 87
107 -336
107 -176
107 293
111 273
112 402
113 410
116 119
117 -348
122 -170
122 333
124 416
125 -204
125 -54
125 161
126 -410
126 -341
126 109
127 441
128 165
134 380
135 -260
136 -394
137 74
140 -427
142 -510
142 -60
144 365
145 -281
148 78
149 -10
155 -379
155 322
159 -493
159 -422
164 -187
165 147
165 306
166 -435
166 -69
170 81
171 -472
171 161
175 217
178 -311
180 281
181 -121
183 -172
187 -476
188 -320
191 -497
191 128
192 44
193 -158
197 -137
201 -106
202 -411
204 454
205 -195
208 56
208 155
209 374
210 -464
212 -220
215 -283
217 -398
218 -400
221 136
222 -181
222 40
228 -93
228 28
230 192
235 -478
237 133
237 203
237 255
239 -446
241 526
242 255
243 270
247 215
248 189
248 266
249 -244
249 -242
251 -291
252 17
252 197
253 -444
253 256
257 -445
257 322
258 515
262 -53
263 -470
265 235
266 67
268 150
270 483
272 69
274 -262
274 -120
275 88
276 -534
277 -434
277 -308
277 123
277 206
279 -357
280 -505
280 -48
282 260
285 336
286 435
288 106
288 162
290 459
291 -453
291 -406
293 -227
294 -310
297 478
302 23
302 358
303 -80
303 409
304 -166
304 423
305 -435
309 -166
310 3
310 114
313 -115
318 -410
322 174
322 390
323 464
325 27
327 -249
327 12
328 -377
334 -516
334 161
334 386
338 506
345 144
345 362
346 -139
346 -124
346 452
351 201
354 351
357 -57
358 -222
358 -67
358 487
359 -544
359 -438
360 242
360 271
367 -458
369 -69
369 -53
369 530
373 -53
375 42
375 511
377 -400
377 -266
378 536
382 -26
382 68
382 221
384 401
385 -46
386 -418
390 -251
392 -369
393 -547
393 -205
396 140
398 444
399 -143
400 -530
401 523
404 -509
410 -326
410 513
411 62
411 245
412 224
414 294
416 297
417 -347
417 321
418 -339
421 -517
421 -236
421 525
423 -147
426 -111
426 165
434 -411
435 -20
435 35
436 -494
436 512
437 -408
437 -316
442 -154
443 -465
443 62
444 -373
447 289
449 485
450 238
451 212
453 209
456 -492
460 -34
461 54
462 -220
463 -190
464 -215
464 18
467 487
468 -403
468 279
470 317
473 530
474 -439
475 385
476 -409
478 -267
478 204
480 -237
483 -189
483 182
483 403
487 136
488 -167
488 154
488 208
490 295
492 -197
492 199
495 177
501 374
502 -127
504 289
505 -246
505 49
506 -506
506 -15
508 339
509 -411
509 160
509 219
509 418
509 441
511 145
514 74
515 280
515 296
517 404
519 201
524 -6
525 -32
526 -177
527 -393
528 -71
528 527
530 504
531 -356
532 147
534 -303
534 155
534 261
535 111
536 -176
538 3
541 -235
542 -321
544 152
546 -388
548 386
549 -8
