500
0 0
-446 -22
-446 70
-446 265
-446 281
-446 328
-444 252
-442 419
-439 -117
-439 168
-433 47
-431 -95
-426 -119
-418 -20
-417 -226
-417 -186
-416 125
-416 240
-416 315
-413 -390
-413 -301
-406 438
-403 -174
-401 146
-399 153
-398 -198
-396 341
-395 156
-386 -434
-386 -259
-385 228
-383 -420
-377 -230
-376 7
-375 -292
-373 39
-371 -132
-370 -154
-369 -312
-369 432
-368 354
-367 -344
-367 16
-366 88
-364 223
-363 424
-363 446
-362 -268
-360 -369
-359 -164
-357 -200
-357 207
-353 -222
-353 -162
-353 -14
-351 -389
-350 -122
-347 -312
-347 -311
-344 135
-338 -416
-338 211
-335 -194
-333 -128
-333 338
-333 360
-328 -80
-328 263
-319 -13
-318 -282
-312 -389
-308 -70
-306 36
-305 -418
-302 294
-299 -265
-298 -135
-298 117
-297 -175
-294 -70
-294 432
-292 -241
-292 399
-291 361
-289 -309
-288 -344
-287 -17
-286 -294
-285 398
-284 -223
-284 -56
-284 378
-283 -119
-281 163
-280 334
-276 -329
-275 -9
-273 35
-272 -83
-269 -185
-269 244
-266 -64
-264 -427
-263 -5
-262 -381
-256 -131
-254 -271
-253 -114
-252 -248
-250 232
-250 328
-249 -126
-248 -25
-248 369
-246 319
-242 -423
-241 147
-241 229
-236 -312
-236 210
-235 -153
-233 158
-233 188
-230 -425
-229 190
-227 -322
-221 402
-219 18
-217 64
-214 -416
-214 58
-214 172
-211 403
-208 -50
-203 -300
-200 -67
-200 87
-199 -432
-199 -286
-198 67
-196 148
-195 -183
-193 -422
-191 -48
-189 -182
-187 -113
-185 -8
-185 332
-185 396
-184 -253
-184 -110
-184 104
-183 -387
-177 0
-168 190
-164 -250
-164 337
-163 403
-158 -340
-158 103
-157 -238
-157 -234
-157 402
-155 287
-154 204
-153 21
-153 231
-150 -162
-149 -133
-149 222
-148 -54
-148 -12
-147 136
-144 415
-143 195
-142 -420
-139 -93
-138 426
-137 -266
-135 160
-134 -252
-133 -237
-132 50
-128 -194
-128 -189
-127 -47
-123 -388
-122 412
-121 -119
-111 150
-109 326
-107 -398
-106 172
-106 327
-103 79
-101 384
-101 431
-99 52
-99 148
-97 54
-96 -5
-94 -381
-94 -354
-93 -11
-91 -119
-85 95
-85 264
-84 71
-84 363
-78 147
-75 -186
-70 -178
-69 -392
-66 368
-66 404
-65 136
-63 141
-62 -449
-62 428
-56 -436
-56 280
-55 -203
-54 -285
-53 276
-47 -397
-47 -120
-45 34
-43 222
-42 230
-40 -155
-40 299
-39 415
-35 149
-32 180
-29 385
-27 -410
-24 100
-21 -256
-19 -135
-18 173
-15 189
-15 404
-14 -301
-12 334
-11 397
-10 -53
-9 50
-9 169
-9 287
-5 25
-3 140
-3 155
-1 359
2 391
6 -87
6 290
7 77
7 95
9 122
12 -342
12 -263
18 -85
24 341
27 369
32 -358
36 -448
36 -29
37 -133
37 389
41 431
43 -282
45 -22
50 72
50 99
50 277
50 322
52 -322
54 212
56 347
56 373
60 -211
62 -51
63 -186
64 -404
66 -178
67 -113
70 60
70 385
71 362
75 -298
78 -30
78 266
78 385
79 157
79 327
81 -366
81 74
81 127
82 221
82 303
89 198
91 -340
92 374
93 42
96 -121
97 -65
100 -87
102 -22
103 -432
110 447
111 173
114 -119
117 -432
122 -74
124 -118
125 18
126 -159
127 -108
128 75
128 90
128 217
129 320
130 179
132 330
134 -334
134 446
136 -33
138 -143
145 -412
146 -366
147 -277
147 411
150 -386
150 185
150 377
151 133
152 -70
153 -264
156 -48
157 131
157 139
160 -202
160 363
161 -10
162 -61
166 -350
167 -334
168 367
175 283
177 -320
180 -141
180 33
182 267
185 -32
186 -390
187 -57
188 -313
189 -376
189 -30
189 12
190 53
195 -323
196 227
207 405
213 -261
216 336
220 -140
222 -222
223 -110
224 330
227 310
227 444
228 368
229 37
231 -346
231 -138
232 -186
233 -346
233 -62
234 180
235 -230
235 435
240 -180
240 74
240 229
240 328
241 -70
242 -49
244 166
246 -332
246 394
247 -358
247 -31
249 -300
249 3
251 299
253 34
253 196
255 -119
255 -11
256 -283
257 213
258 17
259 36
260 -386
261 -244
262 95
263 -150
266 447
269 -385
269 -29
271 62
275 -256
275 420
277 -362
278 -180
278 337
279 46
281 -416
282 -146
283 28
284 -50
285 -56
287 -154
287 383
288 -164
293 -89
293 277
294 121
296 -126
297 -108
298 418
299 -262
299 -232
306 -403
312 -290
316 -428
319 337
320 416
322 -317
322 212
323 166
326 142
327 125
330 -343
330 -314
331 58
331 140
333 -101
333 268
337 -90
340 90
341 -52
341 -40
341 245
344 -358
344 353
345 -366
350 -432
352 17
352 58
354 -224
355 350
358 351
363 405
364 147
366 -183
372 -305
375 -180
380 -225
380 192
381 -153
383 341
385 58
387 -32
388 88
393 -380
397 -324
397 166
398 329
403 245
404 -192
405 -170
406 198
407 -349
409 -130
411 236
412 44
414 313
419 -192
426 -251
431 -204
431 217
432 291
437 144
441 -289
444 -126
444 -17
446 19
447 51
449 314
