500
0 0
-200 -116
-200 -88
-200 -12
-200 1
-200 36
-199 193
-198 4
-198 141
-197 -45
-197 91
-197 92
-196 -72
-196 -10
-195 -5
-195 93
-195 172
-194 -48
-194 32
-194 186
-193 -76
-193 47
-192 7
-191 -74
-191 4
-191 189
-190 47
-190 194
-189 -107
-188 194
-187 154
-186 -76
-186 -50
-186 69
-186 100
-185 -56
-183 36
-183 77
-182 -129
-182 15
-182 33
-182 199
-177 31
-176 15
-176 86
-175 115
-174 -136
-174 175
-173 73
-172 -38
-172 182
-170 88
-168 156
-167 -159
-167 160
-166 -47
-165 -162
-165 165
-164 100
-163 -110
-163 -28
-163 180
-162 -188
-162 55
-162 110
-161 -66
-160 -159
-159 -143
-159 165
-159 189
-157 -129
-157 -34
-155 -94
-150 -182
-149 30
-148 -90
-148 20
-147 145
-146 -134
-146 -80
-146 149
-145 -24
-145 60
-141 -63
-140 -152
-140 -73
-140 45
-139 118
-137 159
-136 105
-136 189
-133 -149
-130 -171
-128 -4
-127 180
-126 -56
-126 10
-125 41
-124 -167
-122 -156
-122 12
-120 -74
-119 -172
-117 105
-116 -162
-115 -103
-114 47
-112 -68
-112 156
-112 197
-111 46
-111 136
-109 -74
-109 17
-109 160
-108 -71
-106 -171
-106 -128
-106 -66
-105 -160
-105 -144
-105 -52
-104 -192
-102 -188
-102 135
-100 -26
-99 89
-99 101
-97 -160
-97 -145
-95 110
-94 -89
-93 195
-92 -127
-92 -111
-92 -107
-92 -47
-92 -29
-92 174
-91 -172
-89 -137
-88 45
-87 -135
-86 113
-85 -69
-85 20
-84 -59
-82 -16
-82 79
-82 155
-81 172
-79 -200
-78 -69
-78 57
-77 -115
-77 99
-71 117
-69 91
-68 -44
-67 -158
-67 -147
-67 -116
-67 -14
-66 -143
-66 -108
-65 -60
-65 -3
-64 95
-61 140
-60 164
-59 -145
-59 -29
-58 -49
-58 56
-58 59
-57 -185
-57 -145
-57 31
-57 59
-57 72
-56 -155
-56 -103
-54 61
-54 69
-53 -77
-52 -91
-52 70
-47 144
-46 -191
-46 180
-45 30
-44 137
-43 22
-42 69
-40 -134
-40 15
-40 47
-39 153
-36 173
-35 63
-34 169
-31 -13
-30 -166
-30 64
-30 124
-30 147
-29 105
-28 -138
-28 -107
-28 -101
-28 -65
-28 -20
-28 -9
-28 105
-27 -94
-27 40
-26 -188
-26 -132
-26 -59
-26 177
-22 -104
-21 -143
-21 -118
-21 195
-17 -135
-17 53
-17 88
-16 -136
-15 80
-14 -178
-13 -178
-12 -160
-12 -85
-12 169
-11 144
-10 148
-8 131
-7 -107
-7 125
-6 60
-6 197
-5 119
-5 138
-4 -139
-3 145
-3 163
-2 138
-1 2
1 -1
2 41
3 -146
4 80
4 91
4 188
5 -73
5 33
5 70
6 122
7 -128
7 -28
7 71
10 96
10 119
11 -192
11 -186
11 182
12 -138
13 56
15 19
17 -123
17 -106
17 -94
18 114
19 -40
19 181
20 -62
20 46
21 18
22 147
23 -97
23 22
24 -197
24 -159
24 96
25 -199
25 -64
25 153
28 -124
28 173
30 -97
30 94
33 113
34 -165
35 -171
35 -131
35 43
35 45
37 -4
42 128
45 -141
45 34
46 -112
46 94
47 134
47 151
47 167
48 45
48 124
49 153
49 197
51 13
56 -191
57 5
57 119
59 -175
59 151
60 94
60 101
61 110
62 -176
62 -175
64 -118
64 105
66 -41
68 -135
68 175
69 -137
69 120
69 199
72 0
72 17
73 -97
73 133
73 193
74 -122
74 -54
74 141
75 -103
76 -132
77 -55
77 -18
77 4
78 -186
80 112
81 -168
81 64
82 8
83 -68
84 41
84 65
85 -155
86 -169
88 15
90 56
91 -185
91 -14
92 -78
93 -63
94 -140
95 10
96 -64
97 141
97 189
98 -141
98 183
98 198
100 -87
101 -163
101 -80
102 -115
102 63
103 70
104 -177
105 -134
106 -46
109 -158
109 55
111 -27
113 165
114 -165
114 44
116 -181
116 -122
118 -31
119 -31
119 139
120 -129
120 73
122 -122
122 -73
122 128
125 -111
125 36
126 84
127 -186
127 -104
127 14
127 16
128 -110
128 -13
130 113
131 -81
133 -182
134 0
136 -74
136 71
138 -11
138 188
140 -196
141 -136
142 -197
142 -78
142 112
143 42
144 16
144 193
146 -184
146 -138
147 -129
148 -89
148 143
148 144
149 -128
149 91
150 58
151 -142
151 -125
151 148
152 -56
153 34
155 172
156 1
156 103
157 -47
157 52
157 53
159 -190
161 -31
162 -151
163 8
164 -165
164 -66
164 177
165 -113
166 82
166 161
168 -26
168 68
170 -114
170 -104
170 13
171 -3
171 8
171 135
172 -190
172 -38
173 -172
174 180
176 16
178 -186
178 52
178 70
178 134
179 33
181 -80
182 -78
183 17
184 -114
184 11
184 29
184 62
184 63
185 -86
185 20
185 192
187 169
190 -163
190 -148
190 43
190 85
190 86
190 127
190 131
190 155
191 -24
191 125
191 199
192 -138
192 137
194 -3
194 16
194 178
196 -178
196 16
196 60
196 118
196 178
197 -35
197 183
198 -81
199 -25
