1000
0 0
-650 -176
-648 -426
-637 -59
-637 236
-636 315
-635 -488
-634 -485
-634 -367
-633 -113
-631 -62
-630 -260
-628 -283
-627 -307
-627 240
-626 -492
-626 51
-626 357
-625 96
-624 -275
-622 -636
-622 -504
-622 33
-621 329
-620 -415
-618 -340
-614 -542
-614 2
-613 -147
-611 -499
-610 -638
-609 -432
-608 -6
-607 515
-606 -226
-606 566
-604 -389
-604 9
-601 -431
-599 -171
-598 -352
-598 413
-597 606
-597 615
-596 -529
-595 10
-594 -522
-592 -272
-587 105
-586 54
-584 608
-582 638
-581 -438
-581 -252
-579 395
-577 -296
-574 326
-571 -285
-571 -96
-569 -621
-568 -120
-568 573
-567 68
-565 -69
-562 -519
-562 -196
-560 -245
-560 4
-558 544
-557 -607
-555 -391
-555 -22
-553 411
-549 -316
-549 525
-548 -327
-548 581
-543 627
-542 -561
-541 -394
-541 206
-540 -348
-540 295
-539 429
-538 -530
-538 65
-533 360
-532 507
-531 -297
-530 -415
-524 -140
-522 -624
-522 72
-520 286
-520 410
-518 470
-516 -329
-515 -458
-515 -346
-515 163
-511 -294
-507 -34
-504 -369
-503 398
-502 -494
-502 203
-501 570
-500 487
-499 -240
-497 96
-497 323
-494 -626
-493 -64
-492 634
-488 -458
-487 264
-487 383
-487 486
-486 207
-486 398
-484 -535
-484 638
-483 -586
-483 9
-481 -211
-481 302
-479 -324
-479 208
-478 -388
-477 161
-477 361
-476 -557
-475 -452
-474 -404
-474 -354
-474 199
-472 -539
-472 -365
-472 310
-470 -267
-469 33
-468 287
-467 25
-466 -574
-464 -590
-459 -81
-456 378
-455 -305
-455 -81
-455 272
-453 -326
-452 -76
-450 405
-449 -518
-449 182
-449 379
-444 510
-441 -561
-439 121
-438 -461
-438 -285
-438 109
-438 506
-437 -429
-437 -306
-435 -601
-434 172
-431 -155
-429 130
-428 -163
-426 -236
-423 33
-420 -57
-418 -491
-418 579
-411 -363
-408 -310
-408 -84
-408 209
-407 569
-405 -330
-403 -372
-403 -224
-401 528
-399 -541
-399 -466
-399 -192
-396 601
-395 -367
-393 363
-392 -138
-391 -196
-389 1
-389 395
-388 -256
-387 342
-385 532
-384 -459
-382 -630
-382 55
-381 -175
-381 -147
-381 70
-379 -226
-379 63
-374 -162
-373 79
-372 -260
-372 337
-370 90
-370 101
-368 239
-368 391
-367 195
-366 -84
-366 598
-364 205
-363 497
-362 -244
-362 212
-362 427
-360 449
-357 -592
-357 -383
-357 109
-354 306
-353 -13
-352 -269
-349 -353
-349 284
-348 -525
-348 -384
-346 154
-343 385
-340 244
-339 -382
-337 -595
-335 -270
-335 -99
-335 641
-334 -476
-334 -11
-333 -496
-333 301
-331 -184
-330 87
-328 -360
-323 413
-323 538
-320 -114
-318 -301
-315 -541
-315 -43
-313 199
-312 -251
-311 579
-310 -9
-305 111
-304 598
-303 395
-302 -153
-301 227
-299 -386
-296 -460
-296 275
-295 327
-295 420
-295 628
-294 -146
-294 615
-293 444
-291 -639
-287 121
-285 -117
-285 246
-284 461
-283 -112
-281 367
-279 -439
-274 -297
-273 -308
-272 -65
-271 -193
-268 -350
-268 -204
-268 359
-266 53
-266 396
-264 222
-263 -324
-263 442
-262 410
-260 16
-260 109
-260 355
-257 -433
-256 -148
-253 -641
-253 616
-251 496
-247 585
-244 360
-244 569
-244 585
-243 126
-241 -314
-241 -260
-241 218
-238 195
-236 -271
-234 644
-232 171
-232 293
-231 -480
-231 200
-228 96
-227 -28
-226 -524
-226 -130
-226 -94
-221 156
-220 -53
-220 287
-219 63
-218 545
-217 428
-216 -359
-216 342
-214 -552
-213 -545
-212 -165
-212 91
-210 -104
-208 421
-205 596
-204 629
-203 -146
-202 646
-200 -239
-200 389
-199 442
-198 115
-194 -519
-191 -110
-188 -483
-187 221
-185 -18
-184 -591
-183 220
-180 -217
-174 -436
-173 145
-171 -133
-171 215
-167 -512
-165 -407
-164 -483
-164 28
-163 -577
-162 -385
-162 110
-160 552
-159 463
-157 -282
-157 -102
-155 -422
-153 -577
-153 -534
-153 543
-151 -109
-151 613
-148 -620
-148 106
-144 -427
-142 -587
-142 -180
-142 -177
-142 -15
-141 29
-140 -123
-138 274
-137 -413
-136 -562
-134 -25
-133 -459
-131 -258
-131 483
-131 519
-128 -416
-127 74
-127 643
-124 -330
-124 -283
-123 -74
-120 -312
-119 -580
-116 -435
-115 437
-114 -109
-114 603
-113 -41
-110 -345
-108 19
-107 425
-106 45
-105 -400
-105 647
-104 -588
-102 526
-100 91
-99 325
-96 -626
-95 -589
-94 -611
-94 318
-91 -220
-88 -233
-88 529
-85 -347
-84 4
-83 608
-81 8
-78 306
-77 423
-77 466
-75 -356
-73 513
-71 -311
-67 -145
-66 553
-65 -241
-64 263
-63 290
-62 121
-60 -157
-59 -606
-57 -273
-57 117
-55 -295
-55 -105
-55 91
-54 134
-51 -345
-51 -255
-49 11
-49 357
-48 70
-45 524
-44 239
-43 -146
-42 46
-39 -473
-38 176
-38 376
-37 128
-36 -547
-36 -193
-36 324
-35 -154
-35 -53
-34 -612
-33 -274
-33 231
-29 -551
-29 -387
-29 172
-29 212
-28 -580
-28 -11
-27 101
-25 -510
-25 213
-20 66
-20 626
-17 -268
-15 160
-15 526
-14 197
-13 -253
-11 461
-10 -605
-9 508
-7 487
-5 -618
-3 380
0 -506
0 -190
5 243
6 276
7 40
8 554
10 91
14 -113
17 33
19 69
19 183
19 473
20 -561
22 -390
22 154
22 520
23 -633
23 -559
23 -260
26 440
28 -405
28 468
30 296
31 -283
31 -265
33 -100
37 27
38 -474
38 2
38 196
39 489
41 -628
41 -197
42 -136
43 -274
43 360
48 -329
49 491
51 -219
51 449
53 -222
54 395
56 -268
57 -237
61 576
66 -81
68 -211
68 42
68 111
69 579
71 336
72 350
72 443
73 401
75 400
76 -378
76 616
77 -274
80 378
82 68
83 -269
84 0
85 230
85 503
86 -265
87 -515
88 398
91 298
91 493
92 -304
92 -114
99 -406
100 -324
101 -625
101 415
103 378
105 -627
105 480
107 -218
107 492
108 624
109 340
111 77
111 198
112 145
113 -543
113 -401
113 -184
114 -402
115 624
118 257
119 -492
120 -397
121 246
124 -123
124 490
125 52
125 513
128 -355
128 416
129 -75
130 -58
131 174
132 -58
133 379
136 -644
137 -453
138 384
141 -2
142 -137
143 325
144 -621
145 -256
145 350
146 -120
146 -21
149 605
151 -588
151 -274
152 -95
153 -631
153 75
154 273
156 78
157 254
158 -320
158 -20
158 191
159 43
163 -509
164 -541
164 -161
164 626
165 -403
165 27
165 530
167 299
167 367
168 -264
170 -585
172 -414
173 -360
173 -55
173 204
173 249
174 515
176 -389
176 387
178 -584
178 -345
178 525
180 420
181 456
184 -215
184 139
186 351
187 -643
188 535
189 -75
190 153
191 119
194 -161
198 208
198 412
200 24
201 88
202 -606
203 -424
205 -284
205 475
206 38
206 435
208 293
208 563
209 567
211 327
214 -452
214 122
214 483
215 585
216 271
218 129
218 617
220 -435
220 -353
221 80
222 -119
225 -510
227 438
228 -57
228 413
229 -585
229 195
230 -472
231 236
232 503
233 85
237 -220
240 -463
240 -157
241 -416
243 211
244 633
246 148
246 384
247 -362
248 -578
250 368
252 -581
252 -388
259 164
259 397
261 -17
261 422
263 82
267 -273
267 -207
267 -195
269 -432
269 -160
269 403
270 620
272 1
273 -263
275 -462
276 229
280 600
283 -640
283 130
284 186
291 -82
291 101
291 258
296 -233
300 13
300 422
301 -210
301 91
304 -534
304 -229
306 600
307 143
308 -2
308 48
308 305
309 67
311 -548
313 13
314 -292
315 180
315 196
318 -544
319 388
320 -422
320 -99
321 -236
321 -52
322 -643
326 -390
326 130
328 -144
329 517
330 -289
331 -147
331 -105
332 -318
332 237
335 -251
335 588
336 -354
336 569
338 -643
339 223
341 -63
343 521
344 77
345 -334
345 -86
345 95
347 340
348 -402
349 -363
349 -242
349 482
350 -446
351 488
353 23
354 416
355 6
357 -610
357 409
358 236
359 -114
360 -480
360 -426
361 187
363 -7
363 92
363 483
364 -91
364 168
364 515
365 211
371 -550
375 -406
375 -165
375 111
376 -29
378 234
379 403
380 15
383 649
384 -436
385 -286
385 298
387 -596
387 381
387 488
388 -406
388 18
389 382
391 91
391 309
391 614
393 -512
395 -453
395 -335
395 125
397 307
398 -609
398 471
399 -275
399 -22
400 -276
401 -461
402 -127
407 66
407 467
408 478
409 -421
409 639
410 -490
411 -417
411 497
412 -289
412 503
413 -295
414 268
415 424
416 432
417 -580
420 321
423 -636
424 351
430 409
430 606
434 -548
435 155
435 229
436 -288
440 175
442 328
446 -513
447 -159
448 -563
448 616
449 -159
449 159
449 170
451 -49
451 34
452 -246
455 647
457 -348
457 287
457 298
458 -542
461 192
464 369
465 -102
468 -321
469 -90
474 451
477 -375
478 498
479 256
485 -112
487 253
487 257
487 561
487 597
489 -50
493 -436
494 -561
496 515
498 364
499 572
502 596
503 -601
504 377
509 -233
510 88
511 -384
511 272
511 513
512 -275
512 322
513 66
514 -482
518 -564
518 -352
519 547
520 -270
521 135
522 514
523 -637
524 264
525 -414
528 -67
528 197
531 -560
534 -179
535 384
536 446
537 -240
537 78
539 88
540 -431
541 208
542 -94
543 -209
544 235
544 630
545 562
546 264
547 372
548 185
550 -216
551 -83
552 -564
553 220
555 -550
555 95
557 -221
557 504
557 577
558 -220
558 312
562 169
563 398
564 41
565 -273
565 570
566 -280
566 497
567 -371
569 346
569 506
570 52
571 -341
571 498
576 -15
577 -607
577 -404
578 -318
578 92
582 142
582 413
584 -182
584 62
585 15
587 -389
587 382
590 -572
592 -525
595 -503
596 -519
599 609
602 395
604 -163
605 -275
605 -40
606 -621
606 -309
608 -159
609 -382
610 149
612 -602
612 -351
613 348
613 537
615 284
616 63
621 557
624 -589
624 569
624 632
625 640
628 -481
629 -634
629 -536
630 -343
631 537
632 -240
633 -494
633 140
635 633
636 -373
636 191
636 637
637 -160
638 -248
642 87
645 -487
645 365
649 -586
