500
0 0
-450 408
-445 390
-439 51
-436 15
-434 -289
-429 300
-426 -422
-426 -283
-426 220
-420 156
-419 -246
-416 400
-415 17
-414 -388
-414 -188
-412 -72
-412 161
-410 -91
-407 -156
-406 -393
-401 -390
-400 -268
-400 -82
-400 239
-399 430
-397 154
-396 -370
-396 327
-395 -374
-392 76
-389 175
-388 21
-387 153
-387 431
-383 446
-382 -213
-379 -257
-378 70
-378 71
-376 47
-375 -70
-372 -166
-372 87
-371 330
-369 337
-367 -351
-367 -196
-358 237
-357 -314
-356 -413
-356 184
-356 211
-352 303
-351 -30
-350 -102
-347 -212
-347 -205
-344 -175
-340 -350
-334 152
-332 -177
-327 134
-327 200
-326 -286
-322 363
-320 417
-314 -286
-314 79
-314 246
-312 301
-312 443
-309 201
-303 155
-302 37
-299 -266
-293 -154
-293 339
-293 362
-289 -111
-288 -66
-286 201
-282 -8
-281 -313
-277 -370
-274 -33
-269 -64
-269 -16
-266 326
-264 365
-263 -157
-260 -92
-259 204
-257 -412
-255 -415
-255 -121
-254 -231
-251 84
-245 -158
-244 48
-242 -228
-242 276
-238 -220
-236 -33
-230 -321
-227 273
-226 64
-225 -109
-222 238
-220 343
-219 -441
-219 -78
-217 22
-215 -370
-212 -199
-212 263
-210 234
-209 -209
-209 -76
-209 192
-209 409
-208 174
-206 237
-205 -187
-205 -87
-204 -4
-204 268
-204 289
-200 -137
-197 -324
-196 -392
-196 135
-196 385
-194 373
-190 323
-188 173
-187 -269
-187 67
-186 -352
-186 356
-183 368
-183 369
-181 -371
-180 426
-178 240
-177 31
-174 -290
-173 -437
-173 -367
-173 -225
-169 -49
-169 360
-166 -30
-165 -163
-159 -163
-156 -224
-155 198
-154 257
-152 -264
-151 -441
-151 -173
-150 -67
-147 -281
-146 -76
-146 193
-145 -392
-144 63
-142 290
-140 -397
-135 -244
-134 -421
-130 -57
-129 419
-125 -342
-124 415
-122 216
-122 435
-121 -237
-119 -162
-114 -395
-113 51
-113 378
-111 -408
-111 240
-111 355
-106 -248
-105 -301
-104 -140
-102 -391
-100 -138
-99 -103
-92 -349
-92 49
-88 -262
-87 -393
-85 32
-79 -273
-79 150
-78 -199
-78 417
-68 405
-64 215
-63 -234
-62 -415
-62 417
-60 -46
-60 307
-59 -284
-59 33
-57 315
-56 -249
-56 118
-53 -257
-48 421
-47 -91
-46 424
-44 -427
-39 -282
-38 -48
-38 88
-38 211
-38 239
-37 -89
-35 154
-33 -237
-33 -110
-31 220
-30 361
-27 251
-27 304
-27 353
-23 -311
-23 152
-20 215
-18 49
-16 -182
-16 374
-11 -181
-11 430
-10 -116
-8 238
-7 -446
-7 230
-4 306
-3 -286
-3 372
2 -78
3 -325
3 269
8 -319
10 -130
10 360
11 -434
12 -78
14 71
19 -174
21 -299
23 -335
23 -49
26 -88
27 148
36 -302
36 -248
39 263
41 -283
41 5
46 -384
46 -182
46 -79
51 303
54 -95
54 263
56 -190
56 12
57 243
59 131
59 156
62 362
62 421
63 239
64 -297
65 132
68 -242
68 153
69 418
72 424
73 -398
74 -448
77 -227
80 338
84 -157
84 54
85 -317
85 25
87 -86
88 444
89 107
89 415
97 -122
98 311
100 -437
100 -23
106 -179
112 107
113 -447
113 -363
113 -74
117 58
118 -72
121 -237
124 -420
124 -63
129 76
130 211
136 206
140 97
140 438
143 11
144 -248
155 165
156 -82
157 -211
157 152
157 328
161 432
164 -207
164 -58
165 -157
165 93
174 -336
175 -391
176 -396
182 -182
182 327
185 230
186 -303
187 435
192 273
193 -372
194 -445
196 77
198 -407
200 -9
201 -27
202 320
205 -171
205 -69
205 253
207 -366
207 222
208 196
209 -379
210 -108
211 -20
213 -237
213 -166
215 343
216 43
218 -229
219 -302
221 -124
221 14
221 229
222 316
227 -280
228 -391
228 183
229 302
232 352
234 -424
234 -84
236 -365
237 143
239 -384
240 -214
243 -447
244 -232
248 312
249 115
249 213
251 -344
253 -81
253 253
254 164
255 -147
255 415
256 -298
256 285
260 -19
260 22
260 118
264 -299
264 -26
266 -310
267 -236
267 -16
268 149
270 143
271 -66
273 -389
274 42
278 -103
278 370
280 -386
280 438
282 -275
282 -128
284 -278
287 3
287 214
288 -344
289 53
291 -143
292 254
296 -191
296 44
297 -314
297 -214
297 -187
298 368
299 81
299 167
300 240
300 301
305 -191
305 1
306 48
307 -311
310 26
310 386
320 -450
321 207
322 161
325 -299
331 174
337 0
341 -101
347 -159
349 -96
349 172
350 -321
352 -380
352 -63
352 342
354 251
357 398
359 -273
360 381
361 -302
368 317
372 39
375 86
377 426
378 -139
378 -64
378 358
381 149
388 55
388 206
392 -424
392 347
393 17
394 -54
394 108
396 91
396 435
398 -241
399 -328
400 -130
402 -40
403 -253
403 84
405 -216
407 -73
409 109
414 -181
414 -123
417 316
417 343
419 -293
421 64
422 163
423 -438
424 -10
424 47
425 43
426 44
428 365
429 -387
430 -171
433 225
434 446
435 -182
435 -63
439 -380
439 -244
439 296
443 -227
443 84
446 -54
448 25
