300
0 0
-346 80
-345 175
-343 -309
-342 103
-336 -73
-336 -4
-334 -318
-333 94
-333 308
-331 -339
-328 -24
-326 -199
-326 243
-321 -266
-312 -282
-309 -275
-307 217
-304 44
-300 129
-300 200
-299 -148
-296 -185
-296 71
-290 -307
-283 -202
-283 20
-283 327
-278 -49
-278 83
-277 -158
-275 -331
-275 42
-273 316
-265 -155
-265 159
-262 116
-251 96
-242 -213
-242 188
-239 -155
-235 11
-235 282
-234 -176
-232 -62
-225 -214
-225 -145
-225 262
-224 238
-221 161
-216 -346
-214 20
-206 137
-203 219
-201 -144
-200 -53
-197 335
-195 -219
-195 111
-194 -320
-194 -269
-192 306
-187 -26
-185 -197
-185 226
-184 -23
-183 38
-178 64
-177 287
-174 232
-173 -262
-170 -34
-169 268
-167 -314
-167 -4
-166 -48
-162 28
-161 -13
-159 -122
-159 212
-158 -68
-157 -233
-156 215
-154 114
-152 -76
-151 120
-148 280
-146 51
-140 -241
-130 107
-129 150
-126 212
-125 346
-124 343
-120 203
-118 63
-115 342
-114 -174
-112 -150
-112 226
-110 226
-109 146
-106 -10
-100 -184
-98 161
-97 7
-96 328
-94 -276
-94 219
-92 236
-91 252
-89 -336
-88 -192
-88 -89
-86 -254
-84 -122
-81 -309
-79 223
-73 -288
-73 114
-70 -312
-68 -312
-68 271
-67 290
-63 -110
-62 347
-56 -288
-51 -138
-50 268
-47 71
-44 -253
-44 24
-43 -42
-36 193
-35 248
-34 -301
-31 73
-30 -65
-28 277
-27 234
-24 -55
-22 -188
-20 -11
-18 -253
-18 -81
-18 207
-14 -198
-14 208
-10 -177
-6 -5
-5 262
1 -262
1 -239
4 323
6 214
8 -205
13 -246
16 -309
17 -149
19 -114
23 228
24 180
31 288
38 -229
46 114
49 291
50 -13
51 34
57 -124
62 276
67 121
69 -71
73 -249
75 -293
75 -60
77 146
79 336
80 311
93 -114
93 -42
94 -186
94 349
99 -257
100 -13
108 -267
109 110
115 349
124 -283
126 349
129 -227
130 -52
132 -314
132 -307
135 54
138 -60
138 295
141 -301
144 144
146 203
147 -182
147 -150
148 -106
149 -28
151 -223
151 -183
151 139
151 278
152 255
153 -126
154 -135
157 36
157 92
167 176
169 -144
170 -209
174 -25
175 -172
176 242
177 53
179 129
187 -314
188 -265
190 -232
190 157
191 -312
191 -121
191 55
196 -204
198 -191
199 173
201 223
208 109
213 -89
215 -174
217 -164
219 -148
225 -103
228 99
229 -154
232 124
233 -334
234 -44
235 -16
235 36
236 251
237 -221
237 -140
240 102
242 -244
244 17
245 -155
245 -62
246 -232
246 187
249 191
256 166
260 37
261 57
264 -333
270 -27
273 23
274 7
276 225
277 94
281 124
281 322
282 166
286 75
288 -111
288 223
291 -328
291 -90
292 19
297 331
299 -174
303 44
305 -26
305 204
306 175
307 172
309 -202
310 -201
313 -69
313 335
314 -89
314 191
321 186
322 -321
324 -190
325 -299
325 -135
326 85
329 118
330 -334
332 -176
335 -85
336 -67
337 -261
338 266
344 261
345 180
