2000
0 0
-900 654
-899 -784
-899 -557
-898 -662
-898 627
-898 754
-897 -475
-896 83
-896 755
-893 -93
-893 406
-892 -512
-892 -427
-891 -600
-891 -251
-891 -45
-890 -482
-889 -198
-889 515
-888 -731
-887 -630
-886 356
-884 -402
-884 293
-884 396
-884 785
-882 -116
-882 -38
-882 324
-881 -759
-881 -479
-881 -21
-881 184
-880 -466
-878 70
-878 860
-877 741
-875 -787
-875 -613
-875 324
-875 380
-873 512
-873 547
-873 635
-873 834
-871 -37
-870 -543
-869 -832
-869 -771
-869 862
-868 -205
-866 -728
-866 -587
-866 -248
-866 327
-864 -679
-864 -553
-863 77
-862 -772
-862 -358
-861 -317
-859 239
-858 -552
-855 -691
-853 826
-851 -681
-851 349
-850 -221
-850 688
-848 -676
-848 337
-846 -681
-845 771
-842 -471
-842 261
-840 724
-834 -377
-834 518
-834 723
-832 -145
-832 594
-831 -890
-829 -221
-825 131
-824 -461
-824 875
-823 -45
-822 -826
-820 -185
-819 -487
-819 -170
-819 684
-819 871
-817 33
-815 167
-815 239
-815 613
-813 666
-813 891
-812 334
-811 -726
-808 -197
-807 753
-806 59
-806 487
-805 135
-805 143
-804 -329
-804 657
-801 -597
-801 513
-799 141
-799 206
-799 405
-797 -594
-796 -764
-795 670
-794 560
-793 -81
-792 -456
-792 87
-791 -694
-791 145
-789 -757
-789 -591
-789 413
-789 811
-788 -879
-788 -534
-788 539
-787 -498
-787 -213
-787 -155
-786 -440
-786 -363
-785 -74
-785 164
-784 122
-784 806
-782 -644
-782 884
-776 5
-773 -562
-773 -62
-773 394
-771 -492
-771 336
-770 -103
-770 483
-769 -112
-767 -640
-766 -899
-766 385
-766 550
-764 -803
-764 -129
-764 692
-763 122
-762 -366
-762 -30
-762 329
-761 399
-760 -178
-759 -800
-759 187
-759 686
-758 -639
-757 -759
-757 -465
-757 -313
-756 899
-754 31
-753 -672
-753 722
-752 -398
-752 658
-751 -490
-751 637
-747 -168
-747 534
-746 667
-744 -47
-743 -894
-743 -455
-742 -843
-742 -587
-742 -12
-742 514
-740 -77
-739 130
-738 -646
-738 -277
-736 838
-735 -715
-734 591
-732 -232
-731 234
-731 617
-727 -721
-727 461
-727 585
-725 73
-721 -420
-720 -560
-720 -412
-718 -383
-716 -142
-715 181
-713 190
-712 -609
-711 -383
-711 121
-711 883
-710 778
-708 -83
-708 -66
-708 -17
-707 705
-707 792
-705 -870
-705 743
-704 -288
-704 532
-703 -92
-701 -420
-701 667
-700 -855
-700 -284
-700 742
-699 -853
-699 -376
-699 589
-699 618
-698 -68
-698 203
-697 99
-696 -852
-696 593
-694 315
-692 -625
-692 793
-690 -255
-689 714
-688 193
-685 -272
-685 735
-684 -420
-684 58
-684 758
-683 836
-681 583
-679 -81
-676 829
-675 -147
-675 842
-673 364
-673 501
-672 322
-671 -809
-671 134
-670 -220
-667 -714
-667 736
-666 -366
-666 124
-666 799
-664 233
-663 507
-662 -118
-662 528
-662 614
-661 -64
-658 -399
-655 -767
-655 166
-654 -804
-650 -235
-649 -169
-649 209
-649 654
-648 619
-648 829
-645 -633
-644 589
-643 487
-642 -800
-642 23
-642 232
-641 -627
-641 -200
-639 862
-638 868
-636 -818
-636 -107
-636 408
-635 -141
-633 -611
-633 879
-629 436
-626 -677
-626 767
-625 -527
-625 -269
-625 623
-625 679
-624 304
-624 393
-623 -560
-621 -608
-621 -395
-619 366
-617 86
-617 244
-616 -286
-615 -626
-614 -360
-614 367
-613 682
-613 800
-610 -816
-610 -103
-609 -482
-609 831
-608 -753
-608 181
-607 -493
-607 -352
-607 522
-601 -174
-601 -128
-599 758
-598 -184
-596 -139
-595 -332
-595 458
-593 45
-592 -103
-592 111
-588 -371
-588 -50
-588 443
-586 -716
-586 71
-583 -298
-582 350
-581 -274
-580 162
-579 242
-579 395
-577 557
-576 -815
-574 -468
-573 -196
-571 -389
-571 793
-569 -564
-569 718
-568 -748
-568 -432
-564 -423
-563 229
-563 762
-562 -801
-562 -467
-562 415
-562 647
-562 699
-562 717
-561 642
-560 -162
-559 674
-557 89
-557 344
-556 -136
-554 -170
-554 77
-552 -726
-552 -588
-551 248
-549 -579
-549 851
-548 -832
-548 -594
-546 398
-545 -29
-545 39
-544 629
-543 -466
-541 -387
-541 -109
-537 52
-537 462
-536 -38
-534 -750
-534 -36
-533 531
-532 669
-531 483
-531 814
-530 -290
-530 -138
-530 288
-529 -803
-528 -689
-528 -610
-528 608
-527 -511
-527 -492
-527 278
-527 388
-527 575
-526 288
-525 -577
-525 269
-523 -401
-523 -116
-521 -336
-520 -778
-520 -406
-518 -159
-518 393
-517 -815
-516 -80
-516 57
-515 -852
-515 724
-514 740
-512 589
-511 -643
-511 246
-509 177
-508 -23
-508 317
-507 -774
-507 -201
-505 -487
-503 564
-502 298
-501 -633
-501 262
-501 741
-500 -47
-500 346
-498 -758
-497 -792
-495 -310
-495 774
-493 -751
-493 429
-492 -416
-492 -304
-491 -105
-490 87
-490 674
-489 738
-487 318
-487 422
-485 421
-484 291
-483 -816
-482 -633
-481 -899
-481 -419
-481 272
-479 -674
-479 -229
-479 361
-478 -838
-478 -614
-478 -98
-478 793
-477 111
-476 -322
-475 -104
-474 -661
-473 -393
-472 456
-472 815
-468 -834
-468 188
-466 799
-465 -382
-465 540
-464 624
-463 -432
-463 467
-463 879
-462 774
-461 180
-460 762
-459 -675
-459 -477
-459 855
-458 -246
-457 797
-456 -640
-456 -91
-455 -377
-455 -280
-454 -244
-453 -262
-452 646
-450 -723
-449 -62
-449 243
-448 -139
-446 -759
-446 -397
-445 -666
-445 -480
-444 -105
-444 180
-443 -43
-442 -379
-442 -136
-441 214
-438 -3
-438 746
-435 -740
-435 577
-434 731
-432 441
-430 -291
-429 459
-429 700
-428 218
-427 261
-427 768
-424 -200
-424 716
-423 427
-422 -658
-422 -147
-421 -798
-421 -331
-419 95
-418 181
-417 -107
-416 -821
-416 218
-414 -722
-413 -685
-412 -180
-410 139
-410 522
-408 124
-406 -837
-406 -301
-405 185
-405 503
-404 -874
-403 -131
-403 413
-402 180
-395 -555
-394 -646
-393 887
-391 -196
-390 -337
-389 -890
-389 -213
-389 7
-388 458
-386 -514
-386 -217
-385 130
-385 137
-384 899
-383 -790
-381 -775
-381 -401
-380 -727
-379 -873
-378 370
-377 348
-376 -413
-376 -35
-373 -565
-373 582
-372 -431
-372 -65
-372 343
-370 -148
-369 -822
-369 -666
-369 441
-366 101
-365 574
-364 -712
-364 -700
-362 -451
-360 -668
-358 285
-358 873
-357 -7
-357 512
-356 -526
-356 -298
-355 -532
-354 -294
-354 645
-353 -853
-352 8
-352 113
-350 -125
-349 -888
-349 157
-349 565
-348 29
-348 364
-347 261
-347 631
-346 -724
-344 -153
-343 -729
-342 -703
-341 -861
-341 85
-340 -305
-337 459
-332 -419
-332 -311
-332 201
-331 -820
-331 -660
-331 704
-330 -358
-330 247
-329 -133
-327 -819
-326 -105
-323 835
-321 433
-320 -319
-318 -647
-318 232
-316 -345
-314 -653
-312 -270
-312 484
-312 704
-311 -461
-311 -257
-307 -544
-306 122
-305 -455
-304 -83
-303 -731
-303 -119
-300 436
-298 138
-297 -531
-296 -281
-294 -237
-294 623
-292 -333
-288 -565
-288 166
-285 351
-285 373
-284 -493
-284 283
-284 337
-283 551
-282 599
-281 -698
-280 835
-279 -888
-278 -310
-277 -216
-277 491
-277 880
-276 -374
-275 -530
-274 -564
-274 -161
-273 550
-272 -658
-271 34
-269 -868
-269 558
-267 -314
-266 32
-266 448
-265 -212
-265 605
-264 -477
-263 417
-259 -416
-259 -214
-258 -781
-258 891
-257 194
-256 77
-255 -352
-255 212
-254 -728
-254 -413
-253 144
-251 469
-250 -711
-250 -207
-249 -443
-247 154
-247 162
-246 534
-244 719
-243 -431
-242 -533
-241 189
-241 850
-237 -719
-236 -113
-235 677
-235 765
-232 -510
-230 -62
-229 457
-228 -555
-228 194
-227 -718
-227 539
-226 40
-223 -444
-223 302
-223 524
-222 668
-222 805
-218 -639
-218 -207
-218 289
-217 86
-217 141
-216 -56
-216 486
-213 441
-212 -430
-212 48
-210 -647
-210 -546
-210 -241
-210 394
-209 -338
-207 -766
-207 -708
-207 172
-207 812
-206 -724
-205 -216
-203 -645
-202 641
-201 -795
-201 -250
-199 775
-198 -783
-198 -238
-197 -299
-194 -810
-194 -96
-194 336
-193 -836
-193 -348
-193 426
-192 346
-192 860
-191 -263
-191 -85
-191 588
-190 -138
-190 181
-189 -519
-189 -434
-187 -599
-184 538
-183 -149
-182 -72
-182 99
-182 672
-181 -691
-181 -271
-181 556
-181 725
-179 -389
-177 320
-176 -372
-175 -828
-175 517
-175 576
-171 642
-170 -830
-170 -786
-170 355
-168 337
-167 -864
-167 -794
-162 -833
-162 -826
-162 612
-160 -850
-160 -589
-160 798
-159 46
-159 144
-158 -343
-157 142
-156 143
-156 287
-155 -586
-155 -90
-155 521
-154 -214
-151 -133
-151 667
-149 -105
-149 91
-148 -475
-143 -851
-143 -635
-143 -72
-142 -819
-142 -754
-139 784
-138 -794
-138 -209
-138 885
-137 -557
-136 -304
-136 -192
-135 0
-134 -424
-134 53
-132 -701
-132 -437
-130 -164
-128 -837
-128 255
-128 705
-126 -43
-125 -184
-125 713
-124 -708
-124 696
-124 698
-121 514
-120 806
-117 772
-116 -225
-116 -163
-115 -850
-115 10
-115 677
-115 762
-114 -1
-113 -757
-113 -409
-113 199
-112 266
-110 845
-109 343
-109 532
-106 -628
-106 -370
-103 -223
-102 233
-101 -40
-100 -658
-100 55
-99 -825
-99 -92
-99 287
-98 355
-98 596
-97 339
-95 -199
-95 404
-94 -804
-93 -540
-91 -880
-91 57
-90 -636
-90 150
-89 -490
-89 -12
-88 -316
-87 -42
-87 22
-86 -61
-86 339
-85 -65
-85 288
-84 -482
-84 -408
-82 359
-82 521
-82 845
-80 -744
-80 -331
-80 -153
-78 228
-75 282
-75 759
-74 -693
-72 825
-71 -313
-71 -82
-71 571
-70 -481
-68 181
-67 -669
-66 230
-63 611
-62 -779
-61 -65
-61 363
-60 194
-60 254
-60 729
-59 -46
-59 268
-59 799
-57 -658
-55 -305
-55 866
-54 -833
-54 101
-54 516
-53 -717
-53 512
-53 619
-53 750
-52 -354
-52 -275
-51 -521
-50 422
-49 -340
-48 403
-44 -487
-42 453
-42 702
-41 614
-41 687
-38 -711
-38 397
-36 -721
-36 -279
-35 192
-34 -830
-33 -196
-32 -747
-32 -400
-32 66
-31 719
-30 -751
-30 -561
-30 240
-29 225
-25 798
-24 57
-23 -868
-22 -365
-22 -42
-21 -70
-21 275
-20 -873
-20 -771
-19 -775
-17 -595
-17 -568
-17 -274
-16 -260
-14 -824
-14 -672
-14 411
-13 320
-10 -376
-10 571
-9 -477
-9 -245
-9 347
-8 -650
-8 745
-7 -565
-6 -340
-6 492
-5 -165
-4 -214
-4 48
-4 480
-3 13
-3 458
-2 489
-1 -896
-1 88
0 -641
0 -457
1 -808
1 -56
3 527
3 867
4 -698
4 -638
4 -252
4 87
6 -664
6 -304
6 788
7 -438
8 -774
9 -786
10 214
11 316
11 513
12 -169
13 -371
14 637
15 227
16 10
17 -351
17 -99
17 37
18 -749
20 466
21 330
21 354
22 374
23 -320
24 627
26 894
32 -10
33 689
34 -689
34 -325
36 131
37 -357
38 165
39 458
43 128
44 -353
44 658
45 15
45 613
46 -844
46 -95
47 -703
47 796
49 535
50 -181
51 -576
51 180
52 -580
52 632
53 409
54 66
54 775
57 -877
57 888
58 -93
59 35
60 42
60 121
61 -539
62 -583
63 607
64 861
64 866
65 -319
66 -452
66 709
67 -274
67 146
68 459
68 661
69 -712
69 228
71 -691
72 -650
72 82
74 -816
74 163
76 -124
76 699
77 -330
77 302
77 541
78 -337
79 19
80 -378
82 394
83 -828
83 234
84 -521
86 528
87 -838
87 -582
87 338
91 -658
91 -645
94 -471
95 -711
96 -146
98 69
99 -870
100 607
101 132
102 -12
103 95
103 590
103 604
105 -893
106 33
107 -772
108 -671
110 630
111 -345
115 -148
116 164
116 759
117 -446
117 -362
117 559
118 -618
118 575
120 -628
120 -12
121 -283
122 -365
123 -799
124 -808
124 502
125 -893
125 198
125 657
125 847
129 -551
129 -396
129 -192
129 787
130 35
130 438
131 -221
131 241
135 -886
135 27
135 318
138 -616
138 -434
138 562
139 -540
139 452
139 750
141 -789
141 449
141 789
142 -831
142 -463
144 28
147 517
148 -384
149 -672
149 -652
149 -477
149 463
150 -816
150 719
151 336
152 -28
153 -816
155 215
157 -347
157 127
158 -432
161 -450
161 -420
161 844
161 896
162 -194
162 -43
163 -131
164 -353
164 618
166 720
167 624
168 -651
168 124
169 289
170 -810
170 -291
171 626
174 301
174 687
174 761
175 57
175 769
175 792
176 -607
176 -284
176 834
177 -860
177 319
178 -299
178 157
178 842
181 -885
181 -590
181 892
182 50
182 846
185 720
187 -513
187 -409
187 282
188 -580
188 -80
188 592
189 304
189 750
194 -714
195 -66
196 -134
197 747
199 92
199 410
199 418
200 767
201 -788
201 -447
201 -193
202 -28
203 566
204 -146
204 390
205 -278
205 165
207 -370
207 656
210 61
210 341
212 -876
216 -75
216 83
216 215
217 55
217 104
218 -464
218 18
219 -452
220 -880
220 76
221 -679
221 332
222 -556
226 -418
227 -480
227 -208
227 -121
227 299
228 449
229 -379
230 -713
230 525
232 243
233 202
234 -843
234 -447
234 -205
235 -166
236 220
236 465
237 -810
238 -173
239 470
243 734
245 -587
246 70
246 465
248 -104
249 -634
249 224
249 519
250 495
251 -544
251 -286
251 704
252 49
252 635
254 -196
254 137
254 278
254 825
255 -292
256 -641
256 -90
257 -865
258 -652
258 -158
259 -660
261 -380
261 808
262 -189
262 535
263 430
263 534
264 -190
265 -681
265 -126
265 17
267 235
268 -345
269 -520
270 -348
270 -193
271 -438
271 761
271 840
272 -167
272 -155
272 318
272 351
273 -874
275 716
275 753
276 -480
276 358
277 22
277 111
278 -869
279 -477
279 -441
280 -638
280 507
281 100
281 125
282 -516
282 71
282 739
283 65
284 -37
284 374
284 853
285 -568
286 -621
287 -381
287 467
288 -298
289 -191
291 -594
291 331
293 99
293 736
293 773
294 71
294 206
295 -878
295 -290
295 230
296 -533
297 348
298 580
301 300
301 612
302 -569
302 78
302 141
304 -427
304 193
304 877
305 -659
305 517
307 438
308 464
309 -111
309 66
310 416
311 -541
312 -63
313 -258
313 0
314 26
314 472
315 -156
316 -641
316 820
318 81
318 567
319 32
319 750
320 -551
321 -635
325 -571
325 -565
326 -821
327 -293
328 376
329 489
330 -161
331 -32
334 516
335 -840
336 428
337 -603
337 771
338 -516
338 641
339 -111
340 -646
340 256
341 595
342 -74
343 -161
344 -154
344 3
344 141
344 581
345 -846
349 -311
351 -298
351 451
352 -208
352 430
352 475
352 602
356 96
356 313
356 869
357 -30
358 125
358 492
360 -146
360 -18
361 605
365 149
365 463
365 724
369 -804
369 -588
369 162
371 -771
371 781
372 -764
373 -495
373 -54
373 596
374 -66
375 554
376 -699
376 -296
376 -87
377 -682
377 265
378 33
378 891
380 -726
381 -246
383 302
384 345
385 -371
386 -525
386 111
386 577
387 -398
389 -158
389 741
390 -464
391 414
394 -693
394 449
395 -566
395 649
396 524
397 88
399 -42
400 -852
400 547
401 778
402 -257
403 -333
404 -242
404 -64
405 -604
407 -745
407 -40
409 -767
409 -36
411 -760
411 -249
411 34
412 147
413 -686
413 269
414 -432
415 696
416 769
417 720
418 577
418 734
419 -315
423 72
425 -453
426 -217
427 -761
427 -433
427 387
427 815
428 -522
432 484
433 438
434 -86
434 591
435 -496
435 -128
439 -567
439 246
440 520
440 593
442 -54
444 255
445 -716
445 -397
450 -22
451 -159
452 659
453 500
455 -484
455 441
459 819
460 -884
460 -803
460 -509
461 -760
461 -27
465 -695
465 -200
468 -63
468 19
470 -107
471 334
473 -197
473 159
474 499
475 511
477 -69
478 -326
478 -216
478 710
478 880
479 -374
480 88
481 -43
482 -494
482 553
483 -30
484 -326
486 64
486 450
486 471
487 284
488 -625
488 -377
489 616
492 566
493 -612
494 -790
494 -88
494 81
497 -508
498 715
500 -158
500 368
501 -676
506 -614
506 -582
506 -227
507 89
507 883
508 -806
508 55
508 592
509 -895
510 643
511 -587
511 751
512 -293
512 189
512 223
513 -691
513 -265
513 -134
514 558
515 -221
515 781
517 -399
521 593
522 374
523 534
525 -609
526 -492
526 -133
527 -138
527 539
528 305
529 -872
530 431
530 470
534 -234
534 -44
535 -409
536 173
537 -663
537 636
538 92
541 -479
541 442
543 735
544 755
545 -493
547 455
549 -119
549 -117
549 419
550 -283
551 -240
551 130
552 178
553 202
555 -219
555 120
555 695
556 169
556 311
558 -387
559 -621
559 -578
559 724
561 -435
562 493
564 85
567 -606
567 796
568 -813
568 68
568 344
569 513
570 -673
571 185
574 -757
577 338
577 368
578 281
580 -56
580 10
581 508
581 614
583 151
583 505
586 611
587 249
587 700
587 832
588 -399
589 -223
591 -359
591 273
594 -279
597 -761
597 297
599 -528
599 409
599 692
601 -74
602 -524
602 -400
608 -629
610 -339
610 -201
610 214
611 -681
611 157
612 -702
612 -567
612 -53
613 -889
613 -682
613 -465
614 513
615 -10
616 713
617 -887
617 -404
617 110
617 467
618 -346
620 -221
621 240
623 406
625 -802
626 -425
626 -412
626 -85
629 71
630 186
631 -96
633 -168
634 320
634 691
635 -277
636 -360
638 -620
638 284
638 320
640 -425
641 -362
641 14
642 -336
642 192
643 -797
643 -451
643 -429
646 332
647 141
647 760
648 -681
650 437
651 170
652 56
653 -797
653 730
655 303
655 890
657 -563
657 -509
657 -250
657 34
657 306
657 491
658 25
661 -675
661 212
662 -767
662 -712
662 710
663 -615
663 -285
664 519
667 -662
667 -340
670 -697
671 790
672 -147
678 -196
678 863
679 48
680 -854
680 -810
680 -531
680 -147
682 -726
682 28
684 -658
684 -627
684 -593
685 -30
685 385
686 293
687 -880
689 -821
689 789
690 -531
692 206
692 379
693 -6
694 652
696 -841
696 -30
698 -711
698 -398
698 -368
698 820
699 -74
699 8
701 -15
703 811
704 -578
704 635
705 266
706 -560
707 871
710 -467
710 406
710 735
712 695
712 852
713 -601
713 770
714 149
714 761
715 -97
716 171
720 -279
720 74
721 -730
721 486
722 692
722 879
723 858
724 -191
724 754
725 -382
726 -759
727 539
729 846
730 656
732 -756
732 -690
732 483
733 -192
735 -545
737 137
738 -406
738 -123
739 492
739 535
739 650
741 -709
741 -80
741 238
741 697
741 820
742 727
743 -575
743 -475
743 -473
743 -53
745 187
746 -538
746 844
747 258
750 -194
751 11
752 377
753 104
753 420
753 867
754 -552
754 350
755 -97
756 784
757 235
757 501
760 -640
760 -372
760 35
760 490
761 10
762 -446
762 422
763 420
763 617
764 359
765 479
766 -627
766 -196
766 433
767 115
767 619
769 399
770 583
774 -303
775 202
776 -518
777 -595
777 777
778 -681
781 -361
782 417
783 -222
784 -77
787 420
790 283
791 335
792 -566
792 -204
792 701
793 685
795 696
796 374
796 586
796 861
797 440
798 -769
801 -899
801 -805
801 -452
804 -518
804 50
805 -144
805 45
805 450
806 -772
806 -396
807 -638
807 338
808 213
808 867
809 407
811 -653
812 -688
812 -345
813 -633
814 -627
815 80
816 -356
816 198
816 491
817 -480
817 51
817 185
817 543
818 428
819 400
820 -706
821 551
824 -347
825 39
826 -711
827 713
831 -417
831 159
832 -430
832 -157
833 -375
834 -764
834 -252
837 -458
839 -882
839 -43
839 717
841 576
843 74
843 497
843 892
844 -737
845 131
846 -698
846 100
846 267
848 -684
850 -833
851 451
852 -892
852 -445
854 -499
859 622
860 -234
860 -210
860 705
861 -17
863 -768
865 85
865 396
865 813
866 -115
866 165
867 -177
867 624
867 659
868 293
868 452
869 -490
870 -599
870 791
871 132
871 809
872 365
873 -388
873 609
875 -348
876 -590
876 863
878 -887
878 38
879 589
880 -723
882 -413
882 -5
882 157
883 716
883 751
884 602
885 238
886 18
889 56
889 697
891 84
891 881
893 -225
894 778
897 -279
897 -260
898 -37
899 243
