300
0 0
-350 -59
-345 -334
-344 218
-341 -172
-328 309
-326 185
-325 -188
-325 -157
-322 205
-321 278
-320 273
-317 151
-315 -8
-314 -289
-314 91
-313 5
-309 24
-309 228
-308 196
-305 -189
-302 -65
-302 90
-300 -200
-297 -164
-294 301
-293 -284
-289 -131
-289 169
-286 -151
-285 -187
-284 -88
-277 -94
-272 -245
-269 128
-268 -267
-268 15
-264 -111
-262 -58
-257 -320
-257 -217
-257 -211
-255 -193
-255 5
-254 202
-253 -83
-250 -341
-249 -176
-249 59
-248 -142
-244 -204
-242 221
-240 125
-238 325
-236 -297
-235 235
-230 -192
-224 -299
-217 178
-215 -332
-214 -241
-214 -114
-212 119
-210 -152
-206 -316
-206 221
-205 151
-204 182
-200 42
-199 270
-197 -331
-194 -143
-190 -95
-190 142
-186 254
-185 341
-179 217
-174 -211
-173 85
-170 200
-169 -225
-166 -228
-163 -222
-161 -229
-159 324
-154 -296
-154 168
-151 -81
-150 -235
-148 70
-147 -65
-147 94
-141 288
-140 329
-138 260
-135 41
-135 232
-124 293
-123 180
-121 -15
-118 -201
-118 85
-112 -14
-109 19
-99 -166
-96 -62
-94 -163
-91 -96
-89 -107
-87 30
-86 330
-84 15
-83 -242
-82 110
-80 31
-80 100
-79 -222
-73 226
-71 218
-70 37
-68 292
-67 8
-64 5
-61 3
-55 14
-51 -227
-41 -54
-35 25
-34 -184
-29 217
-24 -282
-23 233
-21 -296
-21 30
-20 -271
-18 -206
-17 -328
-14 -300
-13 164
-13 165
-12 -223
-3 -138
0 -121
3 -282
3 330
6 -193
10 -144
11 -254
15 144
18 245
22 89
28 268
30 274
35 91
35 129
38 -112
42 -294
44 -131
47 279
53 134
54 -327
54 -217
55 174
56 -311
56 249
63 128
64 141
64 169
70 -122
72 -198
74 -92
77 90
77 91
78 312
82 -137
87 -214
95 15
98 137
101 -28
101 285
102 -347
102 -307
112 -121
116 59
116 65
116 310
120 -303
120 -281
120 2
120 99
122 -76
122 173
123 -306
123 -236
123 -46
124 -296
125 74
127 -136
131 -138
133 -232
134 196
135 -9
137 172
139 256
142 211
144 -6
146 183
157 133
160 -176
160 185
162 -152
165 60
169 -55
172 -155
173 216
176 -345
176 -212
177 -260
178 -165
178 274
181 334
182 204
184 157
186 320
187 197
193 -157
194 4
196 -262
200 -349
202 -179
204 346
205 105
206 121
208 -17
209 99
209 158
214 234
215 -214
215 201
220 14
226 109
227 -340
228 -146
234 -156
235 -13
240 166
240 221
241 -53
246 -159
248 -314
251 49
253 71
253 78
254 -246
254 -58
257 -1
258 -38
258 321
259 -287
261 141
265 153
266 33
268 48
269 -113
272 16
274 -38
281 18
283 -41
283 288
285 156
286 -80
286 341
290 235
291 83
292 -327
292 26
295 223
295 332
296 -153
297 -330
300 -98
300 148
303 331
308 306
309 26
311 140
314 -82
318 -14
319 24
323 346
325 -231
329 4
330 -24
338 225
338 237
339 -328
344 330
346 51
346 336
348 -97
349 -104
