700
0 0
-550 -533
-550 269
-549 -236
-549 171
-546 -456
-545 -503
-544 294
-543 -362
-541 -82
-539 186
-539 354
-538 177
-534 12
-534 329
-527 -369
-526 495
-524 439
-522 205
-522 504
-521 -506
-520 -336
-520 37
-520 285
-520 326
-519 305
-519 336
-516 -316
-516 -6
-516 332
-512 433
-510 -101
-509 -98
-508 -446
-508 77
-508 484
-507 -303
-503 -196
-502 339
-501 -44
-497 -461
-492 -50
-491 -56
-491 540
-490 2
-487 -437
-487 -107
-485 479
-484 -383
-484 -247
-481 288
-480 -443
-480 413
-478 -463
-478 -101
-477 -320
-475 149
-474 -229
-474 409
-469 262
-465 442
-461 -230
-457 -15
-453 37
-452 40
-447 147
-442 195
-441 409
-440 516
-438 418
-436 -67
-436 286
-436 334
-436 482
-434 288
-433 216
-429 99
-429 310
-427 273
-426 -264
-426 507
-424 -367
-424 -321
-422 249
-421 -518
-421 98
-419 -108
-416 -542
-415 -313
-415 -25
-414 293
-412 46
-411 537
-409 89
-405 189
-405 262
-404 -302
-401 362
-400 -177
-400 452
-399 182
-399 396
-398 -284
-397 -91
-397 195
-396 522
-395 -118
-394 -273
-393 -447
-390 529
-389 -234
-388 -336
-386 161
-379 -239
-375 62
-375 194
-371 -123
-369 35
-365 -432
-363 -528
-363 -89
-363 -31
-362 -84
-359 410
-358 -353
-358 520
-356 -181
-356 462
-352 -325
-352 -108
-352 353
-347 315
-347 389
-345 -467
-344 14
-344 22
-342 -195
-341 486
-338 -62
-336 19
-335 234
-334 -495
-333 -497
-333 -9
-333 141
-333 529
-327 303
-327 383
-325 -338
-323 229
-322 -161
-322 -126
-321 -550
-320 451
-319 -377
-319 -238
-318 270
-315 -386
-315 4
-314 -528
-313 481
-310 -266
-308 -261
-308 -202
-303 -260
-303 197
-303 286
-302 -341
-301 -8
-300 -184
-297 -55
-292 327
-291 -69
-291 226
-290 369
-290 533
-289 -33
-288 182
-285 -338
-285 -5
-275 -425
-275 60
-274 428
-270 268
-269 303
-267 172
-263 -419
-263 526
-259 -378
-259 -349
-255 156
-254 384
-252 365
-247 241
-245 -288
-243 -29
-239 -56
-237 -247
-233 -457
-233 -342
-230 381
-230 436
-229 -46
-227 -305
-227 544
-225 -211
-225 -75
-224 -75
-219 -295
-219 529
-217 -487
-217 -175
-217 -154
-217 -65
-217 479
-215 -390
-215 103
-213 283
-205 -303
-204 -112
-203 -331
-202 354
-201 -122
-198 -418
-197 92
-196 -318
-196 385
-195 -361
-194 -273
-183 239
-181 320
-178 -21
-177 -55
-176 462
-175 342
-174 -472
-174 -382
-173 -288
-172 327
-168 -543
-167 340
-163 -43
-162 -201
-161 515
-159 -550
-156 130
-155 76
-154 514
-148 -60
-146 545
-143 160
-141 -306
-137 160
-137 291
-137 544
-136 -415
-133 -327
-132 -230
-130 -223
-127 406
-125 -362
-125 109
-124 391
-123 -204
-122 -436
-120 -299
-114 -111
-114 142
-113 -496
-113 182
-111 -41
-109 -264
-109 -3
-108 -194
-107 -346
-104 -415
-103 -87
-102 232
-100 223
-99 221
-96 -526
-96 476
-95 51
-94 -303
-93 44
-91 12
-90 -518
-90 203
-89 -359
-89 -266
-87 -505
-87 520
-84 419
-83 380
-81 -117
-81 99
-71 390
-67 157
-67 293
-67 497
-65 27
-63 367
-62 183
-62 273
-61 -285
-60 -285
-60 -207
-58 -199
-57 -172
-52 -489
-52 -3
-52 116
-52 199
-49 8
-48 -203
-47 -90
-47 98
-38 81
-37 -509
-31 -423
-31 255
-29 -534
-29 218
-28 -171
-28 33
-28 491
-24 -71
-24 201
-22 29
-22 384
-20 432
-19 -342
-19 -265
-19 106
-17 -194
-17 5
-13 -280
-11 -264
-11 142
-9 57
-3 -36
-3 134
-2 85
-1 450
0 -449
1 -474
3 58
4 210
5 -429
11 -527
14 -59
15 -519
15 -174
18 -293
19 62
20 -398
21 -276
21 245
22 471
23 -49
24 -333
28 -152
29 531
31 -457
31 -48
31 24
32 -510
34 -13
34 -5
36 -18
41 -206
47 399
48 -476
49 -31
51 -438
53 -492
53 -315
54 -295
55 319
57 -106
57 482
58 -453
61 -306
63 -115
64 345
66 56
66 326
73 -448
73 185
75 -67
76 -280
77 -154
78 -447
80 -437
81 -470
81 -341
84 -365
89 -245
89 536
90 84
91 452
94 -425
94 306
104 279
105 -44
105 345
108 -528
108 -336
110 -318
110 315
112 -328
115 -33
117 503
120 427
121 261
123 -449
123 -174
124 -399
124 -210
128 -260
130 435
131 -6
133 -548
133 481
134 -304
134 444
139 -69
140 -460
142 -420
145 448
146 430
147 -350
147 181
148 317
150 -418
151 -434
151 521
153 -525
154 404
157 -253
159 -96
161 -262
161 4
162 233
163 520
164 -2
165 -55
173 216
177 -250
178 -398
180 -441
185 294
186 -242
186 -201
186 447
187 -279
189 100
190 -405
191 541
195 147
196 96
197 -526
197 429
198 378
199 -495
199 -38
202 436
203 361
204 -203
209 339
211 394
212 -46
213 -362
215 232
218 274
218 397
219 -526
219 -442
220 -94
222 -439
225 -400
227 -4
227 149
228 -464
230 -203
231 90
231 133
236 -296
236 -267
237 81
238 285
241 -128
241 243
242 -499
242 -88
242 319
243 -324
244 -266
244 257
245 543
247 -408
247 -129
247 423
250 -543
250 -231
251 -333
252 -302
253 -209
256 -380
257 -282
257 170
258 -470
261 -401
263 -437
264 -23
264 533
265 -529
267 88
268 -341
272 -541
272 -277
272 82
276 -283
278 -476
281 -482
282 -69
283 90
285 -309
286 -461
289 393
291 -115
292 -4
295 434
297 -262
299 -548
302 -161
303 -82
304 -513
310 517
313 14
313 544
317 -238
319 176
320 346
323 -530
323 -102
323 329
323 368
327 -438
329 -77
333 31
333 197
337 49
338 -214
338 -44
341 -485
345 -468
350 -260
351 438
353 -331
353 -288
355 -160
355 -35
359 -386
359 311
361 128
362 -300
369 -490
369 -342
370 140
371 -416
371 283
374 -40
375 305
378 308
379 -489
380 192
381 122
386 -152
389 274
390 -245
390 13
392 -247
393 -488
394 285
395 -266
396 -383
396 49
397 -530
397 -297
399 -37
403 -293
403 77
403 529
405 -88
406 -478
407 -298
411 -241
411 -159
414 -407
416 -304
417 211
417 302
418 387
419 -347
419 522
420 -426
421 -378
422 102
427 43
427 402
429 66
429 356
429 438
430 -264
430 -87
430 189
432 -353
434 229
436 -15
439 489
441 94
442 -478
443 -293
443 -159
443 -17
445 -257
447 -402
447 137
448 -359
452 -155
453 -321
454 -261
454 293
458 -163
458 158
459 -287
459 -273
461 -550
463 291
464 -390
464 -185
466 507
467 -550
467 386
468 -43
469 -548
471 -268
472 -241
473 -107
473 -33
473 475
474 -489
474 286
475 -254
476 546
478 25
484 191
486 -325
486 324
487 472
489 -225
495 403
496 13
498 282
500 -139
500 308
502 -303
502 -227
503 -515
503 538
504 -114
506 248
506 325
507 -238
508 -274
508 -182
509 -281
511 -487
511 116
513 -162
515 471
522 256
522 517
524 -58
525 -546
526 198
527 366
530 -42
531 150
532 -409
533 -14
535 308
537 529
538 -370
538 -140
540 4
541 -509
543 515
545 -136
545 -86
