700
0 0
-547 -293
-545 -5
-545 104
-542 -444
-542 -172
-542 -11
-542 119
-542 436
-541 511
-540 -483
-540 11
-539 15
-539 105
-539 236
-538 -166
-535 -530
-533 -190
-532 481
-531 454
-529 73
-529 166
-528 -504
-528 118
-528 451
-523 -296
-523 -178
-523 221
-521 -134
-518 295
-517 -516
-517 -174
-512 277
-510 -489
-509 213
-508 -217
-508 10
-506 392
-502 -74
-498 -516
-497 -464
-497 -172
-497 -97
-495 475
-494 -481
-494 243
-494 451
-493 335
-490 172
-489 93
-489 186
-488 -187
-488 115
-487 -376
-483 221
-483 437
-482 -233
-480 -391
-480 -5
-477 389
-476 -326
-475 -462
-475 40
-475 357
-471 -9
-471 -7
-468 -38
-465 0
-464 1
-464 274
-463 216
-457 -421
-457 -172
-457 -72
-457 185
-457 266
-457 494
-452 77
-450 -184
-450 90
-449 185
-447 62
-447 152
-444 -234
-442 345
-441 387
-436 -520
-435 466
-429 23
-428 -275
-425 -380
-422 548
-417 -163
-416 -95
-416 -43
-416 518
-414 -271
-412 340
-412 394
-411 -442
-411 -189
-407 -424
-407 -286
-407 464
-405 -72
-405 314
-403 397
-402 -200
-400 234
-399 293
-397 -138
-395 -213
-395 495
-389 -364
-388 -402
-385 434
-384 -399
-383 -429
-380 -464
-378 -39
-371 215
-367 -97
-366 71
-364 -374
-363 -364
-362 -408
-361 -448
-357 16
-357 352
-350 -282
-349 78
-349 252
-348 -263
-348 -74
-348 244
-347 155
-347 201
-347 451
-345 -229
-344 -101
-343 353
-343 510
-342 -421
-331 -478
-330 -357
-328 415
-327 -66
-327 51
-327 78
-326 -165
-325 248
-324 -130
-321 -281
-320 9
-318 -28
-315 184
-315 528
-313 -9
-312 105
-312 380
-311 174
-307 174
-304 208
-302 -177
-302 187
-301 -405
-301 -38
-300 511
-300 540
-296 -142
-294 -516
-294 40
-289 241
-287 -215
-286 -37
-286 167
-286 271
-285 349
-284 -455
-283 -392
-281 -527
-280 -515
-280 -433
-278 -227
-277 -21
-277 406
-275 -216
-275 27
-275 172
-274 -44
-271 71
-269 -368
-267 -528
-267 467
-266 486
-265 -259
-263 -382
-263 5
-260 -295
-260 388
-254 -70
-252 403
-248 -436
-242 -546
-241 74
-240 -231
-239 -164
-236 209
-235 -370
-234 -279
-234 -106
-233 431
-232 -376
-231 409
-230 -385
-229 52
-228 272
-226 40
-226 269
-224 -385
-224 476
-223 335
-222 -350
-219 -391
-218 211
-216 449
-215 -279
-204 -60
-202 -135
-200 -231
-200 -77
-199 507
-198 154
-195 -89
-181 -96
-181 366
-179 -163
-179 286
-174 -528
-174 217
-173 -492
-171 -336
-171 486
-169 -480
-169 -458
-169 -199
-169 58
-169 344
-168 -482
-166 -490
-166 -249
-166 -109
-166 207
-164 -480
-159 369
-158 529
-156 -145
-156 -5
-153 -452
-151 22
-150 -296
-149 290
-149 501
-145 -387
-145 247
-144 62
-143 394
-138 -304
-137 -436
-136 -204
-135 348
-133 -444
-130 -307
-130 69
-130 351
-129 -7
-128 240
-127 56
-125 351
-124 -512
-120 -321
-119 432
-116 -128
-112 537
-111 -391
-110 -544
-110 151
-109 544
-106 205
-104 66
-104 458
-102 339
-102 440
-101 75
-100 -359
-99 -461
-99 -388
-99 334
-98 -155
-98 523
-96 -399
-94 -91
-93 347
-92 343
-91 187
-87 143
-86 -146
-85 -141
-79 356
-77 -412
-67 -243
-65 -309
-65 -171
-60 141
-56 -216
-52 275
-52 518
-50 387
-48 -466
-47 -366
-46 -396
-46 -243
-46 -200
-46 61
-44 117
-42 -439
-41 263
-39 -325
-34 258
-31 8
-28 351
-27 -493
-27 -486
-27 461
-26 55
-25 238
-23 549
-20 -438
-20 286
-19 -385
-18 -355
-17 -196
-16 127
-15 171
-11 496
-9 -194
-9 509
-9 541
-7 -118
-2 -145
-1 -514
0 351
4 -472
4 529
5 260
8 431
10 79
10 288
19 46
21 353
23 -353
23 -192
24 -450
25 175
28 -479
29 426
36 -450
39 -263
41 -169
42 307
42 473
44 73
44 230
47 114
47 132
48 -307
51 -292
51 76
53 -221
58 -205
58 128
61 310
61 476
62 479
63 272
65 -510
68 -356
68 -311
68 -46
68 125
70 -338
74 -240
75 -542
75 -381
75 401
77 487
78 -232
80 -343
80 -60
82 370
83 -77
84 279
85 -216
88 21
95 -132
96 -547
96 262
98 440
99 -168
102 -361
105 228
109 -383
110 223
111 -83
113 0
115 -343
115 -195
116 -42
119 118
120 227
121 549
125 252
126 -403
129 -529
131 88
132 -485
132 -181
134 387
142 -111
142 403
146 139
149 -256
150 62
152 -91
153 -20
156 470
157 -299
158 -376
158 142
160 429
160 435
162 25
163 74
167 401
169 179
171 -374
172 -260
176 516
178 -148
180 148
181 -215
184 201
192 -212
193 -142
194 -249
195 -257
195 -199
195 -151
196 -193
198 57
198 531
199 -452
199 15
200 -266
200 27
200 547
202 291
203 -501
203 182
203 381
207 8
208 -377
208 522
209 398
213 -541
213 -205
215 -506
218 -78
218 305
219 -154
219 351
223 -135
223 152
224 -322
224 10
224 42
225 168
226 259
228 369
229 528
233 -276
235 -468
236 364
238 -444
238 -293
239 -254
239 -133
241 -128
245 -494
245 -475
245 445
248 41
250 -157
250 166
252 90
255 58
257 453
258 -326
260 401
262 -258
262 441
263 -435
263 24
266 -443
267 -197
267 -131
267 502
272 -43
279 -192
280 -284
282 342
283 -163
286 -57
289 -426
290 -381
294 325
294 532
299 -473
299 -433
300 -381
302 -94
302 45
302 164
303 -424
310 -159
310 215
313 -73
315 100
317 138
318 -476
318 71
318 299
319 297
321 477
325 288
326 473
328 -190
328 49
330 496
331 27
334 -373
334 -368
336 -142
336 -108
337 -468
337 -373
337 257
339 -23
342 388
343 80
343 244
344 -420
344 155
345 -272
346 -539
346 -482
347 446
348 -276
348 -274
348 43
349 -56
350 231
350 494
353 291
356 -236
360 -160
360 394
361 -5
367 -198
367 -1
368 -199
369 -419
369 22
371 -374
371 -249
373 48
374 416
376 534
377 -533
377 -257
378 -367
379 -361
380 -388
381 -4
383 519
387 -475
391 -177
392 200
396 -57
396 36
397 120
399 258
400 447
401 17
401 72
405 -406
405 -359
405 -176
406 -381
407 -331
407 541
411 -333
415 -91
415 -32
415 169
416 163
419 -18
421 -61
422 -330
422 274
422 537
430 228
431 -2
435 -21
438 -7
440 366
442 -169
443 -258
445 338
446 353
446 426
447 -70
449 239
449 402
451 -403
454 -315
455 80
459 -287
459 45
459 69
459 343
461 269
462 139
463 -423
463 -48
464 -411
466 -226
466 95
473 -33
475 -154
475 212
476 -330
476 84
477 190
479 365
485 71
486 249
487 393
489 -70
490 -335
491 -507
492 169
493 -448
494 448
495 139
496 -363
497 -120
499 -471
499 -402
499 44
500 210
501 283
501 395
502 -537
506 -439
506 381
507 -332
507 -218
509 -227
512 -191
516 110
522 337
528 -205
528 -87
528 326
529 -3
529 504
530 -339
535 13
535 179
536 277
536 299
537 -531
537 70
538 -390
538 -385
538 136
541 -468
543 -263
545 -544
549 311
