300
0 0
-200 24
-199 -158
-199 122
-199 199
-198 -111
-197 91
-196 -135
-196 151
-195 102
-194 -102
-192 -174
-192 -96
-192 128
-190 -124
-189 -30
-185 -50
-185 120
-184 -4
-183 -150
-183 -57
-182 8
-182 186
-181 17
-178 -93
-178 -7
-176 -137
-175 -172
-175 155
-173 -160
-171 -145
-171 -140
-171 7
-170 -68
-170 183
-167 -47
-166 -7
-166 62
-164 146
-162 66
-160 -85
-160 -23
-156 -57
-155 -83
-155 -64
-154 170
-153 182
-152 17
-149 -61
-149 110
-148 55
-148 57
-146 -172
-144 -191
-142 -2
-141 -159
-140 8
-135 -179
-133 140
-132 -28
-130 166
-129 -195
-127 -15
-127 36
-126 -58
-123 -126
-123 6
-123 54
-122 -177
-121 64
-120 -21
-117 114
-115 195
-114 183
-109 36
-105 18
-104 -111
-103 64
-103 140
-103 170
-101 -195
-100 -110
-98 -137
-95 139
-93 -113
-93 155
-92 2
-92 68
-91 -155
-91 -99
-91 136
-90 -181
-89 99
-86 -42
-84 15
-79 112
-78 0
-78 8
-78 63
-78 186
-75 -99
-73 -61
-68 5
-66 -168
-66 -59
-66 -15
-64 -25
-64 73
-63 -96
-60 -77
-57 -2
-57 189
-56 -183
-56 70
-53 180
-51 -39
-51 107
-50 -187
-50 108
-48 -138
-46 62
-45 -199
-43 66
-40 -12
-40 140
-39 -197
-39 -157
-34 -54
-31 -129
-29 8
-29 123
-28 23
-27 -9
-27 157
-25 68
-24 127
-23 192
-19 -39
-19 162
-17 -41
-16 -124
-15 -158
-15 91
-14 -132
-13 199
-12 -123
-11 -40
-10 26
-8 -126
-5 -166
-5 -117
-5 -51
-4 63
-3 -62
-2 24
-2 192
0 -4
1 110
2 14
4 -2
6 11
7 169
8 -121
9 90
11 -182
11 -141
12 -7
15 -171
18 78
19 -47
22 -21
23 -73
24 26
25 105
26 163
32 -106
35 -131
37 -45
40 52
40 78
40 140
43 -137
44 102
45 -113
47 -109
47 41
48 190
51 -7
52 -44
54 -89
54 -17
57 -9
58 -150
58 141
59 -17
59 22
60 -54
62 -43
62 148
66 3
67 -27
67 27
67 101
68 158
70 -102
70 69
71 -108
71 -73
74 -75
78 -133
79 88
79 186
80 -159
81 66
82 -175
83 -81
84 -98
84 -34
89 -169
96 110
97 23
97 79
98 -14
98 111
98 189
105 32
105 108
107 -27
112 4
112 65
112 160
116 32
117 -161
117 -71
120 -195
120 68
121 101
122 -13
123 -16
126 96
126 190
127 -182
129 44
131 -118
131 41
132 -69
132 165
133 -87
133 133
135 -72
135 140
136 112
137 -39
137 75
138 4
140 188
141 -165
142 93
142 156
145 -120
145 90
145 104
146 16
146 45
146 178
147 48
147 175
148 -92
149 -2
151 -50
153 37
153 48
156 -21
156 72
159 -70
162 116
166 -32
166 -18
169 -37
170 74
172 -11
173 -152
174 81
175 -186
175 33
180 -50
180 160
181 -60
183 -56
185 79
186 -107
186 -99
186 -56
187 -95
188 -149
191 -136
191 25
193 139
197 -115
199 -64
199 131
