300
0 0
-196 -92
-196 46
-196 116
-194 167
-193 35
-188 -32
-188 115
-180 -95
-179 125
-177 159
-176 116
-175 -162
-174 -147
-174 -114
-170 173
-169 -62
-169 91
-169 128
-166 -142
-162 -136
-161 -176
-161 -134
-161 -105
-161 -39
-160 176
-157 -124
-151 -174
-151 29
-151 103
-150 -154
-149 74
-148 -115
-148 52
-147 65
-146 -159
-144 -200
-144 35
-143 -138
-143 46
-141 -95
-140 -56
-138 105
-137 -191
-137 -116
-134 -146
-134 108
-133 159
-132 -70
-131 143
-129 168
-126 20
-126 135
-121 -79
-116 -61
-115 43
-113 -44
-111 -101
-111 158
-107 -156
-106 -177
-105 -60
-104 134
-102 33
-101 -103
-97 119
-94 55
-93 -164
-92 -190
-91 11
-91 70
-91 140
-90 114
-87 -87
-87 72
-86 54
-84 -69
-84 -37
-83 99
-82 8
-82 146
-81 -25
-80 44
-79 176
-78 -26
-74 162
-73 26
-72 -144
-72 99
-68 -151
-68 7
-67 36
-67 143
-63 -183
-56 -156
-56 166
-55 68
-54 -118
-53 84
-51 -197
-49 5
-47 -198
-45 -192
-44 -49
-42 -189
-41 43
-39 -43
-37 -67
-37 -54
-36 -91
-33 34
-30 -183
-29 -157
-28 158
-26 132
-23 -101
-23 132
-19 -57
-19 -11
-19 99
-19 126
-17 146
-15 -150
-12 -152
-12 -38
-10 50
-9 16
-7 160
-6 -8
-5 -95
-4 24
-4 111
-2 -164
-2 -10
-2 199
0 -61
0 0
1 -199
1 -2
1 21
2 -174
3 -136
3 3
5 -77
5 -69
5 -54
7 -4
7 58
13 70
13 79
16 -195
16 18
17 -68
19 38
20 -60
20 182
24 85
26 114
27 98
30 -199
30 -64
31 83
32 78
33 -60
33 -35
34 17
36 94
38 -162
41 -113
41 130
43 -31
43 71
45 123
47 -147
48 84
49 -115
49 6
50 -176
52 -126
56 83
59 -62
59 123
65 154
67 -49
67 -20
68 135
69 -16
69 188
70 91
71 60
71 155
72 83
72 161
73 -199
73 -42
73 93
76 3
76 59
77 11
77 157
79 -122
80 7
81 -106
82 -148
83 -16
85 81
85 198
86 197
87 -169
87 -40
87 192
88 -65
89 -171
89 94
90 -49
92 27
94 31
96 -159
96 49
97 -31
98 -143
101 -39
101 185
102 -197
104 -6
104 188
106 -191
106 -11
106 39
110 188
111 -122
111 -88
111 -55
111 2
112 13
113 -31
115 -142
115 157
116 -193
116 -114
117 11
122 -174
124 189
126 61
126 172
128 -110
128 95
129 125
132 -116
134 69
134 151
138 -139
138 149
141 4
141 89
145 -117
145 37
148 182
150 -131
150 196
151 -14
153 156
153 165
154 114
157 169
160 81
160 147
162 -54
163 3
163 127
164 -27
164 94
164 124
165 -133
165 168
166 -184
167 94
168 -21
169 -171
170 -130
170 196
173 44
173 50
174 -45
174 24
175 91
177 55
179 -156
179 -99
181 -13
186 -47
187 142
188 9
189 -41
191 -24
191 10
192 9
192 105
195 -171
196 -55
196 110
