500
0 0
-199 -150
-199 -142
-199 127
-198 -86
-198 0
-198 126
-197 -200
-195 140
-194 -158
-194 42
-193 -88
-192 -168
-192 53
-191 20
-191 118
-187 -80
-186 -179
-186 181
-185 -6
-185 131
-184 -180
-183 -28
-182 -23
-182 59
-180 -76
-180 52
-180 121
-179 -117
-179 27
-178 63
-176 32
-175 31
-174 122
-172 -39
-172 39
-172 88
-172 160
-169 -172
-168 -151
-167 -144
-167 114
-166 92
-166 176
-165 47
-163 90
-163 126
-163 175
-162 -55
-162 126
-161 -155
-159 90
-158 -83
-154 -6
-153 174
-152 -55
-152 -45
-152 156
-151 -83
-151 51
-150 -197
-150 -51
-148 -130
-148 -46
-148 177
-147 59
-146 -155
-145 -17
-143 104
-142 -89
-141 -138
-141 65
-141 126
-140 140
-138 73
-137 -116
-134 -177
-134 -91
-133 -121
-132 112
-131 -96
-131 -90
-131 55
-129 -18
-128 130
-126 -118
-125 -24
-125 10
-124 -100
-123 -29
-122 74
-121 -15
-121 44
-121 72
-121 134
-119 -139
-118 152
-114 -145
-114 116
-114 190
-112 174
-111 -163
-111 -29
-111 53
-110 -139
-110 175
-110 197
-108 -190
-108 -135
-108 81
-106 -82
-105 -145
-105 -7
-104 -20
-103 -152
-103 153
-102 -196
-102 9
-102 39
-102 129
-101 -164
-101 -139
-99 -135
-99 -121
-97 128
-97 162
-97 197
-95 105
-94 2
-93 -78
-92 -77
-92 -8
-92 -5
-92 94
-91 100
-90 -65
-90 -51
-89 -167
-89 -140
-88 -52
-87 56
-86 -19
-86 153
-85 -186
-85 -105
-85 -101
-83 114
-82 -24
-81 174
-80 -65
-78 -114
-78 -37
-73 -56
-73 -39
-73 26
-73 65
-72 -130
-72 44
-71 -198
-71 192
-70 70
-69 -19
-69 53
-69 86
-67 67
-66 168
-65 -109
-65 159
-65 183
-64 66
-62 -134
-62 -49
-61 -36
-61 120
-59 -171
-58 123
-57 -103
-56 -20
-55 -126
-55 -77
-55 21
-54 -142
-54 117
-53 -21
-52 175
-51 138
-48 -83
-48 -37
-48 188
-45 -14
-44 86
-43 -97
-43 132
-43 141
-42 -180
-42 -140
-42 -68
-42 57
-41 -46
-41 30
-41 86
-39 -2
-39 176
-37 -35
-36 166
-34 -89
-34 134
-33 44
-33 57
-32 -132
-32 -67
-31 -93
-31 -15
-30 100
-29 -151
-29 140
-28 -146
-28 -141
-28 -50
-28 25
-27 -199
-27 174
-26 71
-25 -157
-24 -141
-23 -123
-23 101
-21 148
-19 152
-18 49
-17 -84
-16 44
-15 -144
-14 -14
-13 -85
-12 58
-11 89
-11 192
-10 -8
-9 39
-9 46
-8 41
-8 79
-7 -24
-7 -5
-5 -198
-4 33
-4 70
-4 154
-3 -111
-2 -191
-2 -8
-2 36
0 -18
0 16
1 87
3 -89
4 -62
4 142
4 167
5 -39
6 -83
6 -53
6 156
6 188
7 -45
8 122
10 -149
10 -99
10 4
11 161
12 30
15 -91
15 -78
16 16
17 21
17 29
19 -85
20 -84
20 128
22 117
23 -116
24 152
26 -189
26 -70
26 142
27 175
28 197
29 -102
29 -78
29 35
29 130
31 125
32 -175
32 -158
32 -121
32 -106
33 34
33 170
34 -60
34 -43
34 160
35 -115
35 -60
35 115
36 55
37 46
39 -145
40 -199
40 30
40 129
41 -181
41 81
42 153
43 -171
45 -116
45 -12
46 -135
47 -122
47 -120
47 89
48 4
48 6
48 158
49 -44
51 80
51 90
52 -84
52 -41
54 50
55 -61
56 -5
56 46
57 -159
57 154
57 181
58 -129
58 -103
59 -188
59 -136
59 82
60 105
61 -14
62 -29
63 -113
63 191
65 -168
65 -141
67 -171
68 -4
69 -104
69 -87
70 -150
70 80
72 -61
73 -189
75 -103
75 -38
77 -174
77 81
77 196
79 -191
79 -154
79 -125
80 -115
81 -108
81 88
82 -182
83 18
83 59
83 127
84 -47
84 4
87 146
88 56
89 -110
89 -81
89 56
90 -76
91 -33
92 -12
92 142
93 21
94 -133
95 99
95 104
97 -10
99 -68
100 5
100 43
101 6
101 183
103 135
104 -188
104 121
105 -109
106 -37
106 18
108 189
111 93
113 6
114 -178
114 -136
116 -79
117 -137
119 71
120 -116
120 105
121 -134
121 110
122 25
122 144
123 17
123 23
124 -40
124 127
126 -120
127 -149
127 -32
127 54
130 -153
132 0
133 42
133 147
134 -26
134 38
134 96
138 43
139 38
139 139
141 -91
141 -21
142 123
143 -18
143 98
144 -200
144 -156
145 0
145 116
146 -61
146 129
147 -69
147 168
148 -104
150 3
151 -142
151 60
152 -58
152 116
152 173
153 93
154 -181
157 125
158 -69
159 -135
159 -102
160 -43
161 -57
162 -150
162 -116
162 -33
164 -77
165 -103
165 24
167 -5
169 -144
169 123
170 28
171 -50
173 112
173 143
174 -89
174 197
175 81
175 129
176 -165
177 37
177 64
177 152
178 -153
179 -54
180 -104
182 -171
182 153
183 -131
183 195
184 -57
185 -169
185 -123
186 35
186 38
188 16
190 155
191 138
192 -165
192 -23
192 52
196 138
198 -192
199 -161
199 195
