1000
0 0
-649 -469
-649 -353
-649 -55
-647 188
-645 301
-645 606
-644 -396
-643 -493
-642 599
-641 18
-637 301
-636 277
-636 595
-635 -640
-632 285
-632 338
-629 423
-628 -125
-626 -52
-625 -484
-625 555
-624 -357
-623 190
-621 73
-617 -257
-617 27
-616 -605
-613 -473
-613 -441
-612 -71
-610 474
-608 -105
-604 -341
-604 -69
-599 88
-596 -405
-596 -77
-595 40
-593 -69
-592 -371
-591 -237
-591 309
-590 -377
-590 -70
-590 561
-589 66
-589 564
-587 -484
-587 -232
-586 -130
-585 473
-582 -509
-580 -196
-580 200
-576 32
-575 -394
-571 101
-564 313
-562 -615
-561 -470
-556 -29
-556 367
-555 -529
-554 -101
-552 -443
-552 101
-552 421
-551 209
-550 -275
-549 72
-549 615
-546 -129
-544 -270
-544 14
-540 -421
-540 231
-538 -581
-538 -427
-538 -112
-536 262
-535 -138
-534 -87
-533 -265
-533 132
-532 244
-529 601
-526 -292
-525 -151
-525 563
-521 599
-520 364
-519 -502
-519 412
-518 -88
-517 -262
-517 105
-515 -183
-515 294
-515 516
-514 -74
-514 -45
-513 -625
-513 -621
-512 -529
-509 -167
-509 228
-508 -216
-507 -24
-503 -383
-503 120
-502 -558
-502 -345
-502 -238
-502 -236
-501 26
-501 375
-499 -623
-498 -430
-498 -392
-497 -629
-497 -200
-497 397
-497 628
-496 335
-495 -350
-495 288
-495 292
-490 618
-488 -217
-486 -471
-484 123
-484 225
-481 398
-481 503
-479 216
-479 412
-478 -171
-477 119
-476 17
-475 56
-472 639
-471 -127
-470 -19
-470 84
-470 467
-468 295
-466 294
-466 300
-464 645
-458 389
-458 541
-457 -168
-457 364
-457 567
-456 32
-456 186
-456 468
-455 -644
-455 -310
-453 -502
-452 -360
-449 -356
-447 -190
-446 -470
-446 -455
-446 249
-445 -609
-445 217
-444 530
-443 -598
-437 175
-436 -443
-435 -563
-428 135
-427 454
-426 -139
-426 120
-418 248
-417 -570
-416 66
-411 317
-411 387
-410 -354
-409 -212
-409 157
-409 530
-408 -631
-407 -625
-407 480
-407 513
-406 13
-406 623
-405 -639
-405 -311
-405 -276
-405 -21
-403 56
-403 74
-402 -600
-400 -635
-398 -384
-396 446
-395 -414
-395 30
-388 573
-385 300
-384 555
-382 125
-378 -244
-377 -626
-377 -624
-376 -253
-372 33
-371 -507
-371 177
-370 -494
-367 -644
-367 586
-366 -585
-366 -14
-366 29
-364 537
-364 637
-358 -447
-357 259
-356 -55
-356 334
-354 599
-352 8
-351 -294
-350 37
-340 418
-340 588
-338 -508
-338 -319
-335 -531
-335 -201
-333 41
-333 389
-333 508
-332 -38
-332 364
-330 -562
-329 -427
-328 93
-327 -84
-327 -35
-326 -266
-326 -131
-326 103
-325 -235
-323 317
-322 -82
-321 369
-321 489
-317 523
-313 -98
-311 -486
-310 27
-309 -472
-309 514
-307 -650
-307 -350
-307 86
-307 104
-305 489
-303 -305
-303 -280
-303 446
-302 -32
-301 496
-300 510
-298 165
-297 474
-296 -534
-294 -189
-293 190
-293 503
-290 -581
-290 251
-289 -286
-286 -233
-285 276
-282 448
-282 524
-282 525
-281 -146
-281 17
-281 129
-281 151
-278 118
-277 -578
-277 -234
-276 -632
-275 -364
-274 -431
-271 -434
-271 -195
-271 497
-270 -189
-268 373
-267 -471
-266 -530
-264 -623
-263 221
-262 -462
-262 -287
-262 -155
-262 -36
-262 568
-261 -236
-260 556
-259 -503
-256 447
-252 -597
-252 208
-250 496
-250 561
-248 222
-246 -312
-244 -332
-244 -107
-243 265
-243 272
-243 292
-241 -124
-240 -549
-238 -353
-233 344
-232 271
-232 527
-231 -612
-230 -86
-225 -638
-224 -60
-220 221
-219 -84
-218 364
-217 -52
-217 100
-215 617
-214 -17
-214 365
-214 490
-213 212
-212 132
-212 639
-211 43
-210 -592
-210 -546
-209 -380
-207 184
-205 -262
-204 -317
-204 -97
-204 375
-201 -141
-199 183
-198 536
-198 604
-192 10
-190 -45
-190 247
-186 -349
-185 -628
-184 -175
-182 -195
-180 583
-175 1
-174 117
-172 -211
-171 283
-170 -394
-170 535
-169 -240
-168 -559
-168 -378
-168 -286
-168 -237
-166 -55
-165 641
-164 185
-161 -364
-159 -500
-159 607
-156 -539
-155 -615
-155 -323
-154 485
-153 70
-150 -325
-150 -181
-150 134
-146 -401
-141 -135
-140 136
-138 -206
-138 -70
-136 -76
-134 -641
-133 116
-133 127
-133 377
-131 -325
-131 89
-130 341
-129 -47
-128 169
-128 266
-127 389
-125 383
-125 632
-124 586
-121 -452
-121 452
-120 -597
-120 634
-119 -515
-118 -15
-117 -151
-117 480
-116 439
-114 363
-112 501
-111 383
-106 102
-106 197
-105 -405
-102 -500
-101 -270
-101 -51
-100 257
-95 -529
-95 546
-93 -99
-92 -363
-91 -598
-91 -561
-90 -180
-89 -304
-89 22
-89 84
-89 584
-88 -427
-84 33
-83 -413
-82 263
-82 607
-81 468
-78 233
-77 -421
-77 -266
-76 319
-74 339
-73 -79
-71 -350
-70 -294
-69 -350
-69 36
-69 204
-67 -414
-65 -631
-65 -75
-63 262
-62 -420
-61 535
-57 -426
-57 68
-55 43
-55 63
-54 -87
-54 476
-53 -489
-53 349
-52 -566
-52 -492
-52 -446
-52 -193
-51 -205
-51 411
-50 -559
-49 -153
-48 -254
-47 167
-45 -18
-44 305
-42 -323
-40 -349
-38 -458
-38 473
-37 -437
-37 461
-36 -303
-35 -265
-34 86
-32 533
-31 -422
-31 -354
-31 243
-31 527
-30 -634
-28 46
-27 -32
-27 111
-26 -557
-23 361
-20 -338
-20 -333
-19 54
-17 -198
-16 -241
-15 -56
-15 82
-14 94
-14 226
-13 7
-13 259
-13 637
-12 474
-9 -413
0 -648
0 -106
0 604
2 -9
3 199
3 262
4 -201
4 -58
5 -570
6 48
8 300
12 26
12 280
14 -576
17 -606
17 138
23 -627
23 -372
25 -196
25 445
26 475
27 554
30 -645
36 482
37 -274
37 259
38 447
39 33
39 390
39 583
40 -84
40 -13
40 -7
41 -17
41 150
42 -632
42 164
46 -303
46 -134
47 322
48 -82
48 15
50 -344
51 71
51 330
56 436
58 439
58 519
60 -429
60 336
62 -183
63 -98
64 437
66 -8
66 409
70 -398
71 329
72 -485
74 462
78 200
78 282
78 349
82 -63
83 -202
84 183
90 -431
90 194
90 587
93 -9
94 -263
95 -268
95 397
97 -198
97 -142
97 -21
99 565
101 283
104 -643
104 -100
104 253
104 528
107 -208
107 436
108 -125
108 174
109 -145
110 495
111 195
112 -30
113 335
115 146
115 242
116 -218
118 14
118 417
119 -499
120 -292
121 189
126 -180
128 -489
129 615
130 219
131 387
132 -503
136 8
141 -367
141 407
142 613
144 -46
147 173
148 -216
149 -42
150 -325
150 -18
154 134
155 -129
157 -575
157 -136
157 254
159 123
161 -482
161 488
164 -15
164 67
165 220
167 252
169 -533
170 208
170 634
171 -480
171 -56
171 539
175 -19
175 91
176 -218
176 -101
179 192
182 -385
182 90
183 -22
185 13
186 40
190 -429
191 -23
192 -94
192 259
195 -325
195 119
196 623
197 -599
198 584
201 -302
204 -182
204 255
206 421
208 -213
208 -8
211 342
211 441
212 -45
212 397
214 -342
215 -18
215 193
216 -635
216 562
217 235
220 132
221 -203
221 184
225 122
229 -633
231 212
232 627
236 -441
236 328
237 643
238 389
242 -624
242 582
244 -409
249 -405
254 -268
256 148
257 35
257 156
258 -272
258 -19
258 431
258 645
260 34
262 327
262 588
265 267
265 437
267 -442
268 -576
271 -570
271 92
272 -337
272 114
272 411
274 -614
274 -451
275 -523
278 263
281 578
283 -466
286 -459
286 -349
289 -358
289 520
291 -13
292 73
299 -422
299 404
301 -626
301 146
301 229
306 220
308 252
310 -484
310 281
313 506
314 -439
315 -558
315 -139
315 169
316 -344
317 -548
319 -582
319 40
323 -611
323 -89
323 127
324 148
324 390
324 435
325 353
328 -483
328 -414
330 42
332 -67
332 20
333 142
336 -568
337 -312
337 258
338 -393
340 -574
341 -449
341 13
342 104
344 -595
345 286
345 514
345 515
346 -628
346 -245
348 -588
348 632
349 -461
350 -143
351 -378
352 35
353 173
353 317
354 528
356 403
357 235
358 334
358 353
359 -510
359 -91
362 260
365 279
366 -631
367 -8
368 -6
370 80
371 -80
372 443
373 -404
373 -234
375 -10
380 539
381 468
383 -354
383 83
384 610
386 -443
387 165
389 -173
390 -439
390 138
390 248
396 -520
400 -528
401 -160
403 162
404 206
406 316
411 410
412 171
412 420
413 -288
413 547
415 -7
417 456
418 -315
418 -92
422 -43
423 -63
423 129
425 -560
425 247
426 -340
431 -131
431 392
432 419
433 559
434 -172
435 647
437 278
438 7
439 -344
439 394
441 184
442 -617
442 -141
443 -469
444 -533
446 -554
448 36
449 60
449 452
450 -164
452 -513
454 -164
455 -255
455 -170
455 -67
456 105
457 -158
459 -232
459 328
460 584
462 62
463 -584
465 -154
473 546
476 -368
476 341
476 345
477 -18
478 -300
478 -204
478 576
480 486
483 -145
486 318
488 -66
490 -237
491 -276
491 416
492 -353
492 -174
492 64
495 -219
496 -562
501 -610
502 278
503 358
506 -425
506 -177
507 -125
508 -368
508 -298
509 -152
510 156
510 461
515 189
516 -539
516 318
517 -293
519 97
519 138
522 -262
522 147
526 -631
526 -117
527 -216
527 545
528 -126
529 406
530 -229
530 -137
531 -622
531 -522
531 421
533 -433
537 84
540 -83
542 -184
543 -155
543 -63
544 174
544 298
545 123
548 -491
549 -218
550 -467
550 -278
552 -377
552 487
554 -562
557 442
557 566
561 78
561 149
563 555
564 271
566 70
567 90
568 -566
572 -266
576 -224
576 -62
576 310
579 358
584 -616
588 517
590 563
593 -117
594 359
597 273
597 603
599 -189
602 -82
603 275
604 323
606 56
607 206
607 446
608 -569
608 142
608 613
609 -627
613 527
614 -343
615 -419
615 450
617 614
618 -211
618 -41
623 -463
623 -361
625 313
626 -578
626 -471
628 508
631 79
633 -191
635 -347
637 67
638 48
639 -473
639 -99
639 617
642 -380
642 45
642 550
644 -230
644 -109
645 3
646 150
646 221
647 550
648 -228
648 28
