300
0 0
-199 -35
-194 29
-193 85
-192 162
-189 -98
-188 -180
-188 -167
-187 -171
-187 170
-185 149
-185 153
-184 140
-184 148
-183 125
-182 10
-176 96
-173 -88
-173 -8
-172 -31
-171 -70
-171 -10
-169 74
-169 181
-168 168
-165 -168
-161 -5
-154 146
-153 -147
-152 -147
-151 0
-151 86
-150 6
-149 94
-148 -79
-146 -33
-141 124
-139 100
-137 87
-134 -98
-131 -181
-131 -124
-130 24
-129 72
-129 109
-128 171
-126 -101
-124 -164
-124 54
-123 155
-122 -99
-121 -199
-121 118
-120 -59
-118 46
-117 143
-116 -177
-116 -160
-116 69
-116 79
-114 64
-113 -73
-111 -111
-111 70
-109 48
-105 -138
-104 -160
-104 -13
-103 155
-99 -124
-99 136
-93 190
-90 -16
-90 9
-87 -123
-86 -113
-86 78
-85 59
-82 -163
-82 25
-82 87
-81 -22
-81 36
-80 158
-76 -77
-74 130
-71 -28
-71 -3
-69 108
-68 -192
-68 -173
-68 48
-66 -130
-65 -64
-63 157
-63 161
-62 -118
-62 24
-61 -161
-61 -155
-61 -134
-61 162
-60 177
-59 182
-58 38
-57 47
-57 197
-55 -168
-55 -27
-54 -4
-53 -174
-51 -135
-49 -140
-48 -180
-46 -97
-45 180
-44 -4
-43 -18
-40 -163
-37 -122
-37 -103
-37 86
-37 194
-35 120
-34 173
-34 198
-31 -65
-29 -176
-29 10
-26 3
-23 -62
-23 10
-23 113
-23 135
-22 29
-20 -27
-19 68
-19 81
-18 -186
-17 134
-13 99
-12 -156
-12 41
-9 -43
-8 -186
-7 -52
-5 -163
-5 152
0 155
1 95
2 -54
3 -50
10 122
12 55
12 58
12 80
15 -25
15 195
17 150
19 -145
19 -89
21 -129
24 -146
25 -32
27 90
28 117
28 148
30 194
33 -172
33 -62
34 47
34 113
38 -158
38 19
44 -176
44 -3
44 109
45 -34
46 -118
46 30
47 -133
48 -74
49 -154
49 -76
49 68
50 -147
50 175
51 -188
55 -197
57 16
58 8
59 -85
62 147
63 -31
63 9
68 -137
70 92
72 30
73 -196
74 113
79 -173
81 162
81 171
83 25
84 130
87 -31
87 63
87 167
88 -82
90 -183
90 73
94 38
96 -26
97 -30
98 -194
98 99
98 151
99 -197
99 147
99 159
99 190
103 127
104 -174
104 -97
105 -49
106 108
107 80
108 -102
109 13
109 95
111 50
112 -192
112 45
115 87
115 130
116 100
118 183
120 46
121 -124
121 18
121 35
123 22
124 111
125 -167
125 65
126 109
127 161
128 -163
130 99
131 -191
132 -45
133 -4
134 -13
135 -18
136 -124
138 126
139 187
140 -135
141 -109
143 -190
144 72
145 -28
147 -96
147 22
147 199
149 124
150 162
151 -163
152 -195
152 -162
152 77
154 33
155 61
157 -22
160 22
161 -143
161 142
164 -31
166 -76
170 62
171 167
173 -20
174 -173
174 167
175 161
176 -80
177 -180
178 -192
178 -189
178 59
178 165
179 194
182 193
183 -80
183 199
186 -191
186 -104
186 41
189 133
192 132
193 -195
