300
0 0
-349 -146
-349 126
-348 -341
-338 -310
-338 63
-335 -160
-329 21
-327 -137
-327 224
-327 272
-323 -61
-318 -308
-305 347
-296 263
-294 275
-289 20
-289 191
-286 295
-281 213
-281 252
-274 -304
-272 -319
-271 -273
-264 -236
-261 -156
-251 -149
-248 265
-246 158
-244 -184
-244 125
-241 -261
-241 -78
-240 -225
-239 200
-236 280
-232 -144
-227 -52
-224 28
-223 181
-221 -278
-219 110
-215 -225
-214 0
-214 232
-212 -297
-210 -97
-208 -32
-207 91
-207 161
-205 -180
-205 324
-204 -36
-202 298
-201 -12
-201 152
-200 105
-199 -202
-197 -245
-194 310
-191 -308
-190 -47
-189 -2
-188 345
-185 138
-184 -75
-184 -22
-182 254
-181 -253
-175 213
-174 -243
-174 -24
-166 -148
-163 -327
-163 -146
-161 313
-160 -178
-160 -49
-159 -123
-157 91
-157 139
-156 -309
-156 -248
-154 -39
-153 -180
-153 107
-149 -119
-146 29
-145 246
-137 -279
-133 152
-131 -296
-127 27
-126 178
-122 -236
-117 -201
-114 132
-112 -250
-112 102
-111 53
-102 165
-101 223
-96 81
-94 -343
-94 -217
-93 -211
-93 -104
-92 -10
-92 44
-91 -266
-91 -110
-85 -29
-84 231
-81 -136
-77 101
-77 128
-76 85
-68 -117
-66 344
-63 288
-62 230
-60 -325
-60 -192
-59 -258
-59 -190
-59 159
-58 -145
-57 299
-47 288
-43 145
-41 -107
-41 77
-39 225
-35 -80
-34 -313
-28 -119
-27 -180
-26 128
-25 -265
-25 -233
-24 315
-18 272
-17 208
-17 216
-16 263
-16 291
-13 191
-9 -82
-9 278
-6 99
-3 83
3 -304
3 -295
8 10
9 -128
11 57
17 -201
24 221
27 -59
27 347
28 68
31 -252
34 143
38 180
39 30
40 -200
41 0
43 -120
43 253
44 -267
44 108
53 -258
54 -340
56 -50
57 22
60 -139
61 -110
61 265
64 36
64 219
66 -304
66 -24
69 -93
70 -28
70 316
71 -319
75 152
79 76
82 197
86 -304
90 324
91 -89
92 -49
95 -142
97 -211
97 245
98 60
100 -218
102 121
103 -96
105 -231
107 -154
110 -257
112 -21
113 74
113 215
116 -131
117 276
122 -238
125 -249
125 159
126 150
132 -325
132 23
132 343
133 24
133 289
138 288
139 71
143 -177
148 -258
148 -4
148 187
152 44
156 8
160 216
163 347
165 99
168 -299
171 -331
172 8
173 -331
173 -290
173 95
175 -343
175 -31
182 -224
184 -178
186 -160
187 113
192 -214
192 -64
195 89
198 260
204 -128
205 -340
208 93
209 -322
211 -163
220 -186
221 -206
224 -180
228 -253
228 51
232 121
244 -65
245 -98
248 3
254 18
262 -127
264 -136
265 -290
265 257
269 -106
271 275
275 -142
276 -261
277 -305
280 176
281 -260
281 -239
282 -281
288 -252
289 272
290 -196
290 161
292 316
293 -198
294 -244
294 -152
294 -118
294 235
302 210
306 -343
307 43
310 78
312 118
314 231
321 49
326 -153
328 -44
329 -319
334 186
337 -26
337 160
340 -23
341 -322
341 107
342 -281
349 -313
349 -204
