500
0 0
-442 361
-441 -364
-441 191
-439 34
-437 434
-436 121
-435 -223
-434 -145
-431 -79
-427 -221
-427 171
-426 108
-426 128
-420 -89
-419 -129
-418 -378
-417 428
-415 -226
-414 306
-412 -299
-412 -37
-412 115
-412 252
-408 -131
-408 -66
-394 248
-393 291
-390 -76
-389 76
-387 417
-383 -334
-380 434
-377 -302
-375 -251
-375 134
-374 -230
-369 182
-366 154
-365 19
-363 -241
-363 307
-357 -332
-354 -24
-352 371
-351 215
-348 -395
-345 -437
-344 -10
-344 364
-344 437
-342 -226
-342 -111
-342 399
-341 -8
-337 410
-335 284
-334 -390
-330 -282
-329 -118
-327 -368
-326 -255
-324 -430
-322 -293
-316 -155
-314 -447
-314 -396
-314 -19
-313 55
-304 323
-303 41
-302 400
-301 -131
-301 259
-300 158
-300 280
-299 442
-297 -233
-296 304
-291 226
-277 -352
-274 -45
-273 290
-272 -143
-266 -424
-264 -284
-264 -166
-264 143
-262 131
-260 -266
-256 -437
-256 233
-254 -372
-254 -164
-253 -207
-252 165
-252 400
-251 343
-250 161
-249 435
-243 179
-241 290
-236 449
-234 229
-232 -288
-232 241
-231 -249
-229 378
-228 -172
-225 -334
-220 35
-220 45
-220 92
-220 425
-219 -147
-218 -250
-214 -178
-214 416
-213 -164
-212 -251
-211 5
-207 -19
-207 188
-201 107
-197 385
-195 -159
-194 -321
-193 255
-192 -335
-191 -372
-191 -217
-189 -157
-188 384
-187 41
-186 -281
-186 361
-185 140
-184 38
-181 142
-179 -246
-178 206
-175 91
-175 315
-175 323
-175 349
-172 106
-168 -236
-168 175
-168 219
-162 -349
-159 -438
-158 -194
-158 333
-157 -434
-157 -14
-154 138
-151 177
-149 358
-147 -72
-144 7
-141 -23
-140 -221
-140 7
-140 212
-137 -414
-133 -169
-133 347
-131 -400
-130 166
-129 -421
-125 -277
-124 235
-119 -449
-118 -6
-118 159
-118 346
-117 120
-114 -144
-112 -231
-112 354
-109 -217
-108 407
-106 132
-105 338
-104 -310
-100 418
-98 -48
-97 -201
-97 115
-96 115
-92 170
-92 270
-89 -97
-87 -3
-82 -88
-80 242
-79 -334
-77 -447
-76 -417
-75 -179
-75 442
-74 328
-73 -196
-73 126
-69 53
-68 -193
-67 -169
-67 92
-66 288
-66 350
-63 -118
-62 -407
-62 124
-61 212
-54 -366
-52 -215
-52 -9
-50 -391
-47 -267
-47 382
-46 -235
-46 -59
-45 -296
-41 324
-40 -307
-40 -136
-38 128
-37 -275
-36 126
-32 -66
-28 -447
-25 -99
-24 309
-22 -381
-20 -18
-18 216
-17 -47
-16 -421
-15 26
-14 14
-10 -203
-10 112
-6 128
-4 -131
-3 -294
0 329
3 105
4 -394
4 -21
5 -321
5 -44
7 -206
8 -19
9 -130
10 -431
13 313
14 309
16 281
23 393
27 57
27 63
28 -64
28 158
29 -266
32 366
36 -113
37 -206
41 339
43 -236
45 332
48 -268
50 -311
50 245
51 345
52 286
55 -191
55 269
55 327
60 -164
62 253
64 -137
65 222
66 437
67 36
67 53
69 -349
71 -278
71 254
72 -276
74 -80
75 -224
76 -234
77 -289
78 118
78 342
83 -300
83 87
84 153
85 -193
85 291
85 407
87 -253
88 -377
88 260
89 312
90 -188
90 310
93 408
96 357
97 77
98 199
102 -344
103 34
105 361
106 -423
107 -398
107 -80
108 -360
108 215
109 -204
111 -403
111 -216
112 -322
112 268
113 270
119 285
125 -108
125 394
128 -7
130 76
132 276
137 281
140 148
140 201
143 -324
157 310
161 371
165 -294
165 180
166 -350
168 238
170 66
171 230
173 264
174 140
178 149
179 -225
180 208
181 67
182 391
188 135
195 -82
201 -15
204 -99
204 425
208 333
211 329
212 -264
213 401
216 -26
220 264
221 25
223 -58
224 22
228 -301
231 -149
231 231
232 24
232 425
233 -22
233 430
235 -137
236 399
242 -230
244 175
247 324
251 127
252 -358
253 408
254 -112
255 -413
255 -262
256 -284
259 -181
260 -436
260 159
262 -433
264 418
265 160
266 53
266 203
268 417
269 -334
271 318
273 -263
274 -286
275 -52
279 257
279 288
280 -41
284 -164
285 -257
288 -18
290 -155
291 408
293 369
294 -360
294 -222
295 142
298 107
300 55
303 80
304 -374
310 -427
311 -258
316 403
317 -279
323 212
324 269
325 75
326 -71
327 -393
328 -137
329 -348
330 426
331 384
334 114
334 197
337 -203
337 -64
338 -377
339 265
341 -404
342 399
345 378
351 112
353 -18
353 142
353 195
355 400
358 -3
359 122
366 258
367 -335
368 270
369 -226
373 -370
378 371
378 431
379 146
382 248
383 -186
383 350
384 -372
384 36
387 -444
387 -308
387 -300
387 -215
387 21
388 -210
388 353
389 -254
390 55
393 -124
394 -9
396 232
399 17
402 152
402 252
403 51
405 -129
406 -282
406 -277
406 -229
408 311
411 397
414 -230
415 263
416 63
419 145
420 247
422 300
424 -164
425 431
427 -367
427 310
428 167
429 -125
431 -42
431 435
432 365
432 375
434 -154
438 -9
439 -345
439 -3
440 56
441 -85
442 -329
449 175
