700
0 0
-550 -493
-549 -391
-548 89
-547 -499
-542 -1
-538 -187
-538 47
-538 72
-536 188
-535 -332
-535 313
-532 -240
-531 -452
-529 -176
-523 -511
-521 191
-521 362
-516 -525
-516 162
-516 259
-515 -312
-514 -451
-511 548
-509 378
-506 -145
-505 -267
-505 -16
-503 -19
-503 402
-503 548
-501 495
-500 141
-499 412
-498 -506
-498 390
-497 64
-494 -447
-494 -284
-494 407
-492 -265
-492 -42
-491 -282
-488 -250
-487 130
-484 -326
-479 377
-478 16
-476 494
-474 328
-473 -347
-472 -281
-471 331
-470 -79
-465 23
-465 494
-464 402
-464 480
-463 -405
-463 -337
-463 543
-460 -75
-459 190
-456 -355
-455 29
-454 -302
-453 -22
-453 421
-453 455
-449 71
-448 80
-447 37
-447 464
-445 371
-441 -438
-441 217
-440 -107
-437 -3
-433 -412
-432 -400
-431 -44
-431 318
-430 409
-429 -500
-428 -491
-428 226
-426 468
-425 432
-421 -266
-421 313
-415 419
-414 -288
-412 499
-408 -336
-406 -368
-405 -354
-405 475
-403 -173
-402 48
-401 -128
-400 75
-400 379
-397 -413
-397 509
-396 -431
-394 123
-393 -171
-393 133
-393 256
-392 -510
-391 21
-389 -65
-387 485
-386 220
-385 96
-384 -182
-384 -125
-384 -102
-383 -133
-383 86
-381 224
-381 321
-380 -250
-380 -23
-377 -286
-376 -466
-376 -33
-375 -365
-375 -217
-374 -157
-374 509
-373 432
-372 516
-371 -438
-371 -100
-370 -290
-369 279
-368 -371
-368 -334
-368 -188
-368 177
-366 -54
-363 162
-361 78
-360 -11
-355 -31
-354 -23
-352 -410
-352 -197
-352 514
-349 -483
-348 -222
-346 291
-344 -407
-339 -394
-337 530
-336 -419
-332 465
-330 434
-329 127
-328 -509
-328 -207
-325 -222
-324 309
-319 243
-318 -16
-311 483
-309 -145
-307 -545
-307 -466
-305 -500
-304 -415
-302 -132
-301 174
-301 542
-293 -341
-290 -207
-289 463
-288 -37
-287 118
-281 -88
-281 464
-280 -515
-279 -41
-276 -267
-276 -191
-276 545
-274 -227
-270 -536
-270 178
-270 529
-269 548
-268 371
-262 157
-258 402
-256 -118
-256 201
-253 -387
-252 178
-248 46
-247 127
-246 470
-245 -126
-240 523
-239 141
-231 235
-230 494
-228 -283
-224 -355
-223 108
-222 233
-216 -132
-215 -268
-214 471
-212 410
-212 547
-211 -208
-209 512
-200 -291
-199 61
-199 449
-195 -345
-192 72
-192 280
-190 274
-188 35
-184 -525
-182 -436
-182 356
-181 -287
-180 -334
-179 81
-179 141
-177 239
-177 480
-176 61
-175 -386
-173 -267
-173 -210
-172 -512
-171 -364
-170 -465
-169 -43
-169 464
-159 446
-159 501
-158 115
-157 58
-155 -259
-154 251
-149 132
-147 -484
-145 -436
-143 -3
-140 510
-136 -277
-136 -116
-135 -231
-134 118
-134 460
-132 -546
-130 -392
-130 -119
-130 103
-130 266
-129 29
-128 -486
-125 495
-124 -311
-119 -123
-118 -349
-117 -219
-116 537
-115 145
-110 -158
-110 365
-108 -447
-106 -226
-106 169
-105 348
-104 378
-103 234
-102 -473
-99 -170
-96 -542
-91 -348
-91 -139
-90 464
-89 215
-88 -298
-88 432
-87 106
-85 -408
-83 -435
-83 -279
-83 -220
-82 -541
-79 -102
-77 -458
-77 342
-75 -319
-75 41
-74 -469
-72 312
-70 5
-70 364
-68 -158
-67 -389
-66 -367
-66 19
-65 176
-64 -93
-64 157
-62 404
-61 31
-60 -131
-58 -256
-58 99
-58 132
-57 -75
-55 379
-51 -357
-51 -100
-50 366
-46 487
-45 38
-43 -389
-42 25
-41 -376
-37 -338
-36 2
-34 -442
-33 -214
-32 534
-31 -288
-30 -522
-30 -50
-30 87
-29 92
-29 407
-24 -452
-18 -145
-16 33
-14 473
-13 -291
-12 -460
-11 -446
-11 204
-11 272
-11 308
-6 -461
1 -189
1 -27
1 513
5 66
10 -369
10 545
16 159
17 -424
18 516
19 -391
20 53
20 128
23 -318
23 -169
24 -162
24 41
25 142
26 -441
26 210
27 -405
28 8
31 95
31 209
33 -329
40 -182
40 -87
43 488
44 11
46 433
49 -183
50 -170
51 -149
51 7
52 205
57 -200
63 -175
63 -60
63 92
69 -148
71 -497
72 -125
74 448
77 -338
77 -78
78 -543
79 -241
79 38
79 301
80 -84
80 423
80 446
82 526
84 58
85 17
85 520
87 434
88 -255
88 -35
88 505
89 251
90 287
92 -525
92 530
93 -521
94 495
95 132
97 255
97 305
102 360
113 -501
113 -485
113 179
115 6
116 -371
116 -66
116 164
120 -542
121 -492
124 -453
125 -384
125 148
130 184
130 319
131 520
133 176
135 534
143 52
144 -426
144 -37
145 -69
146 -432
148 82
149 -83
152 344
152 380
157 -223
157 302
163 -270
166 -443
168 52
170 197
173 524
175 293
177 -74
178 56
180 394
184 314
185 123
186 -141
190 -278
194 -377
195 520
196 -280
197 9
199 131
199 314
201 542
204 131
204 222
207 -331
207 442
211 57
212 -526
215 126
217 180
218 421
219 392
221 -93
221 -39
222 325
222 349
224 -307
225 -400
225 298
229 -468
229 -234
230 177
231 404
236 11
237 428
240 -176
240 90
242 -374
242 27
244 13
244 83
248 23
248 163
250 364
251 -116
256 -521
257 -236
257 201
259 202
261 346
262 206
263 414
266 -306
272 140
274 -463
274 -444
276 120
277 325
278 -312
279 -345
280 -42
283 340
286 -179
287 -259
287 297
289 -491
289 352
290 -56
290 519
293 38
293 316
295 -394
295 -230
301 269
304 42
309 532
312 35
313 355
314 47
315 -411
317 537
318 73
318 91
319 413
320 -231
320 -144
320 118
321 -420
326 9
327 -66
327 198
329 490
330 177
332 320
333 67
334 156
334 167
335 -156
336 -22
337 -510
338 -498
338 -185
338 -30
338 65
341 285
343 -525
343 438
343 441
344 -220
345 305
346 -341
346 59
346 296
349 -184
350 -43
351 241
351 279
352 42
353 470
355 534
357 -110
358 37
364 -41
364 -6
364 258
365 -125
368 -201
370 307
372 -215
372 473
376 326
377 -60
381 382
383 543
388 -75
393 -410
396 -367
397 543
399 357
401 -352
401 481
403 -344
403 418
403 535
406 -308
407 -334
407 11
409 -18
410 -287
416 427
418 -538
419 -126
420 -287
420 -190
420 -35
422 -240
422 -98
422 229
425 -255
428 -438
434 -347
435 -263
435 -162
437 -252
437 384
438 297
439 -167
439 196
443 -481
444 -92
444 48
446 -150
446 341
446 543
447 -49
448 432
457 -544
457 181
457 549
458 -532
458 -474
459 -209
459 -158
461 -18
461 72
463 -454
464 -300
464 399
465 50
467 -7
467 499
469 -417
469 -355
469 1
471 -243
471 207
472 -405
474 111
476 -208
482 53
482 207
485 146
490 -448
496 -124
497 -174
500 -177
501 -268
502 -134
502 461
506 -370
506 -287
509 -10
510 41
510 86
510 139
511 -104
511 -41
512 -496
512 -444
514 -521
514 -358
515 233
516 331
518 402
519 -444
522 -159
523 -417
524 -489
526 -449
528 -478
528 264
529 -24
530 365
532 544
533 -397
533 132
533 485
537 -72
539 -211
539 481
540 -501
540 -455
546 -30
547 -210
547 -126
