500
0 0
-200 106
-199 143
-196 96
-194 -64
-194 196
-193 -142
-193 14
-193 81
-192 -175
-192 121
-192 189
-188 -191
-188 46
-186 -89
-186 137
-186 168
-185 -71
-185 168
-183 -38
-183 74
-182 -141
-182 33
-180 -132
-180 -125
-180 56
-179 -6
-178 73
-177 -71
-177 -30
-177 76
-176 46
-175 162
-174 -69
-173 -75
-173 102
-172 -142
-171 -46
-170 -109
-168 -39
-167 -175
-165 4
-164 123
-163 -28
-160 -50
-159 164
-158 -108
-158 -2
-158 172
-157 70
-155 41
-155 52
-155 56
-155 95
-155 97
-153 -168
-151 33
-148 -192
-146 184
-145 -19
-143 44
-142 -153
-142 -58
-142 89
-142 166
-141 -135
-141 6
-140 -121
-140 -29
-139 65
-139 112
-138 -167
-138 -63
-137 -122
-133 -198
-133 190
-129 50
-129 68
-127 -192
-127 -149
-126 -195
-126 31
-123 -197
-123 40
-123 177
-121 -89
-118 86
-117 4
-117 33
-117 50
-117 147
-115 -102
-115 -44
-114 28
-110 -173
-110 -16
-110 19
-110 156
-108 -153
-106 -7
-106 155
-105 -198
-105 -59
-105 94
-105 103
-105 165
-104 14
-103 83
-102 -96
-102 82
-99 127
-98 -149
-98 80
-98 147
-97 -196
-97 -176
-97 -101
-97 -50
-96 -152
-95 -171
-95 -10
-95 131
-94 58
-93 -161
-93 -98
-92 -92
-91 -180
-91 -45
-91 106
-91 150
-89 -100
-89 -52
-89 193
-88 153
-87 -1
-87 48
-85 -21
-84 -132
-84 65
-84 108
-84 122
-82 130
-81 -130
-78 170
-77 91
-76 -149
-76 141
-76 147
-74 -103
-74 -5
-74 152
-72 -173
-72 -87
-71 -111
-71 110
-70 -12
-69 -200
-69 -28
-69 -14
-67 -29
-67 53
-66 138
-64 -117
-63 20
-62 -78
-61 52
-61 117
-60 -120
-59 -49
-58 -4
-57 -137
-57 -46
-56 -42
-56 137
-55 -80
-54 11
-54 111
-53 -43
-53 138
-51 -120
-50 7
-47 -167
-47 -33
-47 43
-46 64
-46 120
-45 158
-42 -190
-42 -41
-42 24
-41 52
-40 25
-39 42
-39 69
-39 86
-38 -49
-37 -163
-37 -111
-37 145
-37 187
-35 75
-33 -63
-32 140
-31 -81
-31 42
-31 45
-31 138
-30 -134
-29 -184
-28 -106
-28 -53
-27 -157
-27 5
-26 43
-26 138
-24 195
-22 -171
-22 -159
-22 -125
-22 120
-21 -59
-21 114
-20 -55
-20 -45
-20 195
-19 -64
-17 -14
-16 -154
-16 -100
-15 84
-14 -100
-13 -78
-12 185
-12 189
-11 -17
-11 146
-11 167
-9 -194
-8 -68
-7 -163
-7 -109
-7 -63
-6 173
-3 -192
-3 -175
-2 -135
-2 -108
-2 25
0 -63
0 90
1 -106
1 196
3 -200
3 -193
3 -155
3 -60
4 -137
4 70
4 77
4 107
4 181
5 147
6 -61
6 24
7 -71
8 7
8 147
9 -68
9 36
10 -186
10 -116
10 155
10 174
11 -86
12 -151
13 -185
14 -125
14 199
15 83
16 109
19 -181
19 -160
19 -100
19 -86
19 98
19 111
20 -78
20 52
23 -182
23 -35
24 -142
24 -138
24 12
24 179
25 -145
25 92
28 58
28 89
29 174
31 -147
31 198
33 31
33 118
34 62
34 69
34 100
35 -87
36 -190
37 -71
40 70
41 -113
41 11
41 50
41 86
42 -61
42 135
42 144
48 -84
48 -81
49 -110
49 43
50 -28
50 172
52 -68
52 175
53 138
56 159
58 -73
58 196
59 -43
59 15
60 -4
61 -99
63 8
67 -29
68 -170
68 52
70 -87
72 -182
74 -37
75 2
76 -86
76 5
76 143
77 -56
77 -33
77 131
77 150
78 -178
78 30
78 85
79 -145
80 -102
80 59
81 -2
81 71
83 40
84 44
87 -200
88 -163
89 -52
89 25
90 -59
91 -65
91 -59
91 116
93 -43
93 -31
93 179
94 92
95 -180
95 17
96 -21
99 -39
100 -188
100 -73
102 49
102 197
103 -123
104 23
105 -127
105 12
106 189
107 -33
107 87
109 -99
110 12
112 -27
114 -150
115 -181
115 -147
115 -52
116 -23
117 -72
118 1
118 16
119 -65
119 17
120 -6
120 184
121 -71
122 158
123 -190
123 -137
123 13
123 93
126 -145
126 94
129 -154
129 -39
129 61
129 135
130 -126
130 112
131 -82
131 60
132 -39
133 -96
135 -95
135 177
137 -117
138 -99
138 -6
139 126
140 -159
140 -76
140 71
141 -116
141 13
141 71
142 180
143 127
144 -125
144 164
144 167
145 11
145 134
147 -18
148 -27
149 -106
150 69
151 -114
151 48
152 197
153 -135
154 -117
155 87
156 62
156 193
158 -19
158 2
158 47
158 171
159 114
159 165
160 -171
160 -104
162 -82
163 -140
163 184
164 -23
164 56
166 -118
166 27
168 72
169 -140
169 101
169 118
170 -119
170 101
171 171
172 193
174 -77
174 80
176 -31
178 146
179 -158
180 -127
181 -189
181 -88
182 -118
183 -140
183 -118
185 -34
186 -147
186 -103
186 7
189 -192
189 57
191 -99
191 82
191 197
192 -157
194 -97
194 83
195 151
197 62
197 177
198 168
198 193
199 143
