200
0 0
-198 -74
-197 -169
-196 -194
-194 193
-190 -185
-189 44
-189 142
-187 74
-182 -115
-182 -90
-180 42
-178 -176
-177 -198
-176 -128
-176 -113
-171 191
-170 -117
-170 -103
-169 -90
-167 -89
-166 -177
-162 151
-151 80
-149 54
-148 83
-147 35
-142 -94
-142 97
-140 72
-139 181
-135 -74
-131 52
-129 84
-127 -159
-127 -125
-127 -118
-126 -8
-125 36
-124 -27
-124 148
-122 -167
-119 151
-118 -60
-118 67
-118 168
-113 -88
-112 -111
-107 -183
-106 72
-106 194
-104 22
-102 87
-101 67
-99 162
-98 -17
-98 198
-97 152
-91 118
-90 -58
-86 -148
-85 -71
-82 69
-81 -146
-81 -130
-79 -64
-78 19
-72 -113
-70 -49
-70 193
-69 109
-65 141
-64 176
-63 23
-62 -125
-56 172
-52 41
-46 143
-45 -151
-41 -58
-41 97
-34 -146
-34 -125
-34 -65
-28 -95
-28 121
-27 -63
-24 -169
-23 94
-20 -159
-19 -27
-18 -199
-15 136
-15 180
-10 -31
-9 193
-5 92
-4 37
-3 -53
-2 -22
-2 131
0 152
1 -175
2 185
3 -90
8 10
11 -162
13 2
13 168
15 187
16 -168
23 -154
24 -144
27 83
29 129
30 -152
30 78
32 54
36 40
42 72
44 191
45 191
49 -29
49 58
53 -25
55 -67
57 111
64 71
65 -75
69 93
73 -117
73 88
74 -70
75 89
78 182
82 183
88 -189
88 -66
88 186
89 -2
90 105
91 -57
92 -189
93 -49
93 -7
94 -52
94 69
95 1
96 -24
96 85
97 -76
97 77
98 -91
98 -39
98 68
99 138
101 -40
103 -70
104 90
105 175
106 -143
108 55
112 147
113 -173
114 -138
114 -11
117 158
119 63
123 110
125 -32
125 46
126 18
126 159
131 128
136 164
137 -103
137 139
144 -39
145 83
145 196
150 -194
150 121
153 50
154 -167
154 -63
154 -14
156 -183
159 -74
166 -134
169 -166
170 -6
174 140
176 -155
176 69
180 -167
181 -180
182 115
183 29
186 30
190 59
190 93
