500
0 0
-447 -144
-446 -165
-446 363
-445 338
-443 -236
-442 -100
-440 -193
-440 265
-439 61
-438 -136
-437 -168
-433 30
-432 -278
-432 62
-427 188
-422 -270
-422 249
-421 -208
-420 146
-417 15
-416 -260
-414 220
-411 73
-409 -60
-407 -109
-403 -183
-401 -407
-401 36
-400 -305
-399 10
-398 -310
-398 135
-394 -422
-393 -141
-392 -438
-392 426
-389 -408
-388 225
-385 434
-382 380
-379 295
-377 -114
-373 184
-373 343
-368 -278
-367 -176
-366 -35
-360 -416
-360 -337
-358 -374
-358 447
-357 -450
-356 -154
-356 -63
-355 249
-354 -119
-354 -12
-354 185
-350 -27
-350 350
-348 325
-344 417
-343 42
-342 370
-341 295
-340 294
-337 34
-335 -131
-332 215
-331 60
-330 -185
-320 -25
-320 302
-315 -247
-311 -434
-307 366
-305 -288
-303 139
-301 -131
-301 68
-300 238
-298 -232
-298 -196
-298 -192
-293 -339
-292 -323
-292 -263
-291 -134
-281 -392
-280 -414
-279 196
-275 53
-274 358
-272 -75
-268 90
-268 207
-267 -416
-267 -179
-261 384
-261 438
-260 -147
-257 76
-255 77
-251 -118
-251 99
-244 -22
-244 271
-243 -161
-235 -126
-222 403
-218 248
-218 284
-218 400
-217 121
-214 -261
-213 -284
-211 56
-207 143
-202 -298
-202 362
-201 350
-198 -253
-198 144
-197 -87
-196 -448
-193 -318
-192 -434
-192 -401
-192 -24
-191 184
-186 -298
-184 265
-183 176
-182 -186
-179 -402
-178 -292
-173 -285
-173 73
-173 383
-170 243
-169 -138
-167 -193
-166 -17
-163 -162
-161 80
-154 307
-149 13
-148 228
-147 62
-147 275
-141 158
-133 -411
-132 193
-130 -360
-130 -31
-128 52
-126 -319
-126 275
-126 277
-125 -187
-123 150
-123 195
-122 -386
-121 -311
-115 39
-112 -250
-111 268
-110 -153
-110 114
-110 280
-108 -332
-107 325
-106 -380
-105 -303
-105 -10
-100 -190
-97 107
-92 -380
-87 146
-86 -409
-86 264
-77 383
-75 -239
-75 -73
-70 79
-70 296
-68 207
-68 253
-67 -216
-67 211
-66 246
-60 -106
-60 71
-58 -41
-56 424
-54 -437
-54 -381
-53 -279
-53 -251
-51 -60
-49 -274
-47 -404
-47 102
-45 -91
-43 222
-42 -96
-42 404
-40 -420
-39 167
-38 151
-38 246
-37 -436
-34 204
-23 417
-21 -54
-21 59
-20 -189
-20 -72
-20 -32
-20 128
-15 -345
-15 194
-14 305
-13 110
-11 -430
-11 -323
-11 241
-6 284
-2 284
-1 -129
1 -235
6 -263
8 347
9 -126
10 -122
11 330
12 -35
15 -394
15 373
16 -306
16 -267
16 261
16 333
18 -359
18 -113
20 -386
20 -96
22 342
23 -28
26 -230
28 230
30 186
31 225
33 -108
34 -347
34 207
35 -160
36 -340
36 -48
41 88
43 -263
44 -438
48 210
51 -192
52 132
53 -286
55 -147
58 366
64 -5
68 -176
69 -147
75 -130
77 -144
78 -275
82 -378
82 -312
86 -191
89 -73
94 217
94 447
95 -425
100 -163
101 179
102 106
105 -339
106 256
109 -390
111 -347
113 -318
113 354
115 -303
118 -162
121 -132
121 101
124 223
125 438
127 -172
127 357
129 40
132 -345
133 267
136 -337
136 -184
136 198
137 -134
137 214
138 -258
140 -278
143 -295
147 -246
151 376
152 -202
152 386
153 -278
154 426
155 222
156 -267
157 -439
162 365
171 223
171 311
172 170
173 -124
177 -247
179 -247
181 -163
181 -127
184 -262
186 -354
189 -82
189 44
190 148
191 -380
191 334
192 -277
196 400
197 11
200 -19
202 -420
202 175
204 14
204 19
206 53
210 -247
210 -71
210 279
210 385
213 -383
217 245
218 28
222 102
225 254
225 332
226 -60
228 -9
229 423
234 -298
234 -221
236 361
241 -30
241 123
242 -358
243 -182
245 -338
246 321
248 -256
248 -130
248 242
250 -238
253 210
258 155
260 -109
260 178
261 346
263 377
263 433
264 -91
265 42
265 305
266 139
267 131
270 -89
272 416
277 382
278 142
280 -254
280 239
283 254
285 -323
285 137
285 227
287 -334
287 -120
288 -385
290 -101
291 85
291 210
297 -315
297 -68
298 426
299 -449
300 233
302 249
305 203
305 344
311 -152
311 -143
312 -287
312 386
313 -189
315 -10
315 25
318 -433
319 104
319 249
320 -139
322 -367
332 -382
332 1
337 -421
338 -218
338 -180
339 -10
341 -391
346 -194
348 -251
349 -132
349 -76
350 -405
353 -174
359 -269
359 7
359 393
360 -443
360 -71
360 312
362 -106
362 95
363 140
364 -156
365 -226
365 -203
368 -347
368 -34
368 284
371 -349
373 374
377 46
383 -401
383 -120
383 411
385 -107
385 348
387 -83
388 299
391 -43
395 -58
399 -98
399 431
400 -426
402 302
404 -403
404 -342
404 -135
405 -352
406 -20
408 -417
408 -236
409 -278
410 -418
410 -311
410 210
410 331
416 -142
416 328
417 -378
418 412
419 -208
419 -135
420 -432
422 252
428 -288
428 316
429 -130
432 -290
434 -13
434 63
435 355
436 281
438 358
439 240
439 309
440 359
442 -282
443 -249
444 398
445 -27
446 -304
446 -154
449 347
