300
0 0
-200 15
-200 122
-200 156
-198 -4
-197 -125
-195 -127
-194 187
-193 -157
-191 47
-191 168
-190 146
-189 -52
-187 -80
-186 192
-184 3
-184 32
-181 -72
-178 160
-176 37
-175 -35
-174 -162
-174 140
-172 88
-171 131
-170 -125
-164 -113
-162 -157
-162 156
-161 118
-160 -114
-160 187
-159 -133
-159 20
-159 135
-159 179
-152 -179
-151 -163
-151 124
-150 -127
-150 -63
-149 -79
-149 9
-148 -141
-143 -87
-142 56
-140 -82
-138 -67
-138 -9
-137 -38
-136 -145
-135 -27
-133 -56
-133 -18
-131 103
-130 -192
-129 -125
-129 -89
-129 -8
-128 4
-127 -200
-127 3
-123 -164
-122 38
-121 -112
-121 -29
-120 93
-118 106
-117 -137
-115 100
-115 108
-111 -129
-108 7
-105 -113
-104 122
-103 51
-101 139
-98 -92
-98 136
-96 -17
-96 128
-95 -173
-95 115
-92 -11
-92 41
-91 -66
-90 -147
-88 15
-87 51
-87 156
-86 -69
-82 29
-80 -128
-78 -37
-77 -80
-77 133
-76 33
-75 -44
-75 136
-74 3
-73 -76
-72 -103
-69 -179
-68 -166
-67 -88
-67 114
-66 -45
-62 83
-61 -125
-61 57
-59 183
-57 -85
-57 -12
-56 9
-56 153
-55 -192
-55 37
-54 -186
-52 199
-51 37
-51 194
-50 -12
-48 23
-47 113
-44 137
-42 44
-38 94
-37 2
-37 30
-36 84
-35 17
-35 67
-31 136
-29 122
-28 49
-26 -175
-24 153
-23 128
-22 183
-21 -99
-20 4
-20 68
-19 -65
-18 -124
-18 173
-17 -1
-16 -106
-16 -67
-16 -51
-14 -121
-13 14
-8 47
-6 -133
-5 -171
-4 -59
0 -146
1 -97
1 -39
2 -94
2 -78
3 -152
3 97
4 -174
5 123
6 -128
8 -173
8 159
9 -96
11 101
12 196
13 -135
14 20
14 58
15 -199
15 -173
15 86
19 60
23 131
24 123
25 -10
26 -164
27 23
28 -83
28 56
29 -109
31 -109
32 199
33 -185
34 -182
37 162
38 58
41 40
42 -22
45 -28
48 -12
48 5
48 46
50 -74
50 -1
53 -134
55 -98
55 -3
55 116
56 -5
56 73
57 -60
57 192
59 83
61 -164
63 -154
63 -131
63 1
63 38
64 -41
64 -23
64 18
64 39
65 168
66 -18
66 195
67 150
68 -9
68 100
69 -124
69 -71
72 60
72 117
75 14
77 36
79 -137
81 -186
81 135
82 90
82 160
86 -126
86 95
86 163
88 81
96 124
100 -3
100 142
102 -196
102 -194
102 179
106 108
112 -194
112 -33
112 -2
112 66
114 88
117 -97
117 -61
117 -21
118 9
119 122
119 178
122 -157
124 52
124 82
125 38
133 -123
133 -35
134 39
136 -133
139 58
140 59
142 92
143 154
144 32
145 -78
145 104
146 -129
148 27
149 -182
150 -11
150 135
152 -95
152 145
153 -102
155 -116
155 59
156 -15
157 -100
159 183
160 -184
163 10
169 -171
173 44
175 -2
177 94
179 -70
179 -40
183 -93
183 61
187 -91
188 -98
188 17
188 104
191 -4
191 35
193 166
