500
0 0
-200 143
-198 113
-197 188
-196 -50
-196 184
-194 92
-192 -189
-192 -144
-190 -126
-190 -14
-190 51
-190 152
-189 -132
-189 25
-189 175
-188 -143
-188 -133
-187 123
-186 167
-185 -198
-185 119
-184 -196
-183 -118
-183 -77
-183 140
-182 -34
-181 21
-177 -153
-177 118
-175 -163
-175 34
-173 -166
-172 -88
-172 48
-171 -39
-171 121
-170 -97
-168 -145
-167 -197
-167 56
-167 93
-167 143
-166 -153
-166 -32
-165 -29
-164 -150
-164 103
-160 -6
-160 171
-159 80
-159 169
-159 183
-158 -60
-157 148
-156 -182
-156 150
-154 -200
-154 33
-153 163
-152 104
-152 186
-151 -104
-150 47
-150 103
-149 -139
-149 -49
-149 -43
-149 70
-149 97
-147 147
-146 -188
-146 -65
-143 110
-142 119
-142 147
-141 -68
-141 -47
-140 -163
-136 -86
-135 -161
-135 194
-133 -18
-133 6
-132 -167
-132 154
-131 -49
-131 141
-130 -135
-130 188
-129 -64
-129 55
-128 92
-127 27
-126 -176
-126 -167
-126 -103
-126 166
-124 -143
-123 138
-122 41
-121 -177
-121 -69
-121 -32
-118 -32
-118 29
-116 -196
-115 -182
-115 95
-115 99
-114 -26
-114 138
-113 -70
-113 90
-112 47
-110 -134
-110 -97
-110 11
-110 54
-110 69
-109 -168
-109 -134
-109 -5
-106 -165
-106 -121
-106 -64
-105 -199
-104 -123
-102 -109
-102 11
-101 37
-101 60
-101 100
-100 9
-98 -138
-98 -87
-97 -96
-97 -61
-97 31
-97 44
-97 92
-95 -11
-94 -42
-94 3
-93 8
-93 52
-93 176
-92 -197
-92 -83
-91 65
-90 -115
-90 -100
-89 179
-84 -193
-84 -71
-82 -150
-82 9
-81 -107
-81 -106
-81 196
-80 186
-78 -90
-78 -16
-77 -28
-77 151
-76 -170
-76 148
-75 -199
-74 -146
-74 -103
-74 83
-73 114
-73 122
-71 27
-70 84
-70 195
-69 66
-69 198
-68 -25
-65 198
-64 164
-60 7
-54 88
-53 -17
-52 -114
-51 104
-51 188
-49 -38
-48 -37
-47 124
-45 58
-44 -117
-44 90
-43 -164
-42 49
-41 181
-40 -185
-39 15
-38 -147
-38 -88
-37 -49
-35 160
-34 -31
-33 -149
-33 76
-28 66
-26 -9
-26 2
-26 13
-26 31
-25 -192
-25 -1
-23 7
-23 16
-21 -148
-21 -137
-20 -17
-20 112
-19 41
-18 -58
-18 -2
-17 -133
-17 -31
-17 23
-17 157
-16 -36
-16 27
-15 91
-14 97
-12 -168
-11 33
-10 -114
-7 104
-6 77
-5 -53
-5 82
-2 40
-1 -98
-1 35
-1 135
0 -188
1 -59
1 13
3 75
3 174
4 150
5 40
5 154
6 -101
6 -11
6 68
7 -194
7 110
8 -171
8 -46
8 191
9 13
9 169
12 10
12 134
15 123
15 189
17 -46
18 30
19 -140
19 -34
19 104
19 177
20 -160
20 113
21 -194
22 -136
22 -121
22 -27
22 -22
22 134
22 137
24 81
24 137
25 -198
25 -170
25 110
26 169
27 -59
27 26
32 -30
34 -121
36 -156
37 35
38 67
39 -62
39 32
41 72
42 -101
42 -95
42 112
44 -39
45 30
46 121
47 108
48 24
49 -167
49 80
51 -156
51 -3
56 -163
56 191
58 -92
58 87
60 141
60 150
61 -147
61 43
61 153
62 -96
62 -95
62 -63
63 -191
63 -156
63 -17
63 133
66 -50
66 148
67 -188
67 70
68 -65
69 -75
71 -109
71 -73
71 -57
72 -161
72 -32
72 151
75 54
76 3
76 103
78 -170
78 -116
79 71
80 -123
81 -191
81 -23
81 -12
82 -73
82 168
83 60
84 -182
85 -92
85 158
86 168
87 99
89 -129
89 64
89 105
90 90
91 -62
91 55
91 161
92 -153
92 -114
92 -40
92 -16
92 27
94 -183
94 98
96 58
98 -193
98 102
100 23
100 165
101 198
104 139
105 36
106 86
106 170
107 3
108 -174
108 57
110 -190
110 -121
111 -43
112 -49
112 -11
112 186
114 -132
114 -97
115 91
115 112
117 8
117 63
118 8
119 -61
119 121
120 154
122 -25
123 82
124 140
125 -195
126 -165
127 -166
128 -188
128 -175
128 134
128 196
129 -72
129 26
129 150
130 -180
130 -149
132 -130
132 -118
132 85
133 -53
133 70
134 -171
135 -173
137 -19
137 -5
137 108
138 125
139 -55
140 -24
141 -27
141 -1
142 -48
143 -47
143 98
145 39
146 18
146 144
146 172
147 -138
147 70
148 -73
149 109
149 164
150 -200
150 37
150 62
151 28
152 -10
152 148
153 -168
153 -21
153 -19
153 58
153 180
154 17
155 -85
156 181
157 -124
157 137
159 -66
160 -31
161 -2
162 -156
162 183
163 -3
163 85
164 -172
164 1
166 -21
166 40
167 -32
168 54
169 45
171 -57
172 -173
172 -55
173 -114
173 -28
173 129
175 24
175 87
177 141
178 174
179 -83
180 131
181 -61
181 -43
181 -12
181 197
182 92
183 186
183 195
186 -98
186 106
186 140
187 127
188 -18
188 90
189 181
190 112
190 141
192 146
196 -107
196 -60
196 35
197 -178
199 -2
199 76
