200
0 0
-199 -127
-199 2
-196 -199
-192 -59
-192 -23
-191 -57
-191 106
-190 -49
-186 59
-185 5
-185 184
-184 -50
-183 102
-180 144
-179 163
-175 152
-170 133
-169 176
-168 -83
-165 -138
-164 -149
-164 -107
-162 -127
-162 -102
-158 -150
-156 26
-151 13
-150 -140
-149 -137
-149 56
-147 -40
-147 11
-146 41
-145 -186
-144 -92
-143 4
-136 -55
-133 -112
-133 138
-132 85
-130 151
-128 98
-127 49
-127 60
-115 186
-113 -125
-110 88
-108 94
-108 98
-106 -142
-105 -91
-102 -167
-100 -97
-100 69
-99 146
-96 -2
-95 62
-92 -93
-85 60
-82 121
-81 -162
-79 -76
-79 199
-78 -178
-76 -58
-75 65
-74 -37
-74 36
-70 -55
-70 143
-69 -137
-67 -129
-63 34
-63 173
-61 -99
-55 -48
-54 3
-50 -185
-50 149
-49 57
-47 -85
-46 -65
-45 83
-44 74
-43 -167
-43 -162
-43 112
-41 108
-40 79
-34 -38
-29 85
-28 -166
-27 -91
-18 36
-17 87
-17 100
-16 -156
-15 -170
-14 -177
-13 -57
-13 108
-8 -188
-7 10
-7 116
-3 -131
-3 158
1 43
8 -184
13 -15
15 -87
16 -154
17 198
22 166
24 71
27 -177
31 150
32 34
33 44
35 -82
36 -61
39 -179
40 25
43 57
43 130
45 73
56 51
57 -115
59 98
62 55
67 16
68 69
69 -74
72 126
73 160
74 -102
74 -92
76 -190
76 -36
78 -146
81 -16
82 77
83 6
89 -49
91 -177
95 101
96 8
97 38
99 151
103 -13
104 118
104 144
105 183
107 140
107 152
108 -169
113 -48
118 -200
119 -153
120 -50
122 108
123 82
125 -59
128 -3
130 -157
130 -53
132 64
135 42
136 -143
136 -52
139 -186
142 30
142 149
147 -134
147 -53
148 97
150 132
151 73
151 79
151 170
151 175
152 -73
153 23
154 -33
156 -62
162 183
164 23
168 -26
169 1
170 -183
170 -162
184 -192
184 -139
184 136
188 -187
191 -41
192 -137
195 -114
195 185
196 45
199 99
