500
0 0
-199 -191
-199 -16
-197 142
-197 170
-196 -108
-196 -53
-195 5
-194 -27
-194 103
-193 42
-193 109
-192 -174
-191 -93
-191 82
-190 117
-190 196
-189 -152
-189 120
-188 -5
-186 -66
-186 55
-186 158
-185 -129
-184 -163
-184 12
-182 108
-181 -122
-181 47
-180 -59
-180 121
-179 -180
-179 -90
-179 110
-178 -123
-178 -59
-177 177
-176 38
-175 -200
-175 67
-174 -13
-173 -144
-172 -73
-172 30
-172 156
-171 -116
-171 98
-170 -184
-170 -102
-170 111
-169 13
-167 -132
-161 -12
-160 73
-160 122
-159 5
-157 -139
-156 133
-155 -102
-154 -183
-153 -176
-152 85
-151 -1
-151 84
-151 186
-148 67
-146 -127
-145 79
-145 135
-145 198
-144 6
-144 156
-144 193
-143 -58
-143 57
-143 118
-142 106
-142 194
-141 -21
-141 56
-140 189
-139 53
-138 -133
-138 83
-138 141
-137 -191
-137 -40
-136 -30
-136 -5
-136 78
-135 -96
-135 15
-133 41
-133 199
-132 -24
-132 18
-132 70
-132 98
-132 185
-131 173
-131 185
-129 32
-128 -37
-127 147
-126 82
-123 -102
-123 -77
-122 -109
-122 125
-121 -136
-121 116
-120 130
-120 139
-119 116
-117 -153
-117 -23
-117 -3
-117 28
-117 194
-116 -156
-115 -79
-115 94
-115 138
-113 80
-111 29
-110 -179
-110 -111
-109 -139
-109 -101
-109 194
-107 -177
-107 -157
-107 38
-107 75
-106 52
-104 75
-103 -91
-103 8
-102 -180
-101 35
-101 95
-100 -40
-99 35
-98 -50
-98 179
-97 92
-97 109
-97 187
-94 -121
-93 -107
-93 -71
-91 -13
-88 -152
-87 -87
-87 146
-86 -41
-86 -38
-85 -169
-85 198
-83 -87
-82 -125
-82 -58
-82 -9
-80 -88
-80 93
-78 -168
-78 -82
-78 163
-77 -46
-77 102
-77 124
-75 64
-73 0
-71 -70
-70 -130
-69 46
-69 52
-69 107
-69 149
-69 194
-66 143
-65 83
-65 182
-65 184
-64 -131
-64 73
-63 133
-61 -182
-61 -178
-61 -129
-61 0
-61 60
-61 65
-61 71
-61 94
-60 -147
-60 58
-60 85
-59 91
-57 -160
-57 83
-55 -65
-54 113
-53 78
-53 130
-51 -47
-51 1
-50 -124
-50 105
-48 -181
-48 183
-46 -70
-45 -62
-43 54
-42 -101
-41 -35
-39 -111
-38 40
-37 -89
-37 114
-36 71
-33 -16
-32 -126
-32 -84
-32 42
-31 -87
-30 178
-28 150
-26 98
-25 -194
-22 -200
-22 -135
-21 -160
-21 65
-21 176
-20 -134
-20 -77
-19 -40
-18 83
-16 -135
-16 -66
-16 19
-14 180
-13 60
-12 -108
-12 126
-12 187
-10 -145
-10 -60
-9 -75
-9 55
-8 62
-8 124
-7 190
-6 -53
-6 160
-4 30
-3 179
-2 -57
-2 155
-1 -73
-1 -60
-1 5
0 92
0 93
1 27
2 -154
2 -104
3 -186
5 -102
6 -139
7 148
8 -1
11 193
13 169
15 -196
15 -129
15 -18
18 -158
18 -55
18 128
19 -193
19 -73
19 173
21 -170
22 35
22 40
22 139
24 -193
24 166
25 83
27 -134
28 135
29 198
32 -79
33 -160
33 137
35 97
35 162
37 -146
37 109
41 -133
42 -169
42 -101
42 199
43 31
44 131
44 190
45 173
46 -122
46 -59
46 99
47 172
48 12
49 -82
49 -38
50 67
54 173
56 189
57 55
57 113
57 164
58 -75
60 -51
61 -28
61 -2
64 -157
64 -60
68 -69
68 135
69 110
72 98
73 64
73 151
75 146
76 -56
76 163
77 -189
77 190
78 -124
80 -123
80 -33
80 16
81 -146
81 -4
83 -158
83 -144
83 -53
84 -127
85 -116
85 81
86 -1
86 112
88 128
89 69
91 -4
92 -150
92 39
92 105
93 -40
93 -12
93 65
95 -101
95 -17
96 -81
96 -12
99 89
100 -147
100 54
101 59
101 172
102 -82
104 -85
104 -18
106 -31
107 -184
107 131
108 -22
110 130
111 35
113 119
114 -137
114 -102
114 -79
114 51
114 75
115 -74
115 118
115 142
116 74
117 -6
118 -192
119 -200
119 61
122 -36
123 -134
124 3
125 150
126 -127
126 75
127 28
128 -103
128 10
130 -11
131 -132
131 -120
131 80
134 -171
134 175
135 -111
135 -71
138 158
140 142
141 4
141 142
143 -88
145 -200
146 -127
146 176
148 42
150 -153
150 72
150 173
151 -173
151 -39
151 33
152 -110
152 -79
152 -1
152 69
152 146
152 154
152 189
154 -57
157 -197
157 -29
157 101
157 104
157 153
158 -88
159 -89
159 -6
160 -171
161 -138
162 -81
162 178
163 -9
163 196
165 -45
166 -60
166 191
167 78
168 -135
169 -180
169 -52
169 17
170 86
171 -19
171 60
171 108
172 -24
173 151
174 -18
174 1
174 178
175 -148
175 -110
176 -120
176 -26
177 -39
178 -198
179 -184
179 105
180 -156
180 176
181 129
183 -146
183 -9
184 32
185 106
185 147
186 -132
186 29
186 129
186 193
187 -45
189 -58
189 27
190 -141
191 -198
191 -15
192 -131
192 39
193 31
194 57
195 -148
196 -104
196 -79
196 144
198 179
199 -7
