300
0 0
-350 -88
-349 -88
-347 -341
-347 -315
-341 161
-339 -293
-336 5
-332 230
-325 -257
-323 193
-319 -30
-317 -270
-311 14
-310 -37
-308 43
-306 -133
-303 190
-303 295
-298 318
-297 213
-293 -5
-292 254
-289 281
-285 -1
-285 109
-284 -283
-284 82
-279 6
-275 9
-274 -71
-272 -23
-268 -66
-265 -33
-264 213
-264 215
-263 -290
-263 -241
-261 -79
-261 -13
-260 -169
-252 -242
-252 -23
-252 92
-250 341
-244 -91
-244 24
-242 -114
-240 180
-237 36
-235 140
-231 -305
-229 -166
-229 96
-227 108
-227 170
-226 217
-224 188
-223 280
-221 -285
-220 148
-218 102
-216 279
-214 154
-211 -109
-210 202
-204 -134
-202 233
-201 90
-199 -15
-198 -65
-196 -326
-186 180
-186 255
-182 -288
-182 -35
-181 170
-177 -178
-174 -342
-173 258
-172 113
-172 204
-170 261
-162 334
-161 -171
-160 -241
-160 164
-159 -265
-159 -253
-158 116
-151 36
-149 -265
-148 -118
-146 217
-143 264
-140 182
-138 -141
-138 310
-134 -213
-133 -262
-130 178
-128 -233
-123 -188
-115 112
-112 -72
-112 31
-109 189
-105 198
-103 241
-101 -138
-101 -75
-101 190
-99 318
-97 -104
-96 274
-93 86
-93 196
-89 197
-88 -96
-83 -165
-83 87
-82 -125
-82 -98
-81 -109
-81 22
-79 -298
-78 -135
-76 302
-75 -136
-75 323
-74 -52
-72 92
-72 109
-71 -19
-61 73
-61 76
-55 -264
-55 252
-53 103
-50 -196
-45 330
-40 186
-38 121
-37 -282
-35 101
-35 254
-33 -266
-33 -155
-32 91
-32 211
-31 266
-25 -286
-25 30
-24 131
-23 60
-21 -292
-18 -253
-7 -275
-7 215
-4 283
-1 -209
0 -250
1 145
2 -31
4 77
5 195
7 107
7 290
12 -125
15 -274
16 -332
18 -294
22 -25
25 -255
26 -149
26 306
28 211
32 183
33 210
37 -249
38 53
49 179
55 308
59 236
61 -201
62 -314
62 265
64 293
65 216
67 -256
69 -201
69 -6
70 -47
72 -340
73 116
75 44
87 185
90 246
91 289
93 -184
94 -168
99 -216
99 -102
99 67
102 -10
105 -87
106 -136
108 -28
109 -208
109 181
112 -14
115 28
116 -293
119 153
124 299
126 34
128 -48
132 -236
136 -263
141 -248
145 111
146 -36
146 291
150 292
151 -237
154 146
156 116
158 -251
164 144
165 312
165 336
166 346
168 159
171 -161
172 20
176 -215
177 223
180 114
184 253
187 -199
187 57
187 172
188 36
190 -219
190 -215
198 -197
199 80
199 189
215 -15
217 -1
231 144
232 129
232 284
233 -216
235 -198
236 -159
239 -103
248 -312
248 -156
249 227
253 146
254 -57
254 229
262 -5
262 279
265 -138
265 227
269 -267
270 -337
272 -215
273 201
275 -269
279 106
280 -329
282 -20
282 62
282 310
285 8
288 -143
289 -299
291 -109
294 -123
295 295
296 -30
296 131
299 -181
306 -125
307 -40
312 -293
313 -220
316 -4
316 88
319 -72
319 -2
322 23
322 258
328 -107
335 -73
339 77
347 88
349 -242
