300
0 0
-346 338
-338 211
-336 190
-334 175
-331 279
-330 -258
-327 123
-327 256
-324 -337
-324 341
-321 -321
-316 -258
-313 -96
-312 -288
-311 51
-310 317
-304 -180
-302 292
-301 -209
-301 242
-300 140
-299 212
-296 -299
-289 143
-286 -172
-285 283
-283 -157
-283 101
-281 113
-281 150
-280 -176
-280 33
-278 -96
-278 -41
-277 -190
-274 -85
-268 69
-267 -141
-266 14
-262 -312
-262 86
-261 -251
-257 -142
-257 297
-252 141
-251 -6
-250 170
-241 -253
-237 272
-236 29
-236 289
-233 22
-229 -72
-228 -219
-227 -331
-222 154
-222 340
-209 -81
-208 -233
-204 -260
-203 -66
-199 58
-197 276
-190 299
-190 336
-186 324
-183 165
-183 310
-182 191
-175 -47
-173 -183
-170 146
-167 -228
-165 237
-161 110
-160 87
-159 284
-156 -127
-156 159
-155 -218
-154 57
-154 223
-154 273
-153 345
-152 -58
-147 -148
-144 265
-138 -303
-135 82
-134 -104
-133 -324
-133 -288
-132 13
-132 85
-132 261
-130 110
-128 -224
-127 -173
-125 67
-123 -9
-120 -77
-120 162
-119 -324
-119 -40
-116 161
-113 333
-111 106
-103 55
-94 34
-93 275
-91 -322
-91 -288
-91 -129
-90 20
-89 266
-88 -309
-88 146
-88 189
-87 -52
-81 227
-80 -93
-78 -286
-76 115
-75 29
-75 112
-73 162
-66 -296
-63 -15
-61 -231
-61 21
-56 9
-55 181
-53 95
-52 -179
-48 -45
-48 125
-47 -13
-47 295
-44 208
-43 -130
-43 26
-42 -239
-40 256
-38 259
-37 -105
-36 -89
-35 126
-33 327
-31 -179
-31 236
-25 86
-25 207
-18 -28
-15 20
-6 -323
0 40
0 66
4 -314
7 -8
13 -32
16 -346
17 90
18 -7
19 -293
21 347
23 296
25 247
26 -72
28 276
29 -155
30 74
34 -286
35 176
38 100
39 -72
42 23
43 -261
46 45
48 21
49 59
52 143
53 -109
54 -77
55 -106
65 346
68 -260
72 307
73 213
75 179
76 -143
79 219
82 -42
87 -290
89 -192
91 -338
93 -206
94 339
95 290
100 -255
100 143
105 -188
105 8
107 -240
108 160
111 194
112 43
114 100
119 84
122 -348
124 -5
124 16
129 221
130 87
131 -90
132 41
137 235
141 318
143 54
146 -66
147 -143
148 31
152 -64
153 208
153 235
155 236
165 216
168 -292
168 -96
168 200
170 60
173 226
177 221
182 -145
185 -175
187 -253
190 -173
196 8
197 -336
197 -172
203 46
204 49
207 -267
210 -273
214 -317
215 65
215 348
216 -343
218 285
221 -182
222 172
227 230
232 -233
233 179
234 -22
235 137
241 68
244 -334
244 -100
253 -197
257 -178
257 84
259 -324
264 -194
264 -70
264 234
266 191
267 -238
273 -265
276 -190
277 -302
278 -26
281 -47
282 16
282 19
284 27
285 -6
288 21
288 206
292 -69
292 312
296 -287
297 -14
297 341
300 -227
300 100
302 -270
305 120
321 -89
321 29
321 221
322 -28
322 246
322 337
327 -179
329 312
336 -200
340 -83
341 -138
342 280
349 286
