5000
0 0
-1450 -1173
-1450 626
-1449 -1044
-1447 -628
-1447 -386
-1445 -327
-1444 -1439
-1442 519
-1441 -23
-1440 -1071
-1439 -1113
-1439 -347
-1439 852
-1438 179
-1438 510
-1436 -649
-1436 -358
-1435 -980
-1435 981
-1433 -868
-1433 386
-1432 -747
-1432 1215
-1431 532
-1430 383
-1429 -92
-1429 538
-1429 1245
-1428 -318
-1428 480
-1427 -371
-1427 1428
-1426 -1339
-1426 474
-1425 -1386
-1425 54
-1424 1264
-1423 -491
-1423 -457
-1423 693
-1422 -540
-1421 26
-1421 788
-1421 1430
-1421 1435
-1420 -273
-1420 943
-1419 -570
-1418 -1382
-1418 133
-1415 -595
-1415 -286
-1415 896
-1415 1449
-1414 1310
-1412 -431
-1411 -706
-1409 111
-1406 -318
-1406 1023
-1406 1323
-1405 644
-1404 -559
-1404 151
-1404 709
-1403 -1268
-1402 275
-1400 -1102
-1399 920
-1398 -941
-1398 -661
-1398 -367
-1398 652
-1398 1351
-1397 -1448
-1397 -702
-1397 -554
-1397 496
-1396 -698
-1395 235
-1395 335
-1395 1148
-1394 -927
-1394 -81
-1394 739
-1394 885
-1392 120
-1389 -342
-1389 1252
-1389 1262
-1388 57
-1388 560
-1387 -652
-1387 -524
-1387 945
-1387 1165
-1387 1322
-1386 -1334
-1386 -1303
-1386 521
-1385 -67
-1385 1448
-1384 661
-1384 803
-1383 169
-1383 1182
-1381 -810
-1381 -117
-1381 52
-1380 1353
-1379 -1291
-1379 -1214
-1379 515
-1378 -1091
-1378 1238
-1376 -1152
-1376 -858
-1376 1146
-1375 272
-1375 472
-1374 -1259
-1373 -748
-1373 -589
-1373 1254
-1372 -1382
-1372 -1334
-1372 -396
-1370 -1000
-1369 -1059
-1369 -185
-1369 534
-1368 76
-1368 1401
-1367 -1022
-1367 47
-1366 -1363
-1365 -949
-1365 314
-1364 -784
-1363 -1215
-1363 -593
-1362 -440
-1362 132
-1362 740
-1361 -802
-1361 -150
-1360 -1408
-1360 -887
-1360 -374
-1359 -590
-1359 158
-1359 667
-1358 -84
-1358 1256
-1357 622
-1356 835
-1355 -49
-1355 1290
-1354 -1429
-1354 184
-1354 905
-1353 368
-1353 454
-1353 994
-1352 -989
-1352 -169
-1352 828
-1351 -1255
-1351 622
-1350 261
-1349 270
-1347 -62
-1347 -10
-1347 195
-1346 -966
-1346 -885
-1345 -1097
-1345 227
-1345 1285
-1343 100
-1343 582
-1343 929
-1343 952
-1342 473
-1340 -1259
-1340 -761
-1338 856
-1338 1113
-1336 -695
-1335 -1188
-1335 297
-1335 573
-1334 753
-1333 -584
-1332 -1194
-1332 977
-1330 -850
-1329 -1343
-1329 -658
-1329 131
-1329 707
-1328 -1062
-1328 -1023
-1328 -886
-1328 -9
-1327 -1078
-1327 -899
-1327 13
-1326 -1104
-1326 -985
-1325 -1373
-1325 805
-1324 -1408
-1324 -1209
-1324 394
-1323 172
-1323 1379
-1322 1249
-1321 -440
-1321 332
-1321 1397
-1320 -1415
-1320 -1257
-1320 -885
-1320 -735
-1320 -549
-1320 110
-1320 812
-1320 900
-1320 1319
-1319 -1091
-1319 -953
-1319 226
-1319 534
-1318 -567
-1318 174
-1317 -1154
-1316 -306
-1316 477
-1315 -527
-1314 -1245
-1314 -717
-1314 661
-1314 1362
-1314 1402
-1313 -143
-1312 -1384
-1312 -597
-1312 1034
-1311 -1040
-1311 -141
-1310 1084
-1309 -1202
-1309 -800
-1309 -771
-1308 -526
-1308 777
-1307 -108
-1307 914
-1306 -289
-1304 944
-1303 -1209
-1303 134
-1302 -685
-1302 1420
-1301 -894
-1301 -778
-1301 311
-1301 1249
-1300 -825
-1300 -758
-1300 324
-1299 -533
-1299 -436
-1298 -981
-1297 1108
-1296 1434
-1295 1338
-1294 -34
-1293 -1107
-1293 -818
-1293 1170
-1293 1196
-1291 24
-1291 1133
-1291 1328
-1289 -713
-1288 -458
-1287 -1027
-1287 205
-1286 456
-1285 -286
-1284 -704
-1283 1006
-1283 1270
-1283 1366
-1282 -841
-1282 -653
-1282 655
-1281 -110
-1281 80
-1280 545
-1280 1202
-1279 -257
-1278 -977
-1278 -49
-1277 484
-1276 -799
-1276 -429
-1276 -171
-1276 848
-1276 1203
-1275 -1133
-1274 1328
-1274 1444
-1273 963
-1272 923
-1272 927
-1272 1379
-1271 -472
-1271 -325
-1270 -858
-1270 410
-1270 561
-1270 1258
-1269 -1086
-1269 -417
-1267 1022
-1266 348
-1265 -420
-1265 855
-1264 -299
-1264 817
-1263 489
-1263 1284
-1262 -1280
-1262 -1172
-1262 914
-1261 -749
-1261 1170
-1259 -1011
-1259 -288
-1259 59
-1257 258
-1256 231
-1255 -1287
-1255 534
-1254 1091
-1254 1139
-1253 -1422
-1253 297
-1252 -91
-1252 29
-1252 229
-1251 -862
-1251 -673
-1251 531
-1251 697
-1251 1428
-1250 -254
-1250 -170
-1249 -752
-1249 746
-1248 -907
-1248 478
-1247 -1387
-1247 612
-1246 -607
-1246 445
-1246 733
-1244 -157
-1244 26
-1244 242
-1244 1273
-1243 -960
-1243 1129
-1242 -1366
-1242 782
-1241 -466
-1241 -307
-1241 746
-1241 1358
-1240 425
-1239 -55
-1239 -8
-1237 -326
-1237 406
-1234 504
-1234 1207
-1234 1408
-1233 -204
-1232 318
-1231 -340
-1230 -1184
-1230 882
-1229 -1283
-1229 -1256
-1229 441
-1228 -365
-1228 -237
-1227 390
-1227 1013
-1226 -1294
-1226 -356
-1226 76
-1224 961
-1222 -537
-1222 -6
-1221 1229
-1220 -1295
-1220 -154
-1220 792
-1219 -1429
-1219 498
-1218 -1048
-1218 -206
-1218 956
-1218 1242
-1216 -951
-1214 -899
-1213 -453
-1213 -218
-1212 -1197
-1211 -1334
-1211 -1129
-1211 -841
-1210 -447
-1207 -120
-1207 88
-1206 -1125
-1206 22
-1206 762
-1205 -224
-1205 126
-1205 885
-1205 1119
-1205 1217
-1203 -387
-1202 -1440
-1201 -570
-1201 1249
-1198 1279
-1196 -604
-1195 -465
-1195 258
-1194 -1384
-1193 -530
-1193 524
-1193 1008
-1192 -1001
-1190 529
-1189 -531
-1189 26
-1188 -946
-1188 323
-1188 1173
-1187 601
-1187 828
-1186 -1417
-1186 -168
-1186 928
-1181 314
-1180 -780
-1180 -145
-1179 -27
-1179 137
-1179 916
-1178 174
-1177 -992
-1176 -1160
-1176 -904
-1176 984
-1175 579
-1174 83
-1171 -257
-1170 -434
-1169 623
-1168 -1431
-1168 132
-1168 156
-1168 204
-1167 -1223
-1167 -769
-1167 -562
-1167 1147
-1165 -203
-1165 -176
-1164 1089
-1163 28
-1162 -977
-1162 146
-1162 546
-1160 -834
-1160 709
-1159 -557
-1159 46
-1159 891
-1158 657
-1158 658
-1157 966
-1156 1161
-1155 -623
-1155 -454
-1155 159
-1155 1243
-1154 -1311
-1154 -153
-1154 168
-1153 -594
-1151 285
-1151 1378
-1149 -651
-1149 -190
-1149 -88
-1147 -924
-1147 771
-1146 -264
-1146 451
-1146 1233
-1145 -1160
-1145 -934
-1144 -1278
-1144 -815
-1143 -1273
-1143 -654
-1143 761
-1143 1235
-1143 1335
-1142 -996
-1142 107
-1141 -534
-1140 1290
-1139 -1377
-1139 -1038
-1139 575
-1138 -1191
-1138 -765
-1138 -115
-1137 -1179
-1137 -784
-1137 -746
-1137 0
-1137 786
-1136 -1376
-1136 -941
-1136 -879
-1136 -62
-1136 664
-1135 -1044
-1134 -965
-1134 -744
-1134 569
-1134 1178
-1133 -1214
-1133 -219
-1132 -1307
-1132 579
-1132 749
-1131 303
-1131 936
-1131 1238
-1130 -477
-1129 -1338
-1129 -688
-1129 766
-1129 1193
-1128 1076
-1125 169
-1125 896
-1124 -1264
-1124 1362
-1123 -568
-1123 486
-1123 613
-1123 733
-1123 775
-1123 1030
-1122 -1437
-1122 -690
-1122 -125
-1122 1028
-1121 647
-1120 -1081
-1120 -568
-1120 -23
-1119 -1234
-1119 -64
-1119 286
-1119 1418
-1117 -446
-1117 -141
-1117 814
-1116 -1281
-1116 -346
-1116 700
-1116 809
-1115 -699
-1115 765
-1113 -1142
-1112 -1357
-1112 -905
-1112 759
-1111 -464
-1110 140
-1109 1011
-1108 -179
-1108 -94
-1108 891
-1107 932
-1106 -1340
-1106 -1325
-1106 -979
-1105 -984
-1105 -66
-1104 -749
-1104 624
-1103 259
-1103 597
-1103 1166
-1102 -16
-1102 856
-1101 -38
-1100 -870
-1100 1378
-1099 571
-1098 489
-1096 -1215
-1096 634
-1096 881
-1095 223
-1094 -414
-1094 448
-1094 973
-1093 1424
-1092 -1243
-1092 -758
-1092 246
-1089 -794
-1086 -393
-1086 332
-1084 -1236
-1084 -253
-1084 222
-1083 -79
-1082 -1369
-1081 812
-1080 719
-1079 -1209
-1078 1222
-1077 346
-1076 322
-1074 -1083
-1073 -1445
-1073 -353
-1073 415
-1072 -480
-1072 834
-1070 -1279
-1069 -385
-1068 -976
-1068 1170
-1067 -967
-1067 818
-1067 902
-1066 436
-1065 -298
-1065 138
-1065 218
-1065 1063
-1063 680
-1063 1323
-1062 537
-1062 1006
-1060 118
-1059 -1415
-1059 424
-1058 993
-1056 592
-1055 464
-1055 960
-1055 1264
-1054 -957
-1054 1334
-1052 -278
-1050 -640
-1050 815
-1050 1160
-1049 -1193
-1048 -817
-1048 -169
-1048 874
-1047 -744
-1047 -100
-1047 844
-1046 951
-1045 -951
-1045 -304
-1044 -1438
-1044 -557
-1044 248
-1043 -185
-1043 177
-1042 664
-1042 1035
-1041 1151
-1039 1390
-1038 -703
-1038 -99
-1038 -56
-1038 658
-1037 -1013
-1037 1182
-1037 1217
-1035 -1393
-1035 124
-1034 -198
-1033 577
-1033 988
-1032 -1021
-1031 -179
-1030 342
-1029 566
-1027 -1157
-1026 -790
-1026 -578
-1026 498
-1025 -1057
-1024 -1283
-1024 -108
-1024 359
-1024 886
-1023 -571
-1023 -127
-1023 93
-1023 188
-1023 728
-1022 954
-1021 -922
-1021 -701
-1021 1195
-1020 -1297
-1020 -1025
-1020 479
-1019 89
-1018 818
-1018 1408
-1017 -305
-1017 720
-1017 1131
-1016 116
-1015 85
-1014 -775
-1013 -774
-1011 207
-1010 -604
-1010 1144
-1009 -643
-1008 15
-1008 799
-1008 912
-1008 1276
-1007 -364
-1006 -1169
-1006 13
-1004 -885
-1003 173
-1002 -547
-1001 773
-1000 -1048
-1000 -435
-1000 -60
-1000 1069
-999 -327
-998 1372
-996 -483
-996 -51
-996 1222
-995 -844
-995 337
-995 826
-994 -539
-994 -15
-994 347
-991 -259
-990 -416
-989 -791
-988 -815
-988 -705
-988 200
-988 750
-987 -1033
-987 468
-987 720
-987 1439
-984 -1289
-984 -1202
-984 -1070
-984 -341
-984 -303
-983 -266
-982 -1208
-982 201
-982 630
-980 -1242
-979 -1070
-979 803
-978 1404
-977 -1284
-977 -611
-977 877
-976 -969
-976 -828
-975 -1222
-974 1309
-973 -1291
-973 -1060
-972 -973
-972 -959
-972 -780
-972 -199
-971 -482
-971 187
-970 -961
-969 -1299
-969 -504
-968 -325
-968 1087
-966 696
-965 1087
-964 -1078
-964 240
-963 -444
-963 19
-962 -781
-962 -427
-961 -239
-961 499
-959 19
-957 -856
-957 -637
-956 -1052
-956 951
-955 1010
-954 -898
-954 -270
-954 134
-952 -1042
-952 -663
-952 233
-951 -1115
-951 206
-951 239
-950 -669
-950 -143
-947 -1203
-947 -193
-947 1036
-947 1244
-946 -1055
-946 -747
-946 474
-946 658
-945 -372
-945 -41
-945 833
-945 1340
-944 -933
-944 502
-943 -286
-943 419
-943 532
-942 -1222
-941 -1056
-940 -1177
-940 810
-939 -803
-938 -248
-938 -61
-937 -867
-935 -155
-935 673
-935 974
-933 -1219
-933 -788
-933 -54
-933 517
-933 774
-932 -552
-932 234
-930 -950
-929 133
-929 1233
-928 -962
-928 -235
-928 234
-928 855
-927 -573
-927 -207
-927 1009
-924 90
-923 -1416
-923 -1199
-923 -903
-922 -1343
-922 1184
-920 -399
-920 -187
-918 -595
-918 -487
-918 -151
-918 -99
-918 140
-917 -1224
-917 -343
-917 406
-916 -603
-915 -1435
-915 -997
-915 1025
-914 -1061
-914 -595
-914 -315
-914 -128
-913 -176
-912 639
-912 1079
-911 -1405
-911 -629
-911 -10
-911 154
-911 965
-910 -1107
-910 -719
-910 -151
-910 280
-910 780
-909 917
-908 -999
-907 -350
-904 -498
-903 -1269
-903 1163
-902 680
-901 -277
-901 411
-900 -26
-900 1145
-900 1211
-900 1288
-899 -498
-899 771
-898 -1318
-898 -8
-898 1043
-897 -693
-897 -631
-897 -357
-897 291
-896 -90
-896 5
-896 47
-896 227
-896 359
-895 266
-894 -66
-894 1227
-893 -1273
-893 -202
-893 481
-892 470
-892 653
-891 -1397
-891 411
-890 1084
-890 1392
-889 -1268
-889 -167
-889 479
-888 -1442
-888 -845
-888 -82
-887 -1064
-887 258
-886 -331
-886 187
-886 1415
-885 381
-884 -759
-884 1045
-883 -1237
-883 -1144
-883 -511
-883 -142
-882 -238
-881 -1223
-881 -243
-881 1174
-880 -599
-880 37
-879 -498
-879 734
-878 -1112
-878 -320
-878 103
-878 621
-878 691
-877 -669
-877 -256
-876 74
-876 209
-874 -221
-873 -532
-873 557
-872 389
-871 790
-870 -1101
-870 -614
-870 870
-869 1432
-868 -1335
-868 363
-868 947
-867 -350
-866 -832
-866 1133
-865 -501
-865 -208
-864 -916
-862 1080
-861 -1418
-861 -449
-861 1385
-859 -980
-859 1014
-859 1427
-858 209
-858 822
-857 49
-857 1139
-856 -1342
-856 1068
-854 -492
-854 575
-854 784
-853 -125
-853 1029
-852 -1093
-852 264
-852 906
-849 -1330
-849 183
-849 312
-849 725
-848 -701
-848 -654
-848 -225
-847 -1344
-846 735
-845 -1066
-845 -372
-845 1398
-844 34
-844 930
-844 1062
-843 -1237
-843 -566
-843 1100
-843 1306
-842 -649
-842 -267
-842 781
-841 942
-841 1279
-839 -1352
-839 -225
-838 -50
-838 974
-837 -1279
-835 -335
-834 511
-832 -1202
-832 -83
-832 1327
-831 -698
-831 -98
-831 77
-830 -950
-828 -434
-828 468
-828 505
-827 -1038
-827 -250
-827 -42
-827 61
-826 752
-825 -591
-825 687
-824 -251
-823 -1009
-823 -786
-823 -775
-823 263
-823 1334
-822 -1007
-822 -269
-822 679
-821 -1201
-821 823
-821 1142
-821 1378
-820 293
-820 321
-820 942
-819 -1181
-819 -206
-819 1112
-819 1273
-818 551
-818 730
-817 961
-816 -1360
-816 -439
-816 -145
-816 663
-816 1039
-816 1449
-815 -1211
-812 -992
-812 -178
-812 464
-811 -1062
-811 -781
-811 -525
-811 920
-811 1091
-810 -1187
-810 -580
-810 704
-809 262
-809 779
-807 -63
-806 -224
-806 76
-804 439
-804 1011
-803 -1338
-803 -1240
-803 -525
-803 23
-802 -759
-802 1165
-802 1187
-801 -1167
-801 -320
-800 -368
-799 196
-799 528
-799 714
-798 -1146
-797 874
-797 1123
-796 -503
-796 953
-795 -1425
-794 -1169
-794 -1117
-794 -804
-794 40
-793 -1384
-792 -1104
-792 47
-792 817
-791 -12
-791 705
-791 971
-790 -277
-789 724
-788 -1015
-788 -834
-788 -802
-788 -228
-786 1324
-785 1045
-783 777
-782 -1228
-782 -676
-782 77
-782 703
-781 591
-780 -313
-780 1155
-779 -670
-779 1160
-778 -1434
-778 -987
-778 237
-776 -1017
-776 37
-775 -1419
-775 -885
-774 -680
-774 85
-773 -309
-773 991
-772 -1363
-772 -1245
-772 -147
-771 -368
-771 -255
-770 -783
-770 140
-770 812
-769 -1144
-769 -119
-769 620
-767 238
-766 -709
-766 1040
-765 691
-764 481
-764 727
-763 1294
-763 1437
-762 -1424
-762 -239
-762 740
-761 -1272
-761 788
-761 1199
-761 1412
-760 1417
-759 772
-757 -1412
-757 -297
-757 1280
-756 -1264
-756 -1168
-756 -982
-756 643
-756 724
-754 442
-752 -159
-752 -152
-752 523
-751 -759
-750 -354
-749 -209
-749 1107
-748 407
-747 237
-747 841
-746 -755
-746 -481
-744 -1088
-744 -579
-744 -416
-744 608
-744 658
-743 -628
-742 564
-740 -625
-740 600
-740 805
-739 -247
-739 222
-738 -1152
-738 -325
-738 31
-737 511
-736 -1083
-736 826
-735 -1181
-735 -512
-734 -643
-734 61
-734 659
-733 629
-733 1104
-732 178
-731 -1432
-731 -365
-731 -179
-730 279
-730 788
-729 -1383
-729 -1269
-729 -699
-729 215
-728 -812
-728 -46
-728 -4
-728 312
-727 -1406
-727 475
-727 715
-727 1197
-726 -1160
-726 1038
-726 1152
-725 -1262
-725 931
-724 -965
-724 -394
-724 1254
-723 342
-723 679
-722 477
-720 -890
-719 -1043
-719 977
-717 -1286
-717 -973
-717 -753
-716 -1399
-716 -1189
-716 -548
-716 91
-715 -1029
-715 -774
-715 -411
-714 -722
-714 -670
-713 -27
-713 59
-713 1077
-712 -339
-712 866
-711 439
-711 1092
-710 -676
-709 513
-709 655
-707 -1001
-707 -366
-707 266
-705 -1307
-705 -972
-705 -595
-705 -100
-705 352
-704 75
-704 698
-703 -705
-703 -136
-703 1017
-702 -1385
-702 769
-702 1368
-699 -1352
-699 -1021
-699 1093
-699 1227
-698 -1113
-698 -419
-698 1147
-697 -586
-696 1063
-695 -658
-694 -424
-694 -237
-694 1401
-692 766
-690 -1256
-690 -378
-690 -185
-690 227
-690 548
-689 833
-688 -716
-688 1305
-687 -589
-687 40
-687 598
-686 -1422
-686 -433
-685 -885
-683 -800
-683 -100
-682 -782
-681 -669
-680 -772
-680 -643
-680 -40
-679 -942
-679 646
-678 -1374
-678 -1327
-678 -782
-677 -1003
-677 -307
-677 347
-676 50
-676 272
-673 -493
-673 545
-671 783
-670 91
-669 -958
-669 -874
-669 -603
-669 1170
-669 1406
-668 -1105
-668 170
-668 1176
-666 -1314
-665 -1085
-665 -686
-665 346
-664 769
-663 -1109
-662 -56
-662 810
-661 -1416
-661 -422
-660 -671
-660 1407
-659 -1179
-659 -1069
-659 -291
-659 -143
-659 851
-657 494
-656 1179
-655 856
-654 -584
-653 -214
-652 -1145
-652 -600
-651 -942
-651 -940
-651 548
-650 -1139
-649 -1193
-649 -842
-648 -590
-647 -1199
-646 -1425
-646 -357
-646 610
-645 -1110
-645 663
-644 -656
-644 1
-644 416
-644 534
-644 1169
-643 -699
-643 -427
-643 1238
-642 -1111
-642 334
-641 -1336
-641 -983
-641 14
-638 725
-638 1096
-636 -334
-636 -260
-636 542
-635 155
-634 -981
-634 -849
-634 1276
-633 -83
-632 738
-632 1173
-631 -1326
-631 -1186
-631 294
-631 650
-629 -24
-628 120
-628 961
-627 -265
-627 105
-627 457
-627 518
-627 921
-627 1169
-626 -1408
-626 -538
-626 735
-626 1056
-625 88
-623 -579
-623 -315
-623 567
-621 505
-620 -1065
-620 -395
-619 -188
-618 -1288
-618 655
-618 701
-617 -435
-617 781
-616 -1190
-616 -370
-615 -166
-615 584
-614 -824
-613 784
-613 1200
-612 790
-612 1369
-611 -910
-611 1241
-609 909
-608 -31
-607 115
-607 140
-607 1208
-607 1434
-606 819
-605 -313
-605 193
-605 885
-605 1056
-605 1427
-604 -170
-603 -1211
-603 -452
-603 576
-603 1364
-602 479
-601 -1425
-601 -1146
-601 -293
-601 -276
-600 406
-599 207
-598 -888
-598 -275
-596 -1277
-596 -1186
-596 -1134
-596 -623
-596 628
-596 1387
-595 -756
-594 -819
-593 -1249
-593 960
-592 -429
-591 889
-589 -247
-586 -1368
-586 -711
-586 968
-584 -1200
-584 -519
-583 -329
-580 -552
-579 -997
-578 -1264
-578 -483
-578 -108
-577 -938
-577 1199
-576 -598
-576 678
-575 -1274
-575 -955
-574 275
-574 312
-574 1041
-573 -789
-572 63
-571 -829
-571 -379
-571 -6
-571 758
-570 -756
-568 1395
-567 1167
-566 -1165
-566 614
-566 1298
-566 1348
-565 -415
-564 -911
-564 -508
-564 1276
-563 -1334
-563 -725
-560 -1408
-560 1075
-559 -3
-559 668
-559 871
-559 1018
-558 -206
-558 556
-558 1418
-557 -1430
-557 353
-556 246
-555 -1445
-554 -683
-553 -974
-553 684
-553 730
-553 1139
-552 -233
-552 152
-552 1353
-551 1076
-550 746
-549 108
-548 -804
-547 -1214
-547 745
-547 754
-546 -863
-546 -823
-546 -462
-546 386
-546 490
-545 85
-542 -1343
-542 -587
-542 1042
-542 1100
-541 -544
-541 661
-539 584
-537 -1171
-537 -853
-537 -374
-537 -126
-537 354
-536 685
-536 1103
-535 -1172
-531 -990
-531 890
-531 1253
-530 -617
-530 -263
-530 615
-530 1001
-529 -151
-529 130
-528 -1252
-527 -93
-527 134
-526 861
-525 -513
-524 361
-523 -663
-523 32
-523 624
-522 -1186
-522 -737
-522 -480
-522 447
-521 -1237
-520 -281
-520 -107
-520 -74
-519 -444
-518 -668
-518 -429
-518 -76
-517 -1274
-517 -986
-516 538
-516 614
-514 -1233
-514 -123
-514 740
-514 1111
-513 -477
-513 739
-512 -358
-512 73
-512 529
-512 778
-511 -1287
-511 -34
-511 3
-510 306
-509 -985
-509 337
-508 -758
-508 421
-508 1068
-507 -1396
-507 -1301
-506 1231
-505 438
-505 906
-505 959
-504 -559
-504 54
-503 -747
-503 518
-501 -570
-501 -398
-500 -55
-500 588
-499 -117
-499 849
-497 1266
-496 57
-496 349
-493 -566
-493 610
-492 -799
-492 723
-492 1369
-490 449
-490 963
-489 -1352
-486 -1320
-485 -268
-485 565
-485 950
-485 1136
-484 322
-484 610
-483 -983
-482 392
-481 -1069
-481 473
-480 65
-480 314
-480 765
-479 -1303
-479 -909
-479 -881
-479 732
-477 -267
-476 202
-476 1021
-475 -1062
-475 967
-474 -880
-474 -801
-474 -420
-474 114
-473 -1101
-472 332
-470 -1081
-467 -745
-467 -338
-466 -1092
-466 -717
-464 -878
-464 273
-464 1145
-463 -1080
-462 -721
-461 -1429
-461 -623
-461 -526
-461 -151
-461 541
-461 772
-460 142
-460 450
-459 -1326
-459 1002
-459 1197
-458 -1356
-456 -730
-456 1259
-455 -955
-454 -1408
-454 539
-454 1133
-452 1344
-450 502
-450 565
-449 -1319
-449 -128
-447 -530
-447 -442
-447 392
-447 1099
-447 1167
-446 -611
-445 1160
-444 1184
-442 -94
-440 -957
-440 -749
-438 -807
-437 -10
-437 1312
-436 -1097
-435 -799
-435 -295
-435 881
-434 -454
-433 1010
-433 1257
-432 -684
-431 -390
-430 -555
-430 -545
-429 -1238
-428 65
-427 -875
-427 -781
-426 688
-425 746
-425 765
-424 -1365
-424 -1049
-424 -684
-424 349
-423 -301
-423 -249
-423 -92
-423 164
-423 936
-423 1179
-422 -835
-422 1114
-421 -15
-419 -700
-418 507
-418 899
-418 1150
-417 -899
-417 47
-417 605
-416 -822
-416 -252
-416 1324
-415 843
-414 -1029
-414 -441
-414 177
-414 1052
-413 -442
-411 -966
-411 279
-410 -957
-410 -150
-410 704
-409 -1137
-408 -898
-408 -722
-408 179
-407 -76
-406 -633
-406 214
-405 -679
-404 -508
-404 -430
-403 -404
-403 481
-403 839
-402 -1098
-400 -1404
-400 -63
-400 1258
-399 773
-398 -354
-398 620
-398 753
-397 -1401
-397 -257
-397 93
-395 690
-394 -486
-394 -334
-394 -87
-393 62
-393 313
-392 1120
-392 1182
-390 817
-389 1124
-388 -550
-388 4
-387 -1061
-387 -51
-386 -590
-386 1271
-384 935
-384 1390
-383 851
-383 1080
-382 -729
-382 231
-382 307
-380 -1419
-380 347
-379 1086
-378 -963
-376 -1330
-375 1118
-373 -1102
-373 -40
-373 550
-373 1172
-372 -900
-372 -15
-371 -722
-371 -73
-371 1084
-370 346
-370 1084
-369 877
-369 999
-369 1238
-368 -226
-366 1133
-365 187
-364 -913
-364 -377
-364 789
-364 1162
-362 -354
-362 164
-361 -1427
-361 -232
-360 -60
-359 -1343
-359 -584
-359 -312
-359 -256
-358 1019
-357 -1331
-357 -240
-357 797
-356 -1147
-356 -883
-356 814
-355 -1376
-354 -96
-353 -865
-353 -566
-352 459
-352 537
-351 -661
-350 -758
-350 -504
-350 -189
-349 -1045
-349 -185
-348 -1171
-348 842
-347 -1331
-346 -827
-345 169
-344 -326
-344 1110
-342 544
-341 -1426
-341 253
-341 1266
-341 1322
-340 -1356
-340 568
-339 754
-338 -322
-338 747
-337 -1178
-337 295
-337 994
-336 -786
-336 -743
-335 -834
-334 -819
-334 502
-334 1013
-334 1158
-333 433
-333 839
-332 742
-331 325
-330 -1132
-330 -1128
-330 -84
-329 -1406
-329 -568
-329 789
-328 -1273
-328 -815
-327 -1324
-326 -733
-326 -496
-326 1420
-325 -1278
-325 -898
-325 512
-325 1194
-321 -1187
-321 582
-320 -1047
-320 -496
-319 825
-319 886
-318 364
-318 886
-317 1204
-316 476
-316 807
-316 855
-314 -140
-314 185
-313 -1320
-312 -956
-312 384
-312 598
-311 -187
-311 985
-310 250
-310 858
-309 708
-309 1212
-308 782
-308 1051
-308 1372
-305 -1015
-305 1389
-304 1424
-303 -1143
-303 -1045
-303 -655
-303 379
-302 576
-302 968
-302 1238
-301 -561
-300 -987
-299 -789
-299 -233
-296 880
-295 -59
-294 -873
-294 611
-293 462
-293 1034
-292 -483
-292 1317
-290 -499
-290 256
-290 1376
-289 -1329
-289 -677
-289 683
-289 930
-289 1138
-288 -1391
-288 6
-288 154
-287 -1278
-287 -436
-285 1444
-284 -1171
-284 27
-284 74
-283 -753
-283 -36
-283 420
-282 181
-281 -901
-280 -80
-279 -1148
-279 -168
-279 1310
-277 -746
-277 -30
-276 -1025
-276 1139
-275 -1193
-275 147
-275 410
-275 771
-275 963
-274 -887
-273 -1410
-273 516
-272 -1332
-272 -915
-272 -56
-271 -502
-271 641
-270 -644
-269 734
-268 149
-267 -1211
-267 382
-266 -326
-266 488
-265 -1022
-265 719
-262 -5
-262 836
-262 862
-260 -1060
-260 -733
-258 -581
-258 71
-258 199
-258 1236
-257 1071
-257 1261
-256 29
-256 870
-255 1077
-254 -1213
-254 -907
-254 -726
-251 62
-251 1103
-250 -101
-248 881
-247 643
-246 -561
-245 -872
-245 308
-245 977
-244 -181
-244 876
-243 -735
-243 1261
-242 1070
-241 370
-241 518
-241 947
-241 1397
-239 -1374
-239 -713
-238 -1140
-236 -34
-235 -1024
-235 -173
-235 461
-235 556
-235 798
-234 -465
-234 -272
-234 1275
-233 -908
-232 -680
-232 1066
-231 -1175
-231 -1008
-230 290
-230 974
-229 -609
-228 -75
-228 90
-228 999
-226 -905
-226 -870
-226 -700
-226 -442
-226 -136
-226 384
-224 1049
-224 1127
-223 112
-222 -1047
-222 289
-222 1373
-221 -767
-221 -633
-221 -552
-219 -590
-219 -516
-218 531
-218 895
-218 925
-216 347
-216 544
-215 -934
-215 910
-215 1173
-214 -417
-214 25
-214 218
-213 -821
-213 -432
-213 -96
-212 -456
-211 1012
-209 -761
-209 -607
-208 362
-208 935
-207 -543
-207 1001
-206 -1012
-206 -548
-206 -118
-206 995
-205 530
-204 -930
-204 348
-202 -868
-202 -86
-202 -81
-202 230
-202 248
-201 -103
-201 543
-200 -667
-200 -164
-198 -1047
-198 -13
-197 -804
-197 -676
-196 -578
-196 996
-196 1319
-195 -1320
-195 32
-194 -1400
-194 38
-194 638
-194 1394
-193 -329
-193 63
-192 41
-192 1410
-189 -1335
-189 1002
-187 -1422
-185 615
-184 -1077
-184 -618
-184 499
-184 506
-183 -1310
-183 -1291
-183 -757
-183 -77
-182 1220
-181 -77
-180 870
-180 904
-179 199
-179 406
-178 -512
-177 -1225
-175 -1408
-175 -726
-175 1300
-174 391
-172 259
-172 686
-170 -101
-169 795
-169 942
-169 1382
-168 -1311
-168 -536
-166 -534
-166 -106
-166 80
-165 -1254
-165 1287
-164 874
-163 -1374
-163 272
-162 -239
-160 -724
-160 794
-159 375
-157 -561
-156 -1355
-156 -949
-156 -355
-155 -1447
-154 496
-153 -223
-153 45
-153 287
-153 1301
-152 -1325
-151 -641
-151 -627
-151 -393
-150 -1357
-150 -1084
-150 -434
-150 1390
-149 -682
-149 955
-147 -1146
-147 -1135
-147 -635
-146 1076
-146 1081
-145 -1274
-145 -468
-145 -79
-145 603
-144 184
-144 1041
-143 -1361
-143 -748
-143 52
-143 1140
-142 -481
-141 794
-139 -726
-138 -1157
-138 -671
-135 -735
-135 68
-133 -1038
-133 35
-133 609
-132 1195
-131 1425
-129 949
-128 -316
-128 545
-127 -304
-125 -1365
-125 -730
-125 637
-125 770
-125 990
-124 119
-123 -1389
-123 1011
-122 -885
-122 -41
-122 855
-121 -518
-121 1116
-119 513
-119 886
-119 963
-119 1411
-116 -668
-116 -666
-116 -440
-116 821
-114 -1132
-114 737
-114 1167
-113 -99
-111 559
-111 592
-109 -690
-109 1076
-108 884
-106 -1178
-106 -447
-105 -1301
-105 -278
-105 163
-103 904
-102 -613
-102 -555
-102 -286
-100 520
-99 -201
-99 3
-98 1271
-97 771
-96 -284
-95 -876
-95 72
-94 -685
-94 -283
-94 824
-94 1294
-93 -563
-90 -1100
-90 -746
-89 -179
-89 1013
-88 -54
-87 -177
-87 100
-86 -1243
-86 -384
-86 316
-85 -810
-85 58
-84 1205
-82 -1216
-82 -1133
-82 -539
-82 69
-82 1241
-81 -1377
-81 1113
-81 1259
-80 424
-79 788
-78 -238
-77 1235
-76 -212
-76 581
-75 216
-75 258
-74 1442
-73 892
-72 727
-72 733
-71 332
-71 784
-70 -1071
-69 854
-68 281
-68 743
-67 -747
-67 -36
-66 -664
-66 -308
-66 1041
-64 1168
-63 -43
-63 28
-62 -945
-62 1311
-61 380
-61 1198
-60 -863
-60 349
-59 345
-58 -413
-58 401
-58 1011
-57 -33
-57 1111
-57 1299
-56 -1013
-56 -64
-56 21
-54 -1240
-54 -1221
-54 747
-54 807
-52 156
-52 432
-52 470
-52 1408
-51 -718
-51 278
-51 1084
-51 1313
-49 157
-48 -939
-47 -202
-47 215
-47 781
-47 1020
-46 -1209
-46 -250
-46 -201
-44 -577
-44 -213
-44 -125
-44 209
-43 -277
-42 -1284
-42 -950
-42 -888
-42 -773
-42 -566
-41 879
-40 552
-39 -2
-38 224
-37 -382
-36 -413
-36 616
-35 1211
-34 -173
-34 14
-34 18
-32 -1263
-31 -1226
-31 -1045
-31 -41
-31 322
-31 369
-30 -1443
-30 -1091
-30 -425
-30 248
-30 343
-30 1020
-29 -894
-28 -983
-28 -963
-28 -686
-28 -313
-28 1204
-27 583
-27 648
-27 1301
-25 -1280
-25 -1066
-25 685
-24 -444
-24 -163
-24 921
-23 892
-22 499
-22 1356
-21 220
-20 -237
-20 1019
-20 1103
-20 1305
-19 567
-18 255
-17 -276
-16 1089
-16 1421
-14 -315
-14 761
-13 -417
-13 168
-13 647
-13 1303
-10 -1189
-10 1272
-9 -877
-9 1345
-8 -1389
-8 443
-7 -866
-6 629
-6 1197
-5 -1178
-5 524
-5 1206
-4 -987
-4 715
-3 -1368
-3 721
-2 -1008
-2 -241
-1 986
-1 1447
1 193
1 481
1 1168
2 208
2 621
2 1332
3 -997
3 -804
3 -243
3 -100
3 -55
3 1102
6 -1172
8 358
9 -1446
9 971
10 -1060
10 -1036
10 -418
10 -390
11 -210
11 843
11 1001
12 1353
13 -1023
13 -260
13 -138
14 -778
15 -1027
15 -384
15 678
16 29
16 299
17 -818
17 -443
17 690
19 1123
22 -790
22 -107
23 318
23 384
23 969
24 203
25 -1128
25 -655
25 845
25 1405
26 -1218
26 -676
27 -196
27 1140
28 1430
29 720
29 1445
30 -1052
30 754
30 1051
31 -1211
33 -1312
35 -1053
35 755
36 -1117
36 -470
38 1392
39 -1254
39 426
39 509
39 680
40 -841
40 -632
40 1162
41 -563
41 -167
42 1240
43 -641
43 867
44 -1355
44 -98
45 -1129
45 885
46 290
46 971
47 -1366
47 415
48 -83
48 1415
50 -603
50 721
50 823
52 -1016
52 -492
53 -760
53 126
53 244
54 1025
55 -1103
55 207
55 732
55 943
55 1050
56 -543
56 276
56 633
56 1304
57 -1064
57 992
57 1220
58 -675
58 399
58 1201
59 -571
59 -566
59 110
59 1247
61 -700
61 290
61 1346
62 -1050
62 786
63 -445
64 -1441
65 374
65 1373
66 -1115
66 -1107
66 1208
67 65
68 -1143
68 394
68 505
69 905
70 1210
72 -233
72 409
72 1187
73 135
74 1055
76 -1199
76 -53
77 -612
77 332
78 1059
79 -1211
80 -181
81 -379
82 -554
82 586
82 774
83 -679
84 344
84 1433
85 -153
86 -961
86 -63
86 900
87 -870
87 483
87 528
88 -584
88 207
89 -1379
89 -1270
89 -1178
89 93
89 1208
91 -1033
91 -1007
92 -1151
92 -476
92 397
92 1367
93 -1248
93 -143
93 308
94 -1423
94 772
94 1302
95 -1306
95 1037
96 85
96 1407
98 570
99 -1235
99 -1079
100 -1231
100 -998
100 -586
102 -1310
102 -217
102 -26
102 234
102 996
104 120
105 -1075
105 940
106 -558
107 -936
108 -726
109 -1231
110 -864
110 166
111 442
112 -169
112 770
113 -1375
114 1430
117 1105
118 340
118 655
119 1094
119 1217
120 -193
120 261
121 -1193
121 -921
121 -497
121 736
122 -209
122 364
123 891
123 1401
124 -789
124 -103
124 1338
125 -1013
126 913
127 1408
127 1422
128 -1035
129 -1241
130 -1218
130 85
131 1307
133 -816
134 -1350
134 -410
134 1129
135 -715
135 1065
136 -209
136 -84
137 -1278
137 -720
138 -983
138 -82
138 1322
139 274
139 483
139 965
142 -1233
142 -615
142 162
142 239
142 544
142 859
142 1429
143 34
144 -1426
146 380
147 -181
148 100
150 -1443
150 -1222
151 1231
151 1397
152 345
154 211
155 708
155 766
156 138
156 540
157 1247
158 -575
159 695
159 969
160 469
160 935
161 -907
161 235
161 349
162 -356
162 -318
162 448
162 739
162 1088
163 -1246
163 -775
163 648
163 835
164 -1157
164 678
165 -1241
165 1291
166 1226
167 -1041
167 1280
168 -592
169 -1199
171 -236
172 -717
172 -424
173 -1008
174 1172
177 442
178 737
179 -706
180 -1352
180 -156
181 81
182 -1309
182 -959
182 149
182 218
182 892
183 -1003
183 -862
185 -914
185 1058
186 -194
188 -1425
188 -962
189 -782
189 -115
190 -305
191 -816
191 -339
191 -332
192 -64
194 1120
195 1094
196 1009
197 -135
197 67
199 -1350
199 1324
200 -293
200 906
201 -1315
201 -972
202 -482
203 -1093
203 1037
204 1003
205 -947
207 -183
207 -25
207 1385
207 1405
208 -1266
209 660
211 -1432
211 530
213 -78
214 -351
215 -84
216 949
217 -376
217 -31
217 555
217 894
218 -270
218 775
219 -704
219 -664
219 12
219 234
220 -165
220 -156
220 591
221 -45
222 485
223 -1357
223 -758
223 1071
224 159
224 1270
226 -356
227 -1426
227 -677
227 656
227 1041
228 -1346
228 1049
229 -801
229 -597
230 -646
231 -1431
233 -1033
233 -695
234 -442
234 761
235 -1049
235 174
237 -1383
237 617
237 841
238 421
239 -572
239 -154
241 -690
241 1317
242 -1214
242 887
243 -832
243 576
243 1033
244 149
244 598
245 519
245 873
246 -463
247 563
247 905
248 -13
250 -1132
250 -1062
250 687
251 -332
251 1184
251 1333
252 -748
253 -1297
254 -843
254 -444
254 249
254 748
254 986
255 -540
255 -483
255 355
257 -773
257 -704
257 6
258 -749
259 -442
261 1270
263 159
264 -337
265 -723
265 131
265 677
266 -939
266 940
269 -1145
269 -1066
269 -178
269 1446
270 231
270 899
271 -491
271 1362
272 -1223
273 -441
273 1033
274 -839
274 -798
274 -43
274 223
277 -953
277 374
278 -698
278 686
278 1148
279 1221
280 1043
281 -1395
281 378
282 -122
282 271
283 -937
283 -304
284 227
284 371
285 722
286 -1129
286 1137
287 -779
288 162
289 -1342
289 -1112
289 -1086
289 1113
290 -976
290 -501
291 -722
292 -166
292 1114
293 945
294 -468
294 594
294 596
295 -1128
297 450
298 -492
298 -303
298 436
301 -1084
301 -816
303 345
304 -1118
304 -1082
304 -650
304 -571
304 779
306 -1307
306 -1228
306 -597
306 1
306 44
306 454
306 872
307 -1262
307 574
308 -1315
308 -145
308 486
309 348
310 -416
313 -843
313 -118
313 362
314 -445
314 -151
314 913
316 1175
318 -304
319 677
320 1200
320 1250
320 1341
321 -307
321 527
322 -145
322 1
322 570
323 -1263
323 -433
326 -844
326 -20
326 21
326 1025
327 -818
327 -776
327 -712
327 -144
327 1371
328 251
329 139
329 232
329 396
330 -1154
331 576
331 661
332 -641
334 1283
335 150
336 93
336 867
337 -392
337 612
338 -1409
338 -51
338 787
340 636
341 -1012
342 1095
344 -737
344 971
346 182
348 212
348 1192
349 -179
349 458
349 1228
350 -1404
350 -1225
351 526
353 -387
353 215
354 -684
354 -544
354 -532
354 291
354 674
354 760
356 -992
356 -711
357 -1376
358 -1398
358 -760
358 140
358 706
359 -775
359 -566
361 -1316
362 -554
363 -1282
364 -1414
364 -866
364 -576
365 -1273
365 -1168
365 322
366 -222
366 -202
366 679
367 -60
367 1123
367 1393
368 -477
369 10
370 -1123
371 630
372 -1248
372 964
373 -831
373 -328
373 4
373 778
374 170
376 167
376 199
377 -1325
378 -1103
378 -375
379 -869
379 406
380 -1275
380 -64
380 933
381 -155
381 546
381 992
382 -131
382 800
384 1411
385 -252
386 1364
387 -1143
387 -289
388 555
388 993
390 74
390 359
390 660
391 303
392 -506
392 626
393 -875
393 959
394 -789
394 135
399 -611
399 1399
400 801
401 -848
402 799
403 -277
405 685
405 1059
405 1204
406 1190
409 -1297
409 826
410 74
412 -370
413 -1292
413 -174
413 781
414 -197
414 900
415 -322
415 834
416 -787
416 -616
416 -95
416 1399
417 -940
418 -1150
418 -67
419 -488
419 430
420 -1440
420 -1218
420 -641
420 -481
420 -480
421 1265
422 805
422 1394
423 168
425 631
425 859
426 -860
426 377
427 -128
429 -877
430 -417
431 1231
432 1442
432 1445
433 507
433 854
434 -747
434 241
435 454
435 686
436 265
437 -1268
437 -623
438 188
438 486
438 1277
439 -934
440 -364
441 -1242
441 437
441 821
442 -851
442 -555
442 137
443 1167
444 890
445 -1422
445 1135
445 1170
446 -294
446 272
446 431
446 1259
446 1439
447 1047
448 121
448 550
449 -752
449 330
450 365
450 413
452 -1351
452 -1105
452 980
452 1400
453 -111
453 168
453 1281
454 -1295
454 -1096
455 166
456 -1241
456 -1165
456 467
456 791
456 1195
457 -514
457 -371
457 180
459 898
460 1410
461 -274
461 958
462 -1341
462 103
462 974
462 983
463 -1070
464 -192
464 229
466 -1044
466 -388
466 1184
467 -1305
467 -1103
467 -774
467 1007
468 -240
469 1127
471 -833
471 -782
472 -1203
472 -1030
472 -998
474 -1209
474 -63
475 473
475 812
476 -999
476 -619
478 1312
478 1379
478 1380
479 -1285
479 -1147
479 -259
480 30
480 1275
482 806
483 264
483 1435
484 -913
485 -741
485 1071
487 -444
487 363
488 265
488 456
488 681
489 -1320
489 -584
489 1353
490 755
490 1324
491 -747
491 -215
492 -69
492 582
492 1165
492 1326
493 17
493 762
493 766
494 905
495 754
496 610
496 613
497 479
497 1443
498 245
499 708
500 -692
500 847
500 1049
501 -1181
501 -401
501 -329
501 737
501 1350
502 -1059
502 -692
503 335
504 -212
504 905
505 -1211
505 1135
505 1294
507 -81
508 -1128
508 -229
508 -123
508 1070
509 234
511 -1360
512 740
513 669
514 -388
514 -34
515 -801
515 -292
516 1119
517 -412
517 650
517 1357
518 750
518 856
521 -1380
521 -937
522 -1163
524 -1278
524 -1052
524 -874
524 907
525 -556
526 -1333
526 -185
526 36
526 990
527 -1005
527 1227
528 552
529 -321
529 911
530 -1153
530 -182
530 -101
530 86
531 -1003
533 85
534 -583
535 228
535 435
535 616
537 999
537 1192
538 -721
538 1009
539 515
540 -748
543 567
544 -1239
544 897
544 1067
545 -143
546 -871
546 874
547 445
547 446
548 -523
548 346
548 1328
549 -77
551 -1342
551 -611
551 -514
552 -1180
552 -772
553 -583
554 -1002
555 -310
555 306
556 -1361
556 -242
556 590
557 121
557 146
558 -585
558 -101
559 1276
560 -1420
560 -1229
560 268
560 710
561 -825
563 -974
563 -335
564 -1079
564 -908
564 -210
564 1194
565 -179
566 132
567 926
568 -722
568 -476
568 -168
569 -572
569 -314
570 -1196
570 -227
571 -860
571 442
572 -255
573 10
574 -1363
574 -142
574 1092
574 1271
575 -1237
576 -871
576 -722
577 -1371
578 -1381
578 -917
578 1418
579 605
580 -1343
580 -280
581 -1244
581 -885
582 -1225
582 -675
582 717
584 -141
584 1267
584 1435
585 -1402
585 -1304
586 277
586 437
589 -562
589 -494
590 841
591 -641
591 -547
592 582
593 -1029
593 773
594 -611
594 -281
595 374
595 689
597 -524
598 -406
598 341
599 -1418
599 431
599 532
599 806
600 -960
600 583
601 723
601 820
601 1101
602 -881
602 -560
602 -416
602 842
603 -1325
603 19
603 80
604 -826
604 70
604 1269
605 1078
605 1307
607 -191
608 -1139
608 -860
608 -149
608 1167
609 -1276
609 -486
610 -900
610 100
610 726
610 868
611 -535
611 519
612 -1309
612 -1161
612 -501
612 -458
614 -977
614 -344
614 418
614 1349
615 -1026
616 -710
616 -381
616 357
617 453
617 483
618 1162
620 773
621 0
622 650
623 -904
623 532
623 1015
625 -365
626 745
627 -17
627 72
627 1413
628 -872
628 -767
628 164
628 219
629 1212
631 -1438
631 -775
631 -252
631 668
631 981
631 1361
632 -1098
632 -935
632 -405
634 -1412
634 255
634 507
634 977
635 -188
636 -706
636 1196
637 -217
639 -738
639 -623
641 276
642 -1136
642 -188
643 -120
644 -364
645 -1071
645 -26
646 -1102
646 -796
646 -111
646 1023
646 1026
647 -1234
648 -835
648 -537
649 1297
650 -223
650 363
651 -959
651 596
651 692
652 50
652 638
654 -157
654 357
654 461
654 856
654 1203
655 1080
655 1147
656 -36
657 1396
658 -599
658 962
660 534
661 -1391
661 838
662 -1013
662 -511
662 744
663 1224
665 -70
665 544
665 585
665 759
666 249
667 11
667 190
668 -1212
668 -935
669 1103
670 369
671 1013
671 1298
672 -905
673 -828
673 607
674 962
675 -275
675 -81
675 179
675 1436
677 -1408
677 -65
677 561
677 721
677 1362
678 -764
678 44
680 -1252
680 -1109
680 -1040
681 435
682 -436
682 80
683 -1348
684 -670
685 -681
685 -614
685 -526
685 1133
686 825
687 -920
687 1325
688 -811
688 -39
688 1396
690 285
691 -1056
692 677
693 -788
693 205
693 1189
694 -773
695 -912
695 747
695 856
696 1354
697 -954
697 -693
697 598
697 852
697 1282
701 89
702 -709
702 371
703 -1339
703 189
703 213
703 220
703 1183
704 -1174
705 -1139
705 725
706 -1381
707 -625
707 854
707 1146
707 1273
708 -1157
709 -1173
709 -168
709 -30
709 426
709 1224
710 566
711 -1399
711 -1104
712 -191
713 -136
713 396
713 1200
714 406
714 625
717 455
717 884
718 -656
718 -341
718 331
719 -186
719 102
719 572
720 -1012
720 1263
721 -1215
722 -871
725 400
726 -710
726 -381
726 850
727 -727
727 -689
727 863
728 -1052
728 215
729 -828
729 1237
730 213
731 -1123
731 -454
732 -686
732 -480
733 -127
734 -1445
734 -332
734 -11
734 117
734 1113
734 1143
735 788
736 806
736 995
736 1088
736 1357
737 -100
738 -1401
738 -317
738 336
738 737
739 689
740 -807
740 337
740 1040
742 -1424
742 401
743 -3
743 805
743 1076
743 1127
744 1275
745 1389
748 -900
748 419
748 564
748 986
748 1051
749 414
750 -146
750 -50
751 419
751 428
751 535
752 -1163
752 320
753 -817
753 25
754 10
755 -56
756 -590
757 -632
757 291
758 -429
758 499
758 1147
759 -1228
759 -196
759 1086
760 -1426
760 -1079
760 -535
760 -114
760 339
760 908
760 1363
762 145
763 -446
763 614
763 1180
763 1374
764 -360
764 198
765 -805
766 -508
766 -34
767 743
767 1169
768 -1450
768 -393
770 965
771 -1371
773 -1293
773 -674
773 1433
775 -1064
775 -923
776 787
777 -962
778 -67
778 779
780 -577
782 803
782 931
782 1076
784 -900
784 1060
785 -1301
785 -88
786 -919
786 -118
787 -1365
787 -738
787 991
788 517
789 -1260
789 -996
789 -201
790 240
791 286
791 738
791 787
792 -314
792 -24
792 303
793 954
793 1018
795 522
796 -1340
796 -912
796 105
797 -410
797 195
798 -1205
798 -441
799 -1448
799 45
800 -1115
801 -1237
801 -967
801 330
803 970
806 -1053
806 -437
806 391
807 87
807 637
809 102
809 214
809 1151
810 -1379
813 439
814 -1424
814 910
815 -965
815 -916
815 -278
815 -218
815 189
815 535
816 -273
816 -222
816 405
817 -645
817 -139
817 919
817 952
818 -386
818 991
819 -497
821 -915
821 329
821 805
821 1323
823 414
823 1390
824 -424
824 364
825 -785
826 -50
827 -452
828 1281
830 -234
831 -1308
831 674
831 1373
832 -1307
832 962
835 -1147
835 66
836 707
838 279
839 -380
839 102
839 391
839 1149
840 1090
841 1213
841 1449
842 -841
843 -1365
843 -1134
844 -1363
844 766
844 845
844 1149
844 1353
845 -1163
845 -530
845 496
848 726
848 802
849 -607
850 394
852 -725
852 87
852 972
852 1437
854 -1301
854 872
854 1230
855 -664
855 231
856 -1108
856 887
857 151
858 274
859 13
859 220
859 1166
860 -258
860 340
862 255
862 666
862 980
864 378
864 504
865 1354
866 -637
866 -378
866 248
866 412
867 -1126
867 -596
868 34
869 732
870 1060
871 -246
872 -1126
872 721
873 -683
873 146
873 183
873 475
873 812
875 -868
876 1104
877 -375
878 111
879 -1357
879 -765
879 1169
880 827
881 -1151
881 800
882 495
883 -1405
883 182
885 -811
886 -517
886 -97
887 1249
889 -1400
889 -1016
889 532
889 1064
890 -426
890 -364
890 570
890 722
891 -823
891 -364
892 -706
892 643
894 -721
894 -13
894 357
894 1196
895 -1381
895 14
895 646
895 804
896 -103
896 850
897 -1423
897 648
898 -1228
899 10
900 -383
900 -353
902 -538
902 -370
902 237
903 -202
903 608
903 810
905 -1411
905 -969
905 -961
906 -1214
906 -764
907 -1167
908 -1148
908 -926
908 -99
908 1102
909 -75
909 782
910 -1286
911 234
911 1167
912 -1053
913 -163
914 67
914 1061
914 1138
915 -802
917 608
917 1318
918 1247
919 666
921 41
921 481
922 -610
923 37
924 244
924 1229
925 -446
925 391
926 -996
926 -817
926 -97
926 308
927 552
927 669
928 -62
928 45
929 -776
929 -567
930 719
930 780
931 -399
932 -756
932 717
932 812
932 837
932 875
933 -913
933 459
933 778
934 -716
934 1034
934 1052
935 -694
935 1045
937 -1202
937 -772
937 424
937 1102
938 314
940 1338
941 -1044
942 -522
943 -810
943 485
944 -862
944 856
945 51
946 -1074
947 -986
947 779
948 979
951 -267
951 68
952 572
953 798
954 -1250
954 -1224
954 -539
955 -169
955 -46
955 425
956 777
956 1408
957 658
957 1123
958 518
958 1378
959 635
959 837
960 170
960 1414
962 1097
963 -444
964 -503
964 1206
966 289
966 1085
967 -930
968 -1369
968 99
969 -978
969 -366
969 1145
969 1332
970 -296
970 663
971 -1177
971 -477
971 215
971 412
973 -1230
973 -476
973 548
973 993
973 1178
973 1207
974 -1186
974 -552
974 -232
974 500
975 357
975 641
976 -1326
976 145
979 -1143
980 -1337
980 -1215
980 1176
981 1023
982 1079
984 -9
984 1403
985 925
985 1063
986 -1388
986 1384
989 -364
989 29
990 -1015
990 -330
990 -122
991 -221
991 1279
993 -666
993 1189
994 -1229
994 -468
994 98
994 1230
995 788
996 -58
997 571
997 1231
998 -551
998 449
999 -1013
999 1331
1000 1167
1001 208
1001 874
1002 849
1003 -152
1003 392
1004 -1139
1004 1203
1005 -700
1005 -290
1006 313
1007 -1181
1007 -1094
1007 -905
1007 -611
1007 -536
1008 1271
1009 -393
1010 76
1011 -1106
1012 -471
1013 -878
1013 -172
1013 186
1015 407
1016 1357
1018 123
1018 1198
1020 270
1023 446
1026 -1160
1026 701
1027 -755
1029 191
1029 207
1030 -392
1030 -99
1030 886
1030 1060
1031 -1216
1031 798
1032 1252
1033 -576
1034 -1417
1034 -1153
1034 -580
1034 1035
1035 -337
1035 319
1036 -1318
1036 93
1036 409
1036 549
1037 526
1038 -759
1038 527
1038 633
1039 743
1039 864
1039 1223
1040 1419
1041 -1030
1042 -592
1043 -1034
1043 -836
1043 -145
1043 -27
1043 839
1043 1174
1044 118
1044 970
1045 -789
1045 -587
1045 269
1045 372
1047 -125
1048 1184
1048 1301
1049 -539
1049 417
1050 -1058
1050 -37
1050 378
1051 -1397
1051 1240
1052 -1095
1052 -851
1052 -48
1052 689
1052 922
1053 997
1054 -1371
1054 -325
1054 328
1055 -1429
1056 250
1057 -746
1057 -151
1058 210
1058 628
1058 884
1059 -996
1059 -749
1060 -416
1060 -237
1060 144
1061 756
1061 883
1062 713
1063 -1403
1063 -717
1063 -408
1063 -262
1063 788
1064 939
1065 984
1065 1230
1068 1243
1069 -1276
1069 626
1069 1428
1070 1242
1071 -655
1071 297
1071 1141
1071 1146
1072 -685
1072 -312
1072 518
1073 -1302
1073 -1126
1073 -210
1073 74
1074 -427
1074 1294
1076 -486
1076 454
1077 -1418
1078 -156
1078 1278
1079 -1056
1079 -840
1080 -1433
1080 -949
1081 338
1082 -735
1083 309
1084 -1180
1084 -1003
1084 -457
1084 172
1084 1115
1085 738
1085 1428
1086 118
1086 424
1088 918
1090 -1424
1090 288
1090 568
1090 943
1091 -965
1091 -629
1092 1241
1093 -635
1093 581
1094 20
1095 21
1095 720
1095 866
1095 1367
1096 180
1097 -225
1097 336
1098 -504
1099 -520
1099 -43
1099 464
1099 1298
1102 -1209
1104 -264
1105 -375
1106 197
1107 -987
1107 -265
1107 227
1107 1167
1108 -714
1111 563
1113 -1286
1115 -1096
1115 311
1117 -357
1117 769
1117 1073
1118 -9
1118 973
1119 17
1120 211
1120 387
1121 -1008
1121 249
1122 -390
1124 1056
1125 -985
1125 -763
1126 498
1127 -552
1127 -256
1128 -1444
1128 458
1129 -907
1129 -181
1129 805
1130 -1287
1130 -511
1130 -370
1130 116
1131 -785
1132 -1228
1132 -93
1134 -748
1135 -594
1135 958
1136 616
1136 1099
1137 -1389
1138 1286
1139 715
1140 583
1141 -1304
1141 -1200
1142 1268
1143 -670
1143 12
1144 -1384
1144 -1287
1145 -219
1146 1345
1149 -62
1150 1126
1151 -1317
1151 -367
1151 1410
1152 -952
1154 -93
1154 105
1155 1040
1155 1058
1156 -1052
1157 14
1157 132
1157 1337
1158 -767
1158 1117
1159 -1351
1160 -1207
1160 -1196
1160 -1131
1160 429
1160 639
1160 1179
1161 1127
1162 -131
1162 491
1162 1167
1162 1356
1164 -1009
1164 336
1164 563
1164 1121
1165 -731
1165 -366
1166 526
1167 -765
1167 933
1167 1038
1169 -880
1169 562
1169 1213
1170 -1051
1170 799
1170 911
1170 923
1172 -1223
1173 -1367
1173 -154
1173 1259
1174 740
1175 1086
1176 -1134
1176 958
1176 1225
1178 -357
1178 15
1178 196
1178 447
1179 -828
1181 -691
1181 1384
1182 400
1182 630
1183 -1117
1183 -1046
1183 -964
1183 -107
1183 1395
1184 -523
1184 423
1184 896
1185 -1231
1186 414
1187 993
1188 -1310
1189 950
1193 -668
1194 -974
1194 -793
1195 1318
1198 431
1198 1074
1199 -234
1200 -1068
1201 -1162
1202 -905
1202 584
1203 -961
1205 868
1205 913
1206 17
1207 -711
1207 362
1208 -265
1210 511
1210 724
1210 996
1211 -1423
1211 -172
1212 -1082
1212 138
1212 1020
1213 -238
1213 281
1214 -1025
1214 -811
1214 -302
1214 -83
1214 752
1214 951
1216 1241
1217 -1170
1218 -989
1218 -468
1218 179
1218 454
1218 502
1219 -972
1219 -428
1220 -1448
1220 -711
1221 291
1221 677
1222 -571
1222 481
1223 -422
1224 1250
1225 -1000
1225 -670
1226 438
1226 670
1227 -166
1227 731
1228 -1277
1228 -378
1228 -128
1230 -591
1230 304
1230 1420
1231 84
1231 206
1231 1174
1231 1389
1232 227
1233 174
1233 809
1234 -106
1234 421
1236 -1317
1236 -483
1236 243
1237 -1350
1237 -986
1237 -551
1237 -522
1237 1070
1238 240
1238 1166
1240 409
1241 1265
1242 -969
1242 -705
1242 1138
1243 -1413
1244 666
1245 -1171
1245 361
1246 -1359
1246 -925
1246 -775
1246 -697
1246 968
1246 1274
1247 -11
1248 -1221
1248 -485
1249 -951
1249 -276
1249 1238
1250 -890
1250 -539
1250 -251
1250 1449
1251 -1164
1251 132
1251 842
1251 1261
1252 443
1252 446
1252 1179
1253 -1014
1254 -1075
1255 -3
1256 269
1257 -270
1257 867
1257 1079
1258 406
1258 790
1259 -1311
1260 -523
1260 1254
1261 -631
1261 -115
1262 -998
1262 -870
1262 344
1262 1184
1264 -861
1264 -103
1264 1166
1266 -103
1268 295
1269 -697
1269 -302
1269 364
1269 527
1269 545
1270 -926
1271 172
1273 -848
1274 -1431
1274 384
1274 483
1274 839
1276 -842
1277 -123
1277 1113
1278 -623
1278 495
1279 858
1281 -1039
1281 -459
1281 602
1282 -874
1282 1422
1283 1196
1283 1407
1285 -373
1285 339
1287 -1287
1287 -853
1287 -811
1287 1003
1288 -834
1288 66
1289 -779
1289 118
1290 -1271
1290 -872
1290 -119
1291 -227
1291 191
1291 267
1292 231
1293 -446
1293 126
1293 1365
1294 -1365
1294 -1207
1294 -740
1294 -511
1294 201
1295 62
1295 788
1295 1096
1296 -507
1296 1337
1297 -316
1297 126
1297 803
1298 -550
1299 278
1300 71
1300 518
1301 -1040
1301 1430
1303 -883
1303 -815
1303 213
1304 -474
1305 -105
1305 382
1305 1095
1306 -800
1306 -635
1306 1382
1307 177
1307 215
1307 607
1307 878
1307 1240
1308 512
1308 738
1308 813
1309 114
1310 1117
1311 -894
1312 -1443
1312 -1388
1312 -80
1313 -207
1313 117
1314 -754
1315 766
1315 1430
1316 -1059
1317 -1361
1317 171
1318 -1390
1318 -892
1318 -174
1319 -1286
1319 -1100
1320 -1301
1320 803
1321 -916
1321 347
1322 -1257
1323 -1378
1324 -945
1324 -290
1325 -281
1325 800
1327 -1391
1327 -1363
1327 -513
1329 -792
1329 -144
1329 973
1330 -973
1330 336
1331 -1435
1331 -393
1331 83
1332 -1445
1333 -600
1334 -1204
1334 -165
1334 661
1335 748
1335 1324
1336 -1214
1336 -583
1338 597
1339 -1319
1340 -631
1341 -639
1343 -674
1343 131
1344 -1191
1345 -491
1345 1123
1346 1105
1347 -1381
1347 -346
1349 214
1349 732
1349 829
1349 1007
1350 -677
1350 294
1351 1050
1352 519
1354 -1053
1354 1318
1355 -55
1355 1279
1356 -689
1357 -1367
1357 -620
1358 -1109
1358 -112
1359 1384
1360 -1233
1360 -369
1360 1015
1360 1151
1360 1234
1360 1362
1360 1419
1361 -434
1361 -398
1361 132
1362 -570
1363 1000
1364 -1066
1364 -566
1365 -864
1365 -578
1365 -519
1367 -474
1368 -498
1368 915
1369 -48
1369 460
1370 212
1370 322
1371 -436
1371 -236
1372 -915
1372 721
1373 -1250
1374 -1434
1375 -566
1375 188
1376 -1043
1377 -520
1377 349
1377 895
1378 -1199
1378 -67
1379 -740
1379 -717
1379 -360
1379 663
1379 1190
1380 -722
1380 -526
1380 1014
1381 31
1381 1032
1381 1260
1382 -788
1383 -713
1384 1246
1385 -836
1385 640
1385 803
1386 -563
1386 1115
1388 -903
1388 -451
1388 1133
1388 1383
1389 -1337
1391 -983
1392 971
1393 -614
1395 -510
1397 294
1397 1161
1398 -1110
1398 332
1399 -1120
1399 -185
1399 377
1401 506
1403 22
1405 -1107
1406 -450
1406 -102
1406 933
1408 1341
1408 1376
1410 -310
1411 -1248
1412 -685
1412 419
1413 1093
1414 -513
1414 310
1414 868
1415 -1413
1415 -347
1416 -451
1417 1235
1417 1259
1418 740
1420 -918
1420 362
1420 1021
1421 -664
1422 -234
1422 854
1423 -403
1423 -381
1424 877
1425 -1370
1425 -911
1425 183
1426 -1213
1426 69
1426 271
1427 1300
1428 629
1429 -1035
1429 -242
1429 913
1430 739
1431 -759
1431 392
1431 1352
1431 1391
1432 -424
1432 -197
1432 797
1432 986
1434 -608
1434 105
1434 1117
1435 -127
1436 -369
1436 1158
1437 -887
1437 747
1438 601
1438 1224
1439 -769
1439 58
1439 120
1440 -1122
1440 -618
1440 662
1441 -1421
1441 -497
1441 805
1441 1046
1441 1351
1442 -777
1442 -764
1443 1
1443 624
1444 -216
1447 1381
1448 -1264
1449 -136
1449 1254
