200
0 0
-199 30
-198 -58
-195 -131
-195 -92
-195 62
-193 -155
-193 -125
-192 136
-191 134
-189 127
-188 75
-188 95
-187 126
-185 -157
-180 -71
-180 55
-179 -148
-177 -133
-175 168
-174 -73
-171 -117
-167 -157
-160 22
-159 -91
-157 125
-157 174
-156 -42
-156 52
-153 142
-152 -53
-149 -158
-148 -35
-147 167
-143 -39
-143 39
-142 66
-137 -101
-136 -161
-135 22
-134 -51
-130 108
-129 108
-128 -114
-128 117
-128 121
-126 35
-124 13
-122 83
-112 -133
-111 157
-110 -193
-109 -48
-109 83
-107 -72
-103 4
-103 135
-100 -58
-99 -160
-99 -2
-97 -27
-96 -195
-96 96
-96 185
-95 -149
-89 -84
-87 168
-86 -147
-86 81
-85 -6
-81 123
-68 -115
-66 -116
-63 181
-61 125
-59 126
-58 -67
-55 -179
-53 -138
-53 137
-50 43
-49 169
-45 -79
-45 163
-44 75
-43 -132
-42 -80
-38 68
-33 -103
-33 25
-33 118
-31 51
-29 110
-28 66
-27 -169
-27 189
-25 -135
-24 175
-21 -124
-20 181
-19 102
-18 194
-17 -165
-16 -14
-2 -6
-1 143
3 62
5 -151
8 -166
14 86
15 163
18 88
21 -38
23 -47
25 -19
26 -55
27 112
28 -128
29 -134
31 -139
34 93
35 33
41 -101
45 -21
49 38
50 32
53 105
56 103
59 -100
59 12
61 -120
61 58
64 -55
65 30
65 94
67 -162
67 -42
69 -129
72 -172
73 -196
74 182
75 189
79 114
81 33
84 -49
88 -160
89 -128
91 114
94 121
96 63
98 -61
99 -178
100 -40
101 -91
104 -61
104 41
105 -146
109 -177
110 -65
113 169
114 -17
114 193
115 -114
118 -67
119 28
119 147
120 -45
120 77
121 -105
128 19
133 -158
133 14
134 -184
139 63
139 107
142 -14
146 189
147 -102
150 -4
153 -154
154 -162
155 -190
155 75
156 49
158 128
160 -28
161 126
162 -43
162 -16
165 -96
166 96
167 192
174 -189
180 187
185 46
185 175
186 136
187 193
191 -99
193 -129
194 165
