300
0 0
-345 69
-341 267
-340 -212
-336 119
-335 -321
-333 -242
-330 209
-325 -10
-324 64
-322 -18
-322 41
-314 231
-313 230
-312 -124
-310 114
-307 256
-306 -270
-306 -144
-302 2
-299 58
-294 -274
-292 -143
-291 74
-288 182
-284 -1
-282 310
-280 -248
-277 -168
-277 -86
-272 48
-270 -322
-270 323
-261 -307
-256 59
-256 293
-252 -231
-248 -345
-245 -319
-244 165
-239 200
-237 -141
-235 -150
-234 68
-234 290
-233 110
-232 -221
-232 -71
-230 -161
-230 -17
-228 -159
-228 -65
-228 105
-228 289
-225 -282
-222 81
-221 176
-218 -319
-217 -275
-212 -345
-209 -221
-209 207
-208 -230
-206 -134
-201 238
-198 -328
-197 336
-196 212
-193 -101
-190 -162
-189 -344
-185 10
-184 -46
-184 54
-182 116
-181 215
-180 200
-178 176
-177 -127
-176 111
-175 134
-169 -118
-165 -325
-164 -117
-163 -180
-161 118
-160 -92
-160 -63
-140 -182
-140 -14
-138 337
-133 -55
-130 -118
-129 16
-128 -248
-127 -182
-126 204
-125 -228
-123 -17
-114 223
-113 -61
-113 320
-112 -258
-112 -58
-111 -62
-109 -277
-108 -97
-105 -333
-105 144
-105 259
-105 268
-104 25
-103 -92
-100 101
-97 61
-95 -320
-93 108
-88 105
-81 -309
-76 -125
-71 58
-68 149
-67 -311
-67 103
-63 -157
-58 -105
-57 -350
-57 -41
-56 -318
-54 310
-49 206
-48 -292
-45 -303
-45 -84
-42 -254
-39 31
-37 -75
-36 -22
-35 -316
-29 -319
-28 -165
-27 -160
-27 120
-25 -13
-24 337
-23 -5
-21 22
-11 167
-9 262
-8 332
-6 -171
-3 194
-2 68
3 -132
3 67
4 105
4 205
5 -116
7 -190
9 -142
10 -93
13 -161
21 -95
21 55
22 -304
22 -180
24 -314
27 105
28 -24
34 -101
34 311
35 -291
39 -76
39 -28
39 8
42 187
44 -166
45 105
46 262
49 -163
50 -39
51 339
53 338
63 271
66 -69
69 163
71 30
72 -123
72 51
73 105
76 143
77 293
78 -179
78 77
81 -334
87 251
89 -152
89 -20
92 -31
93 224
93 240
97 -235
97 -109
102 172
103 277
109 96
112 -126
114 63
116 -32
116 41
118 -37
125 186
126 220
127 20
129 -260
132 -80
140 -267
140 -78
142 -195
147 216
155 -276
159 312
160 18
163 124
164 -204
168 311
170 84
171 5
174 -299
177 131
178 -342
178 -10
179 -237
180 -110
182 -165
187 -189
189 -227
190 325
192 -66
192 196
196 -15
197 304
199 280
200 -312
201 -252
201 -91
205 287
210 -72
214 278
215 -103
221 -131
222 328
231 -81
231 101
234 -64
235 -171
236 150
238 143
240 127
241 -126
241 44
242 -95
250 -286
251 -11
252 228
252 257
253 86
253 151
259 -56
261 -167
263 -65
268 -52
268 14
272 -313
273 -122
274 -189
276 138
283 178
284 -111
287 -213
287 -204
290 -125
291 -339
291 -322
293 142
297 -89
297 265
303 -200
308 -322
308 106
309 -127
314 228
317 -216
317 304
318 -134
322 11
329 79
333 23
339 -265
341 -50
342 162
