500
0 0
-200 71
-199 -171
-199 -52
-198 -124
-198 23
-198 28
-198 82
-198 130
-198 166
-197 172
-196 -110
-194 -169
-192 -51
-191 -91
-189 -154
-189 -50
-189 74
-186 66
-183 -49
-183 -29
-183 135
-181 4
-181 125
-181 156
-181 159
-180 9
-179 -67
-179 -57
-179 84
-178 -24
-177 -163
-177 -37
-177 166
-176 -92
-174 -19
-170 -184
-169 -77
-169 155
-167 69
-167 71
-167 134
-166 -17
-166 113
-165 3
-159 -148
-159 14
-159 169
-158 35
-156 -181
-156 -96
-156 -61
-156 22
-155 30
-155 46
-154 -184
-154 -71
-154 186
-153 -51
-152 80
-152 171
-152 186
-151 89
-151 187
-150 25
-149 -115
-148 -81
-148 132
-146 199
-143 -151
-143 169
-142 -148
-142 19
-139 23
-139 40
-139 163
-138 -77
-138 -42
-137 -22
-137 -13
-137 161
-135 184
-134 -80
-134 175
-132 -70
-132 5
-132 8
-130 -100
-129 -194
-129 -39
-128 -92
-125 21
-122 -163
-122 -28
-119 -99
-119 117
-119 148
-118 185
-117 -33
-116 -52
-115 -23
-115 4
-114 -69
-114 161
-110 -191
-108 -193
-108 -6
-108 121
-106 180
-105 -120
-105 -34
-105 60
-104 12
-103 -80
-102 -144
-100 152
-98 -173
-97 -195
-97 101
-96 -176
-96 -78
-96 93
-95 -10
-93 48
-92 -138
-92 31
-92 114
-91 -198
-88 107
-88 152
-86 -160
-86 -159
-86 14
-86 195
-84 -151
-84 -125
-84 -11
-83 -178
-83 88
-83 136
-83 182
-81 -166
-80 -174
-80 57
-78 -120
-78 -100
-78 -67
-78 84
-77 -85
-76 -114
-76 -88
-76 48
-74 3
-73 -161
-73 85
-72 -166
-72 -156
-72 -109
-72 -93
-71 -172
-71 -11
-71 56
-70 -18
-70 136
-68 38
-67 -26
-65 -60
-64 51
-64 178
-63 152
-61 -16
-61 158
-58 -194
-58 -142
-58 -52
-55 -189
-55 107
-53 -170
-53 -124
-53 163
-52 -138
-52 -116
-52 -84
-52 63
-52 79
-51 -110
-50 5
-49 -190
-49 -117
-49 -11
-48 -145
-48 27
-47 -167
-46 169
-46 185
-43 -31
-41 -151
-40 -5
-40 95
-39 31
-38 -181
-38 132
-38 139
-37 20
-36 8
-35 -26
-34 -66
-34 -17
-33 -59
-33 146
-32 162
-30 136
-29 54
-29 97
-29 127
-26 142
-25 -137
-25 -5
-25 108
-24 -97
-23 -91
-23 -79
-22 -140
-22 -56
-20 -121
-20 66
-20 175
-18 -35
-18 153
-18 197
-15 -140
-15 11
-15 127
-14 -127
-14 5
-14 165
-13 -113
-12 -166
-12 197
-11 -50
-11 -13
-10 -77
-9 -50
-8 -114
-6 -9
-5 -175
-5 -114
-5 -62
-5 -55
-3 -108
-3 -34
-2 169
-1 -130
-1 157
0 -177
0 15
0 90
0 174
2 150
3 39
3 139
4 60
5 -100
5 138
6 -63
7 73
9 -4
11 -161
11 -159
12 -14
12 174
13 -169
14 -47
15 -3
17 -169
18 -170
18 -83
18 12
18 27
18 175
18 186
21 -195
23 31
24 -146
24 197
26 -66
26 161
27 -89
28 -176
29 24
29 54
31 -189
31 -14
32 71
35 -165
36 193
37 -93
37 -77
37 -30
37 150
37 155
38 7
39 -192
39 2
39 160
40 -139
40 -89
40 174
41 -195
41 164
43 -34
43 135
44 -197
44 -138
44 -42
44 40
45 -3
47 -77
49 -141
49 54
51 -169
51 -122
51 19
54 28
54 163
55 -29
60 -102
60 -55
62 82
62 94
63 -71
64 -9
64 34
66 -189
66 -118
67 -93
67 47
68 172
69 118
70 -37
71 -186
71 -88
73 -149
73 -109
73 -94
73 22
73 198
74 -40
74 78
75 -92
75 102
76 -130
76 -99
77 3
80 -191
80 147
82 -127
83 -161
83 -82
83 -52
83 76
84 -146
84 -35
84 24
84 148
86 -101
87 -141
87 -136
88 -93
89 24
90 34
91 -193
91 -11
92 -30
93 -10
94 -145
94 -119
94 107
95 -64
96 -96
96 154
97 -186
97 -178
97 157
97 168
98 -56
98 -47
99 -92
100 -36
100 119
101 -151
102 -7
102 133
103 -185
103 94
104 -75
104 76
104 108
105 184
108 -86
109 -5
110 -100
112 -13
113 -16
114 -36
116 -115
116 -83
117 63
117 115
117 125
120 -126
120 -121
121 -196
124 198
125 159
126 27
126 31
126 149
127 -60
127 -25
127 142
127 190
128 5
128 59
129 -29
130 -78
130 -48
132 179
134 -77
134 63
137 -78
137 -15
137 40
139 -144
139 108
140 -166
141 -118
142 -180
142 178
143 180
144 -112
145 -112
146 -16
146 12
147 -11
148 -135
149 -82
149 51
150 180
151 -59
151 16
151 60
153 -78
153 118
154 -188
154 27
155 12
156 -90
156 69
157 -106
158 -132
158 -55
159 26
160 37
160 160
161 -43
165 -64
165 -5
167 -89
167 -38
171 29
173 -159
174 -66
174 36
176 120
180 19
181 17
181 143
182 130
182 136
183 45
184 -72
187 -195
187 -39
187 -3
188 7
188 151
190 -148
192 129
193 14
194 -184
195 -57
195 -26
195 23
196 -117
197 106
198 46
198 144
199 -153
199 0
199 149
