300
0 0
-350 -102
-348 149
-347 -216
-339 278
-338 -309
-335 118
-333 3
-332 232
-328 -180
-328 -118
-328 155
-327 326
-326 -333
-323 269
-322 -62
-322 74
-310 -65
-310 185
-307 235
-301 158
-299 -39
-296 -254
-296 -158
-296 230
-295 -266
-294 49
-293 58
-289 170
-286 205
-285 -318
-283 -270
-283 -252
-281 46
-278 -88
-271 -43
-271 319
-268 -188
-268 133
-266 141
-266 222
-265 -39
-264 -149
-264 -79
-262 44
-261 -197
-260 97
-259 -281
-247 -190
-245 -103
-245 -5
-239 79
-237 -17
-237 82
-233 56
-231 163
-231 237
-230 -297
-225 -43
-224 -15
-219 -281
-219 127
-216 -117
-214 117
-212 -143
-210 -239
-210 -167
-210 285
-206 124
-200 66
-199 -264
-197 -212
-196 240
-193 -304
-188 -338
-188 -325
-188 245
-184 333
-182 -243
-182 -156
-179 -345
-176 210
-169 43
-163 -89
-162 -331
-162 -22
-162 291
-162 312
-161 -135
-160 105
-159 -208
-159 114
-155 250
-152 -120
-149 247
-148 -235
-146 244
-143 141
-140 -320
-138 254
-137 -127
-136 156
-134 117
-131 2
-125 -284
-125 183
-125 184
-123 -130
-123 -8
-121 218
-119 -237
-117 254
-115 231
-114 -174
-111 268
-109 -237
-108 -144
-106 167
-102 155
-99 -170
-99 -104
-98 -282
-95 -283
-94 347
-93 -258
-93 -189
-85 223
-83 -45
-74 149
-72 -286
-72 -100
-71 -179
-71 224
-67 201
-65 122
-63 -8
-57 66
-57 303
-53 289
-51 154
-45 -217
-42 -151
-38 134
-36 -275
-36 -246
-35 297
-35 327
-32 -62
-30 -213
-29 -252
-27 -21
-27 145
-14 125
-13 221
-10 -313
-7 6
3 49
6 3
6 317
14 -218
14 -193
14 51
23 -342
25 -67
25 -30
29 275
30 101
38 -68
41 36
41 143
42 182
44 280
45 -308
46 -50
52 -125
52 303
54 79
55 296
56 -231
62 -259
63 -168
64 -57
66 25
68 -230
69 251
73 101
74 -320
75 156
77 21
78 275
80 -302
80 -63
80 -45
81 8
81 67
82 -327
82 -106
82 71
83 -292
86 -87
88 -314
94 143
95 -117
99 -2
100 12
101 35
103 336
105 -12
106 275
108 153
113 41
114 -132
117 -263
117 23
121 289
122 241
123 -25
123 75
126 -237
129 -280
138 -320
140 -33
143 349
146 44
148 258
149 39
161 60
162 -53
165 -26
167 -111
168 74
171 88
172 -224
178 267
181 240
186 232
188 -298
191 43
192 -245
197 -225
197 152
206 -251
212 160
214 301
215 -72
220 -117
220 -78
221 -35
225 -311
227 -318
227 345
228 77
228 91
229 -303
230 302
232 133
249 334
254 -117
257 -225
258 -228
258 226
259 -236
259 108
262 -287
262 -272
262 -148
266 52
269 -54
274 -312
274 35
278 -114
278 205
282 124
284 -170
285 33
292 -162
299 -141
306 -214
306 -122
307 -34
311 -224
312 119
313 -181
313 -5
315 306
316 -234
320 152
324 -228
330 -138
331 127
332 -338
332 242
334 -268
334 231
334 294
338 -54
340 -265
340 -261
343 -223
344 -267
346 185
