200
0 0
-199 133
-196 33
-195 -45
-193 -125
-187 56
-186 12
-184 178
-182 120
-173 -146
-172 -106
-171 39
-169 -87
-168 11
-165 -25
-162 87
-161 -169
-160 -116
-158 -118
-154 100
-150 187
-148 11
-144 51
-142 188
-140 89
-139 -136
-138 114
-137 48
-136 185
-134 50
-131 -184
-131 -38
-129 -63
-127 -139
-127 170
-126 59
-123 -184
-120 -177
-120 -124
-119 34
-118 -73
-118 139
-117 37
-117 100
-113 -159
-107 -11
-100 173
-98 -116
-95 -93
-94 108
-92 -147
-92 -31
-91 -154
-90 -76
-85 48
-81 -182
-81 83
-76 48
-76 158
-74 130
-74 133
-73 147
-72 -25
-71 131
-69 -98
-68 -92
-66 -104
-65 98
-65 161
-63 -145
-62 23
-62 157
-60 15
-56 126
-50 -25
-50 133
-49 -96
-49 174
-47 131
-43 -82
-42 17
-42 151
-39 -12
-38 -93
-37 -104
-37 199
-35 5
-34 118
-26 33
-19 21
-18 -128
-16 82
-15 39
-15 111
-13 -131
-7 -150
-6 74
-1 13
0 -97
1 -142
3 143
5 -98
6 -156
6 25
9 87
11 -142
11 -20
12 138
13 -116
16 -24
18 150
20 150
21 96
26 -29
28 -77
29 -142
29 -118
30 48
31 76
33 56
34 -15
36 -134
38 135
40 -54
42 -106
44 124
46 65
51 -96
53 -163
53 -120
53 40
53 46
54 105
54 162
57 -167
57 67
57 108
61 -91
68 -77
68 137
69 -21
71 -137
71 20
74 -26
77 135
77 175
78 -160
81 -119
82 -104
85 -25
88 -21
94 -164
97 106
99 -49
100 -134
101 -165
103 54
106 -76
108 91
108 143
110 -58
111 -26
112 167
113 7
117 131
121 -144
122 55
124 72
130 -1
130 19
137 -47
137 140
138 141
144 -57
144 -46
150 25
150 110
151 -53
153 -164
155 1
155 23
155 168
159 194
160 116
162 -120
162 -37
163 77
164 79
165 -157
166 -21
166 102
176 33
177 36
181 -98
184 -123
187 -95
188 143
191 -176
191 -160
196 -43
198 147
