1000
0 0
-648 -42
-648 281
-648 417
-646 -384
-646 69
-644 -627
-644 -64
-643 194
-641 65
-640 -75
-640 271
-639 -388
-638 409
-638 505
-637 -204
-635 -288
-634 15
-633 374
-632 15
-630 13
-628 350
-626 239
-625 -443
-625 389
-625 556
-622 211
-621 -252
-620 -171
-616 70
-611 611
-610 -547
-609 -470
-608 103
-605 627
-602 195
-599 -303
-597 -447
-596 89
-594 16
-594 475
-593 -245
-592 516
-589 -189
-588 152
-585 260
-584 -505
-582 -256
-581 30
-581 192
-581 617
-580 -66
-578 299
-577 3
-575 -5
-573 223
-572 -629
-569 -532
-569 222
-568 189
-567 349
-566 589
-564 -57
-564 51
-564 86
-563 -203
-563 301
-563 619
-562 -497
-558 -452
-557 -306
-556 -426
-555 117
-551 -279
-551 65
-551 502
-550 644
-548 240
-547 -270
-547 375
-546 -150
-546 41
-545 -526
-543 -393
-543 493
-542 -643
-541 -186
-541 68
-540 456
-538 -308
-538 539
-537 130
-536 -123
-533 -473
-532 -600
-532 610
-531 -401
-528 356
-527 295
-526 249
-524 469
-524 624
-523 599
-523 641
-522 -613
-522 -473
-522 563
-521 -441
-519 -216
-518 -478
-518 -189
-518 596
-517 -438
-516 125
-513 411
-510 129
-508 499
-503 127
-502 276
-501 -292
-499 -338
-499 613
-498 143
-497 -417
-496 -392
-496 -174
-493 -390
-492 -90
-491 -222
-486 428
-485 -335
-485 80
-485 523
-483 -633
-483 230
-481 11
-480 513
-479 -423
-479 -124
-477 535
-476 -377
-476 114
-475 -305
-474 -489
-474 303
-473 -103
-472 -453
-472 66
-469 370
-468 -166
-466 -223
-466 -100
-465 -530
-460 522
-457 -198
-456 60
-454 -345
-453 -477
-453 172
-452 17
-451 150
-451 238
-449 -10
-448 -105
-448 407
-447 -193
-447 -166
-445 434
-443 316
-442 -489
-441 -367
-441 329
-438 -141
-437 -479
-437 -260
-437 161
-436 319
-433 330
-432 642
-431 -225
-430 -221
-429 -299
-427 -207
-427 -170
-423 -493
-423 71
-423 248
-423 408
-421 -385
-417 498
-415 288
-415 522
-414 -29
-413 -91
-412 359
-409 -185
-405 491
-403 381
-401 -121
-401 11
-399 -486
-399 -218
-396 -360
-393 453
-392 268
-390 33
-390 542
-388 -222
-387 -635
-387 -313
-387 647
-385 -268
-384 -610
-382 -517
-381 -636
-381 -445
-381 73
-379 -642
-378 57
-372 -188
-372 621
-371 193
-371 431
-370 -565
-369 -234
-366 150
-359 126
-359 593
-357 -616
-357 483
-355 -378
-354 -438
-354 -28
-351 -501
-348 -511
-348 -62
-348 4
-347 -485
-347 446
-345 507
-344 368
-342 -429
-342 202
-340 -276
-340 550
-338 -294
-337 -565
-333 -37
-332 523
-330 -64
-330 -29
-329 -453
-328 -222
-328 488
-326 -77
-326 405
-320 159
-319 -536
-319 -378
-319 192
-318 -518
-318 348
-315 -426
-314 -217
-312 -257
-311 12
-310 341
-309 -437
-308 242
-307 92
-306 -248
-306 -108
-305 -602
-303 -149
-300 -192
-299 73
-298 19
-298 352
-297 -99
-294 469
-292 -240
-292 107
-291 230
-290 -574
-290 -41
-290 583
-288 -234
-287 59
-286 458
-284 -475
-284 276
-282 296
-280 558
-279 -423
-279 -34
-279 445
-278 305
-276 153
-275 203
-273 -218
-271 218
-270 -277
-270 -223
-269 487
-267 -286
-267 246
-262 311
-260 -534
-260 339
-259 236
-257 -44
-257 440
-255 -139
-254 -343
-254 347
-253 426
-252 567
-250 -55
-248 -517
-248 165
-247 -152
-244 302
-243 -54
-241 93
-241 561
-239 234
-234 147
-233 -600
-233 -521
-233 521
-233 540
-232 206
-231 -283
-229 318
-227 -293
-225 -1
-224 51
-224 443
-222 32
-222 57
-219 47
-219 253
-216 90
-213 -549
-211 138
-209 -412
-208 -612
-208 -135
-208 572
-207 -269
-206 -339
-206 -166
-204 166
-203 582
-202 182
-202 232
-199 -301
-199 446
-199 516
-198 108
-195 17
-190 23
-188 152
-187 -224
-186 -358
-182 215
-180 370
-180 416
-179 -404
-172 -2
-171 -553
-169 339
-168 -493
-168 -128
-166 -162
-166 445
-165 421
-164 -206
-164 107
-164 512
-163 478
-162 -473
-161 199
-160 -34
-160 153
-159 464
-154 -175
-153 -594
-153 80
-151 91
-149 -293
-148 564
-147 -57
-145 548
-144 -36
-142 -531
-139 101
-139 367
-138 -557
-136 -107
-132 -93
-132 -36
-131 -566
-128 -247
-128 46
-128 83
-126 -638
-126 97
-123 -566
-122 -329
-122 165
-121 -180
-118 345
-118 599
-113 481
-112 -609
-112 168
-112 198
-111 -458
-110 604
-109 324
-108 160
-106 -166
-104 -605
-103 -558
-103 -190
-103 -100
-102 -100
-100 96
-100 116
-99 127
-98 536
-96 -505
-96 -99
-96 159
-95 546
-94 307
-91 -576
-91 419
-90 -526
-90 -409
-90 213
-89 -619
-89 -136
-88 -323
-88 146
-86 223
-86 478
-85 -280
-85 488
-85 612
-84 -537
-83 -558
-81 -603
-78 -222
-76 -607
-76 -417
-75 460
-74 -574
-73 497
-72 232
-72 523
-70 -139
-70 55
-69 -558
-69 594
-66 -631
-66 -424
-65 -49
-65 451
-64 -648
-64 215
-60 642
-59 465
-59 494
-56 215
-55 -24
-54 -458
-52 637
-51 334
-49 635
-48 -544
-46 -563
-46 -279
-45 184
-45 314
-44 -148
-42 -386
-41 -361
-41 -277
-41 524
-39 15
-39 211
-39 606
-37 437
-36 -642
-34 -304
-33 17
-32 -605
-32 -4
-32 542
-32 610
-31 502
-30 218
-29 -648
-28 394
-24 -141
-23 361
-22 -400
-22 114
-21 -321
-20 459
-19 -506
-19 267
-16 266
-14 -535
-13 -363
-12 560
-10 424
-7 -12
-6 496
-5 -332
-4 -619
-4 -282
-3 -307
-2 376
-2 385
-2 449
3 -364
6 -570
6 -97
10 -454
11 -288
11 347
12 -51
15 -557
17 19
17 606
18 -475
18 -159
18 407
18 497
19 -300
20 -175
20 -123
20 456
22 459
24 -327
25 593
27 97
27 519
27 635
28 109
32 -533
34 -565
34 -142
36 -152
37 -262
40 591
46 430
47 -373
48 204
49 -466
49 -123
51 -188
52 542
55 -190
56 555
59 -506
59 -392
61 -618
61 -263
66 -355
66 368
67 -203
68 437
72 561
73 102
78 -429
79 -65
81 -16
81 49
82 -152
84 -635
84 566
85 -538
85 136
86 -62
86 221
86 463
87 342
88 160
90 -15
92 -93
92 553
93 139
97 -287
97 -185
98 517
100 204
100 345
101 208
102 -138
102 83
103 -438
103 114
104 -348
105 376
106 -213
106 -42
111 451
112 -137
112 269
114 66
115 -353
117 486
119 -313
122 -612
122 -357
123 -3
125 -538
125 361
129 -353
129 -285
130 -181
132 -23
132 568
133 -442
134 -586
136 -56
136 136
137 -549
141 213
142 160
145 -185
148 187
148 627
149 -262
152 540
154 433
155 -559
155 -53
156 606
158 -48
158 574
161 182
162 -218
163 26
164 642
170 -415
171 536
174 -175
174 -77
174 523
175 -349
175 636
176 496
178 649
181 -47
183 261
185 292
186 -545
189 41
189 215
194 230
194 506
196 362
197 -617
199 343
199 510
202 -412
202 120
203 -518
212 -440
212 595
213 -346
216 -642
217 -86
218 266
218 480
219 -399
221 315
222 -285
225 -365
225 -129
227 -510
228 144
233 -6
236 -488
237 459
238 450
245 206
245 599
246 -623
246 92
247 -71
247 -33
248 425
248 538
248 579
249 231
249 583
250 142
251 -490
251 55
253 170
254 551
255 -458
257 -405
258 -446
258 556
260 -394
261 577
262 -637
263 -233
263 358
264 -248
264 235
267 -410
269 619
271 -402
271 147
273 -568
273 -358
274 -359
276 -126
276 455
277 -449
278 -82
279 -574
279 527
280 -602
286 -416
288 -201
290 -306
292 434
295 -187
298 478
299 -109
299 -103
300 480
303 -362
303 443
303 470
307 352
308 329
316 -546
318 -210
319 -134
323 154
326 -635
326 -282
326 -174
326 -106
329 195
330 -368
333 -518
338 334
341 -207
341 -112
343 -258
343 466
344 -431
345 529
347 -476
352 392
354 546
355 285
357 -572
359 279
359 452
360 -120
362 -466
364 -545
365 -536
366 -375
369 -298
369 113
370 223
371 -447
372 191
373 503
375 589
376 -586
376 -387
376 562
377 -333
377 -212
379 -301
380 -615
380 -384
383 69
383 563
384 -463
386 -320
386 536
388 -282
388 368
389 -600
389 -299
390 -432
391 527
392 -370
394 83
396 -618
398 -598
398 324
401 -572
401 -548
401 174
402 -571
405 386
406 177
407 -642
407 -625
410 501
414 -193
417 604
418 319
418 648
422 -255
422 71
422 285
423 -77
426 -176
426 -68
428 127
430 -521
430 214
430 559
431 -247
431 400
435 -355
436 -439
436 385
437 -441
437 155
437 452
444 -564
444 -496
446 -342
446 -165
447 262
447 578
449 519
450 4
451 -295
451 -153
454 -129
454 183
456 18
456 113
456 473
458 -13
459 169
460 -283
461 30
462 -233
467 -232
471 -639
471 537
471 615
474 -316
474 193
474 289
476 -323
476 -144
479 284
482 -225
482 -69
484 266
486 424
487 -545
487 153
488 160
488 313
490 363
490 493
494 -33
495 509
496 -632
497 -473
499 37
500 -151
501 29
506 -208
506 -79
506 -67
508 535
509 -468
510 -443
510 394
514 -191
514 -85
516 -253
517 -338
519 158
521 -334
521 435
522 -176
528 -262
528 145
530 -269
531 -551
531 -336
534 609
536 -382
537 631
540 280
541 302
544 178
545 132
545 234
548 -505
550 -545
552 -310
552 136
553 255
554 533
555 -553
555 -200
556 113
557 -373
557 353
560 -501
562 -457
566 -106
569 365
570 549
571 -288
572 -484
572 13
576 -621
576 -600
576 -357
577 -349
579 -324
584 -180
586 -452
586 -71
587 -595
591 -412
593 127
595 -151
595 2
597 -538
597 -389
597 465
599 69
601 -462
601 528
602 13
603 -270
604 -543
604 -120
604 424
605 -373
605 503
606 -178
607 359
608 -647
608 -292
610 -80
611 -425
612 -563
612 -20
613 -131
615 75
617 314
618 -315
621 603
624 -527
624 -114
624 94
624 467
625 -632
625 -355
626 -498
628 -166
628 -77
631 -413
632 494
633 258
634 -232
634 69
634 87
634 204
637 -624
637 61
638 565
642 396
642 544
643 -467
645 -129
646 -336
647 -613
647 -274
647 140
647 349
648 278
649 544
