300
0 0
-200 180
-199 142
-198 -74
-198 114
-196 -81
-193 -124
-192 -79
-190 -23
-190 161
-189 87
-187 -196
-184 -77
-184 146
-183 -47
-182 -147
-182 171
-181 -125
-179 164
-178 137
-177 81
-176 -37
-176 102
-175 105
-173 -161
-172 -129
-171 -39
-170 36
-170 103
-169 45
-169 107
-168 -51
-168 -18
-167 -80
-167 -67
-165 -88
-164 0
-164 20
-158 -114
-158 -2
-158 4
-155 -177
-155 -114
-154 -35
-154 187
-154 190
-151 -84
-150 -125
-150 -104
-149 3
-147 -192
-144 -186
-140 132
-140 150
-139 -24
-136 -19
-135 176
-133 -103
-131 -66
-129 45
-127 59
-120 -77
-120 23
-119 -153
-118 -114
-117 116
-113 -49
-107 -29
-105 -63
-102 145
-101 -129
-95 -56
-95 193
-94 -103
-93 70
-93 186
-91 -41
-90 -160
-89 -101
-87 -185
-86 -71
-86 4
-86 75
-86 199
-85 15
-84 -17
-84 63
-83 -50
-83 83
-83 159
-82 -141
-82 -75
-82 -71
-81 -8
-81 138
-80 5
-75 -179
-75 -130
-73 113
-70 190
-65 43
-65 57
-64 -140
-63 129
-60 -107
-60 75
-60 156
-59 -112
-57 -109
-54 -44
-54 165
-51 -106
-51 4
-50 155
-47 196
-46 -41
-44 -152
-44 -7
-43 -139
-43 -23
-43 69
-42 145
-41 -170
-41 -90
-41 44
-39 -160
-35 -97
-33 -3
-30 35
-29 -137
-28 -46
-27 -173
-27 152
-26 127
-25 -134
-25 -86
-25 90
-23 -148
-23 -41
-23 82
-23 177
-22 -12
-22 63
-21 -130
-21 180
-21 183
-20 183
-18 -113
-18 -83
-16 -15
-15 33
-14 0
-14 83
-11 -72
-10 -152
-9 -71
-8 29
-7 32
-7 182
-5 106
-3 -85
-1 -112
-1 34
-1 136
0 24
2 -56
2 124
3 -21
3 110
4 179
5 59
6 -25
8 -28
8 27
9 27
10 98
10 132
11 113
17 51
17 185
18 37
18 96
20 -109
20 -19
20 -18
20 171
24 -167
24 -88
25 -183
25 99
27 173
28 87
30 86
31 -56
36 -189
36 133
37 -109
37 -2
39 -130
39 143
49 79
49 109
51 154
53 30
59 -103
59 25
59 195
60 156
62 164
63 109
64 -18
68 16
68 49
69 -194
71 -25
72 -10
73 -137
75 -199
75 -13
76 -186
78 155
79 -133
81 -69
82 131
82 165
84 21
87 -158
87 22
88 193
96 87
97 -7
98 -131
99 -7
99 184
100 -166
101 84
101 192
102 169
102 195
103 198
106 -26
107 -131
107 -123
107 -118
108 -1
108 117
108 145
112 186
113 119
117 -83
120 -51
120 -50
121 127
122 179
124 -92
124 35
124 54
125 21
127 23
131 156
134 -140
135 -70
136 -101
140 7
142 -81
143 -120
144 -27
146 -147
146 -104
146 157
149 -104
156 61
159 -141
161 -112
162 195
165 -117
165 165
166 -184
166 112
169 171
170 48
171 -67
176 -74
177 16
177 91
177 127
177 184
178 -182
182 -29
182 73
183 100
184 94
185 127
188 -54
189 110
190 127
195 32
195 63
196 -28
197 -200
198 43
