1000
0 0
-650 -609
-650 -318
-647 -649
-647 -240
-647 -38
-646 -125
-645 -289
-642 -553
-640 109
-638 -489
-638 99
-631 -336
-631 439
-630 -299
-630 422
-628 499
-627 268
-626 -439
-626 169
-625 -243
-623 -214
-622 65
-622 527
-622 535
-621 33
-621 587
-620 -227
-620 -207
-619 -132
-617 382
-614 -633
-614 -121
-614 108
-613 598
-610 -257
-609 425
-608 -553
-608 -513
-607 -645
-607 -221
-607 66
-606 202
-603 -77
-603 154
-601 -121
-600 117
-598 53
-597 508
-596 -558
-596 -263
-595 158
-595 441
-593 586
-592 609
-592 614
-591 -113
-591 96
-588 -635
-587 -107
-586 42
-585 -429
-583 -396
-582 -517
-582 212
-580 -346
-578 -347
-575 460
-574 -143
-573 493
-571 -477
-570 604
-569 -222
-569 6
-569 67
-569 344
-569 373
-568 389
-567 6
-567 293
-567 615
-566 551
-566 602
-563 185
-563 596
-561 -639
-561 -436
-561 -185
-559 -485
-558 -628
-558 -179
-557 90
-555 -275
-552 -41
-551 281
-548 -360
-548 -52
-548 526
-547 -268
-547 -153
-546 616
-543 -525
-543 154
-543 636
-542 285
-539 -353
-537 -526
-537 -103
-535 48
-534 -436
-534 -131
-534 445
-533 -643
-533 -235
-533 547
-531 -158
-524 -507
-524 -80
-523 -538
-521 -365
-520 44
-519 -339
-518 -383
-517 -248
-516 -424
-514 -332
-511 -294
-507 -191
-507 78
-507 314
-506 -145
-505 -343
-504 -580
-504 -15
-501 -609
-500 -577
-499 -517
-499 22
-499 632
-497 618
-496 -14
-494 392
-494 586
-492 -105
-490 48
-489 -392
-488 233
-488 547
-484 -126
-484 350
-483 -336
-480 119
-480 305
-480 647
-479 264
-475 -545
-474 284
-471 281
-467 -398
-466 -364
-464 487
-462 -412
-461 486
-461 593
-460 -399
-457 307
-457 432
-455 -107
-455 369
-454 -406
-454 182
-453 -323
-452 433
-448 3
-446 201
-442 -88
-442 313
-437 48
-436 380
-434 -149
-433 -32
-433 177
-431 55
-426 -381
-425 -427
-425 409
-424 -155
-422 -118
-419 222
-418 508
-418 645
-412 52
-411 93
-411 215
-405 -2
-405 117
-404 444
-403 486
-402 -214
-402 106
-401 -3
-400 -136
-399 626
-398 -113
-397 445
-395 -440
-395 56
-395 257
-394 -584
-391 133
-391 192
-390 -177
-388 369
-386 626
-385 -621
-385 616
-384 -542
-382 396
-381 -579
-381 68
-380 -546
-380 294
-378 -484
-378 517
-377 -453
-376 -187
-376 201
-375 -435
-373 -51
-370 167
-366 -321
-366 -306
-366 265
-366 424
-365 -238
-365 197
-364 123
-360 -410
-359 -523
-358 491
-357 -267
-355 -645
-355 -625
-354 553
-352 -293
-352 -144
-348 -22
-347 -641
-344 -550
-343 -258
-343 15
-340 -366
-335 198
-333 464
-332 -114
-330 206
-329 -373
-328 -584
-328 -444
-328 347
-326 -579
-326 -487
-325 -365
-325 -325
-323 -450
-322 -369
-321 -501
-321 398
-320 -245
-319 -348
-319 231
-317 -640
-314 -321
-313 63
-313 300
-313 436
-313 496
-311 -437
-308 513
-307 -365
-307 -138
-302 -238
-301 172
-300 -383
-300 -365
-297 476
-296 -539
-296 -24
-295 12
-293 -239
-293 383
-292 -186
-291 550
-289 459
-284 -268
-283 -551
-282 148
-282 252
-279 -531
-278 583
-277 494
-274 -325
-273 360
-269 -403
-268 -380
-267 -616
-267 -47
-267 -24
-266 -484
-265 482
-265 606
-264 -272
-264 -264
-263 502
-262 284
-261 -272
-258 35
-258 465
-257 -19
-256 -496
-256 640
-255 598
-254 -99
-253 251
-252 -429
-251 -377
-251 -190
-251 514
-249 219
-248 60
-244 -497
-244 -100
-243 -474
-242 620
-240 465
-238 -332
-238 190
-235 -304
-233 -412
-229 -414
-228 -601
-228 430
-227 51
-226 114
-226 266
-226 398
-225 -121
-225 310
-223 -124
-222 -378
-222 320
-222 523
-221 306
-221 335
-219 -508
-216 -168
-215 455
-213 307
-211 -477
-211 547
-208 -151
-208 554
-206 410
-205 48
-203 -220
-202 398
-202 501
-201 -641
-201 239
-199 349
-198 -288
-197 615
-196 446
-195 -471
-195 -238
-191 -420
-191 -141
-189 10
-189 626
-187 -225
-185 101
-185 619
-184 -54
-182 -438
-182 -102
-182 -55
-181 -231
-181 537
-180 318
-172 -391
-171 -621
-168 198
-165 -276
-163 152
-162 -289
-162 576
-162 612
-160 382
-158 -411
-158 -160
-157 -495
-157 -300
-157 395
-157 443
-155 242
-155 432
-155 540
-151 443
-150 440
-149 15
-149 465
-147 -381
-147 -76
-146 -146
-140 643
-138 -339
-136 -480
-135 -4
-133 -385
-133 -293
-130 -183
-126 439
-125 -141
-122 -364
-121 -594
-121 -389
-120 -351
-120 148
-117 -531
-117 -230
-117 394
-117 538
-114 -33
-113 -102
-112 442
-111 -166
-111 38
-104 -647
-104 273
-103 62
-102 120
-101 -492
-101 25
-101 119
-101 325
-100 247
-99 4
-98 -275
-97 -406
-97 -314
-96 -462
-95 -254
-94 -32
-90 566
-89 -321
-89 626
-88 -104
-88 400
-88 461
-84 637
-82 -182
-79 -41
-78 -267
-76 -321
-76 -5
-76 408
-74 234
-71 412
-67 171
-67 208
-66 -573
-66 -435
-66 -82
-66 415
-64 550
-63 -90
-58 -157
-57 -489
-57 588
-54 -620
-52 185
-52 371
-49 -81
-47 -10
-40 331
-38 348
-31 -246
-30 -302
-30 212
-29 -130
-26 369
-24 599
-23 -395
-22 -266
-19 234
-17 235
-12 -632
-12 452
-9 -463
-9 133
-9 585
-8 565
-7 -113
-7 342
-6 -193
-5 -490
-5 -279
-4 -76
-2 177
-1 328
-1 447
0 -162
1 583
2 -144
3 -479
4 623
11 -375
11 87
11 565
12 -34
12 427
13 -293
14 608
15 -10
18 -127
18 368
19 188
19 305
20 -136
25 222
26 203
27 92
32 -204
32 166
33 417
33 580
34 -577
35 382
39 -328
40 493
43 -642
43 275
47 -371
47 209
48 -565
51 -286
51 167
52 -180
53 -92
54 473
56 -550
56 -372
60 -227
60 413
61 53
66 181
66 359
67 -610
67 -458
69 -279
69 -266
70 -459
71 87
75 -54
79 -535
80 -359
81 -478
82 -185
82 643
84 645
86 338
86 439
87 -485
89 -62
89 196
90 -266
92 308
95 563
100 -329
100 136
101 246
103 81
103 178
103 524
104 382
104 523
105 27
107 250
107 372
108 569
110 -512
112 -95
112 443
114 -427
115 -379
115 -195
115 -103
116 -407
117 -233
117 -126
117 245
118 -270
118 477
119 324
120 -626
120 -189
120 -27
123 -632
123 -245
123 112
125 -214
125 208
127 518
128 601
132 340
133 34
137 -167
138 99
142 -282
148 98
148 481
150 403
151 49
151 493
151 562
152 -180
153 434
155 553
156 -602
156 -508
156 -451
156 135
157 -278
158 -640
158 255
158 394
159 -198
159 -86
159 474
160 -504
160 85
161 -526
162 237
165 -148
166 -275
166 -36
168 -493
168 68
168 241
169 -530
171 -428
171 363
172 22
173 408
173 428
174 -206
174 -188
174 193
176 183
176 253
176 386
178 -370
181 -95
184 -251
188 -194
188 -30
190 576
191 466
195 -214
197 -32
197 203
198 -220
201 -455
204 -6
206 -583
209 -89
211 -108
211 -75
212 -389
212 148
212 521
213 250
214 100
214 455
215 89
216 -329
217 -500
217 -218
220 -297
220 223
222 -558
222 -476
225 254
226 640
226 649
227 451
228 464
229 -421
230 330
231 291
233 426
234 579
235 -621
236 485
236 640
237 -490
238 -61
241 -140
242 -258
243 -144
247 -53
247 257
249 -434
251 256
252 -102
252 540
253 -576
253 -429
253 -423
255 464
256 586
258 476
260 464
262 -53
263 -86
265 -480
266 637
269 -15
269 425
271 -598
272 14
273 -116
277 -520
277 -488
281 433
282 -188
282 428
283 -287
284 224
285 -151
286 -502
287 91
287 133
288 -599
291 -292
296 -561
297 71
298 73
299 -640
299 -514
300 446
302 -428
304 -511
305 -640
306 -287
306 385
308 394
309 92
309 629
311 -26
315 -626
317 -18
319 398
320 -187
321 -554
321 -415
322 -236
325 -201
327 57
331 -611
331 -372
331 -315
335 67
336 33
336 100
338 -439
339 506
341 116
344 -533
345 -524
345 313
348 -632
348 159
349 328
350 -35
351 -357
355 -419
356 -531
356 -446
356 -212
357 359
358 -109
358 465
359 -37
363 -296
363 -8
363 113
365 328
366 228
367 43
367 138
367 249
370 328
371 553
372 446
373 -418
373 259
374 76
377 -450
380 -299
381 430
381 549
382 -331
382 -32
382 -23
382 526
383 206
385 454
386 -549
386 -26
388 165
389 -393
390 400
391 326
398 -292
398 -207
404 -469
407 292
408 400
409 76
409 289
410 551
412 635
413 22
415 187
415 478
415 615
416 -390
416 368
418 613
419 531
420 -561
421 -449
422 264
423 -290
425 -151
426 -237
426 226
427 2
431 -517
433 36
436 500
438 -180
440 211
440 427
443 -205
444 -576
445 -360
445 -357
446 -291
446 206
447 -30
449 -58
451 577
455 -617
455 -611
458 -281
460 -476
460 -339
461 534
462 -126
465 19
467 518
471 185
473 -333
475 -124
476 602
479 -423
479 -361
481 196
483 -634
483 -316
484 -410
487 197
488 -468
488 -172
490 -605
496 -253
496 475
498 200
501 -526
501 -394
502 -298
502 221
504 -534
504 -11
504 559
504 607
505 -143
505 295
505 546
510 217
518 -89
518 125
518 133
521 -558
521 119
524 589
525 -283
525 -208
527 -45
528 -344
529 -627
531 447
533 1
536 113
536 205
537 379
538 -195
538 -33
539 598
540 -110
541 533
542 287
543 294
546 614
548 108
549 -616
549 501
550 -110
551 514
552 389
555 -312
555 -303
555 -35
557 -548
558 -633
559 -572
559 -170
562 -202
562 -200
565 464
565 513
568 616
569 15
570 -152
570 195
572 -532
572 -15
573 648
575 -424
575 -363
576 520
579 233
580 -558
580 -378
582 280
583 -466
585 -451
585 501
586 372
587 -523
590 -400
593 -628
593 -264
594 -608
597 -323
597 297
598 -510
598 153
602 -108
602 -54
602 251
605 -307
605 -237
607 -591
609 158
610 387
611 -394
613 -512
618 179
618 385
620 -412
620 453
624 579
626 -600
627 -203
630 -353
634 -236
635 -293
635 -49
636 589
638 332
639 -475
640 38
640 119
641 -184
641 -124
644 247
645 -256
648 -536
