2000
0 0
-900 -541
-900 -75
-899 192
-896 375
-894 -288
-894 -160
-892 -642
-891 134
-889 -347
-888 703
-887 -849
-887 -298
-887 -188
-886 86
-885 352
-883 465
-881 -417
-881 639
-879 762
-878 486
-877 107
-876 169
-876 662
-875 417
-875 448
-874 147
-873 -208
-870 -229
-869 -692
-869 -230
-869 685
-866 603
-864 -614
-862 -417
-861 -11
-861 510
-861 682
-859 -629
-858 -380
-858 -365
-857 -166
-857 99
-857 715
-857 802
-856 -278
-855 550
-854 -377
-854 625
-853 -247
-850 572
-849 -516
-849 -91
-848 -672
-848 -72
-847 -282
-847 674
-846 -99
-846 203
-843 888
-842 501
-841 -820
-841 -386
-841 715
-840 -758
-840 -68
-839 -547
-839 73
-837 -676
-837 -106
-836 832
-835 -427
-835 -421
-834 272
-833 -338
-831 -25
-829 825
-828 -394
-827 89
-827 783
-825 -588
-825 500
-824 610
-823 -825
-821 -638
-820 -819
-819 -17
-818 800
-817 -258
-817 677
-816 -113
-816 572
-814 143
-813 -761
-813 265
-813 622
-811 123
-810 -225
-805 -868
-805 860
-802 -561
-802 -376
-801 -94
-800 -28
-800 669
-799 -332
-799 178
-799 240
-798 780
-794 -174
-794 358
-793 -326
-793 -203
-793 869
-790 800
-789 218
-789 501
-787 -21
-787 354
-786 -70
-785 80
-784 748
-783 -234
-782 656
-781 -571
-780 -747
-780 300
-780 555
-779 -782
-776 314
-775 -561
-775 277
-774 -327
-774 480
-773 -746
-772 -772
-772 -300
-771 -387
-770 -140
-769 825
-768 164
-767 -274
-767 745
-766 -757
-766 422
-765 -595
-765 -418
-764 374
-763 -665
-763 10
-763 318
-762 -147
-761 812
-759 -364
-758 -663
-757 699
-757 735
-756 -742
-755 -544
-754 695
-753 -399
-752 -460
-750 647
-747 292
-746 -796
-746 -766
-746 -356
-746 780
-745 -453
-745 92
-744 -583
-744 -542
-744 -478
-744 539
-742 -572
-742 -272
-739 -449
-739 353
-738 -887
-736 -453
-734 500
-733 -41
-732 -115
-732 -29
-732 232
-730 -802
-730 -755
-729 -405
-729 201
-728 -140
-727 48
-726 -186
-726 -113
-725 -347
-721 -502
-721 132
-721 231
-718 -733
-718 824
-717 -796
-717 -327
-716 -273
-716 704
-714 -149
-713 -868
-713 -474
-713 143
-712 -369
-712 136
-711 -692
-709 -706
-709 474
-708 -658
-708 -169
-706 -580
-706 740
-705 -645
-705 284
-703 326
-701 -381
-701 12
-699 413
-698 353
-697 4
-696 -105
-696 115
-696 403
-692 604
-692 670
-690 160
-688 -890
-688 650
-687 -734
-687 -469
-684 -681
-684 -368
-684 -257
-681 176
-679 -768
-677 -872
-677 -378
-677 737
-675 -534
-673 325
-672 -207
-671 592
-669 -430
-669 257
-669 360
-666 813
-664 -778
-663 -565
-663 779
-663 799
-663 874
-662 -742
-662 -528
-662 -211
-662 493
-662 565
-662 816
-661 835
-660 -819
-660 -320
-658 -658
-657 -872
-655 -172
-655 688
-653 -152
-653 52
-652 -356
-652 555
-651 638
-649 343
-647 -333
-646 648
-645 698
-643 -810
-643 -782
-643 70
-641 -271
-640 204
-639 -342
-638 -856
-637 488
-636 -199
-635 -713
-635 479
-634 516
-633 256
-632 -611
-628 167
-628 298
-627 335
-624 -6
-623 -24
-622 772
-620 -463
-619 309
-617 -376
-616 -149
-615 216
-615 377
-614 -335
-614 435
-612 -540
-612 204
-612 670
-611 -862
-610 -543
-610 -425
-609 586
-608 -157
-607 -644
-605 546
-605 630
-604 400
-603 432
-603 509
-603 521
-603 598
-603 628
-602 -779
-602 553
-599 -846
-599 -403
-598 -409
-596 -194
-595 -91
-595 132
-595 205
-593 -756
-591 -825
-591 -387
-589 161
-586 -601
-585 -35
-584 274
-582 -673
-582 382
-581 -686
-580 -336
-578 -334
-578 185
-578 397
-577 -99
-577 567
-573 -722
-571 -543
-569 619
-569 807
-567 427
-566 -542
-566 216
-566 773
-565 -699
-565 881
-564 -694
-564 -461
-563 -152
-562 -786
-561 -734
-561 -593
-561 471
-560 -715
-560 16
-559 250
-558 -49
-558 26
-557 -758
-557 24
-557 507
-556 637
-555 -146
-555 726
-554 -853
-554 -788
-554 -26
-553 -270
-553 311
-551 -19
-550 142
-549 -735
-549 -156
-546 -754
-546 -750
-546 182
-545 -831
-544 595
-544 693
-542 -638
-540 -825
-540 -485
-539 -134
-536 -430
-535 -500
-535 531
-534 290
-533 -510
-533 43
-532 -899
-532 769
-531 -750
-530 -627
-530 -293
-530 -28
-529 186
-529 369
-529 775
-528 -428
-527 -256
-527 842
-526 -710
-526 348
-525 345
-524 -381
-522 -417
-520 -466
-518 166
-517 279
-516 838
-514 -29
-512 -452
-512 -193
-510 784
-509 751
-506 132
-505 568
-504 315
-503 -657
-501 -198
-501 -131
-500 86
-499 -123
-499 117
-497 -694
-497 -444
-496 -380
-493 -618
-492 -643
-492 -473
-491 -305
-490 838
-489 231
-487 -869
-487 337
-485 432
-484 -686
-482 -888
-482 -534
-481 86
-479 -187
-479 306
-478 878
-477 -395
-476 -87
-476 636
-473 -691
-473 134
-473 525
-473 721
-471 -389
-470 -458
-469 -714
-468 -344
-466 723
-465 518
-461 219
-460 -768
-460 -763
-460 -140
-459 617
-455 -620
-454 806
-452 -270
-452 413
-452 847
-450 -181
-450 737
-449 207
-449 219
-447 250
-446 -740
-446 703
-445 -561
-445 -367
-445 505
-444 -92
-443 -353
-442 386
-441 -581
-441 -468
-441 -323
-441 -298
-441 -167
-439 -524
-439 252
-439 620
-437 -595
-437 300
-437 511
-435 -376
-435 674
-434 -781
-433 -119
-433 489
-433 509
-431 -834
-430 130
-429 753
-429 801
-428 -259
-427 788
-425 610
-424 -592
-420 -675
-420 -441
-418 -250
-418 524
-417 -837
-417 668
-416 -52
-416 425
-416 557
-415 -797
-414 -331
-414 -43
-413 -623
-413 -601
-413 100
-413 185
-413 822
-412 -843
-412 -70
-412 417
-412 820
-411 772
-410 268
-410 662
-410 800
-409 -577
-409 353
-409 757
-408 -511
-408 -489
-408 -425
-408 125
-408 501
-406 -9
-405 -448
-403 -900
-403 -501
-402 -704
-402 -55
-399 -563
-398 -146
-397 -455
-397 794
-396 -50
-392 -864
-392 727
-389 38
-388 -672
-388 -330
-388 -259
-387 -326
-385 -118
-385 324
-385 717
-384 544
-384 751
-384 898
-383 757
-382 -821
-382 -610
-382 -377
-382 796
-380 -615
-378 -154
-377 833
-374 -832
-374 -152
-374 577
-373 -490
-373 817
-372 809
-371 421
-367 -692
-367 712
-364 -12
-362 -287
-362 -160
-361 -385
-361 831
-360 -215
-359 -839
-359 -354
-359 -196
-358 322
-357 -73
-355 -428
-355 -316
-352 246
-351 -540
-351 -160
-351 287
-350 -284
-350 -235
-349 -246
-347 -740
-346 -807
-345 58
-344 20
-344 287
-344 647
-344 759
-343 508
-343 642
-343 694
-341 -63
-339 154
-335 -760
-335 -87
-335 447
-334 -5
-333 530
-331 791
-330 -640
-330 65
-330 790
-330 871
-329 -267
-328 -764
-328 789
-328 808
-327 -812
-327 479
-326 -846
-326 -131
-322 -684
-322 -366
-322 323
-322 750
-321 -872
-317 -100
-316 -578
-315 -396
-315 -14
-314 182
-309 -309
-309 737
-307 -767
-305 -798
-302 574
-302 678
-300 -562
-300 -507
-300 -278
-300 -43
-299 -214
-298 -156
-297 -512
-296 195
-295 -48
-294 -565
-294 111
-292 -560
-292 518
-292 567
-291 -135
-289 57
-289 545
-289 712
-288 -379
-287 -733
-287 -451
-287 783
-286 -126
-286 585
-285 653
-284 253
-283 50
-282 -671
-281 863
-280 -845
-278 -144
-277 -711
-277 -296
-277 289
-276 -433
-276 -180
-274 -303
-271 -477
-271 803
-269 -150
-267 -871
-267 273
-266 -807
-266 -488
-265 -816
-265 563
-265 605
-263 -566
-262 341
-262 424
-262 708
-261 -900
-259 -701
-259 -497
-257 -51
-255 483
-254 669
-253 -370
-253 347
-253 505
-252 -695
-252 418
-252 486
-251 472
-249 -405
-247 -111
-246 -486
-246 369
-241 -321
-241 56
-240 537
-238 116
-238 673
-237 -300
-236 -298
-232 324
-231 75
-230 -727
-228 461
-227 -472
-227 171
-226 334
-225 -397
-224 -541
-224 -512
-224 356
-223 478
-222 354
-222 595
-221 -567
-220 514
-219 54
-218 284
-217 -834
-217 -462
-217 -1
-216 -604
-215 -735
-215 434
-215 691
-214 -68
-214 226
-214 438
-213 197
-205 116
-205 506
-204 866
-203 -686
-203 647
-202 -478
-201 -827
-201 -99
-200 -510
-200 -408
-199 479
-198 -195
-197 -657
-196 678
-194 -391
-194 69
-191 -507
-188 34
-186 -515
-186 -9
-185 147
-185 725
-184 -798
-184 -57
-184 191
-183 -776
-183 -333
-183 -121
-181 305
-181 597
-179 -857
-178 710
-177 -892
-177 745
-176 556
-174 -836
-174 -713
-173 -269
-172 611
-171 -856
-171 588
-171 756
-169 -498
-168 891
-167 586
-165 -308
-164 -785
-164 -105
-163 561
-162 -349
-162 -68
-161 415
-157 -291
-157 425
-156 -57
-155 -294
-155 -211
-155 192
-154 -687
-154 -142
-153 -371
-153 610
-153 869
-152 248
-150 -435
-149 -32
-149 529
-149 594
-148 -863
-148 -309
-148 713
-146 597
-145 307
-145 530
-143 575
-142 -501
-141 182
-141 223
-138 837
-137 -158
-137 39
-136 -338
-136 245
-135 -826
-135 378
-134 -896
-134 404
-133 230
-133 855
-132 -567
-131 -730
-131 -545
-130 -849
-130 -432
-130 445
-129 -813
-129 -257
-128 -587
-128 -126
-127 688
-125 -151
-125 -103
-125 -51
-125 172
-124 112
-123 -5
-122 -195
-122 460
-121 -185
-120 148
-119 -612
-119 478
-118 -789
-117 -707
-117 -267
-115 476
-115 727
-112 -656
-112 679
-111 -750
-109 669
-108 271
-107 -690
-106 156
-105 -412
-105 52
-102 -194
-100 -109
-100 21
-97 -595
-97 -126
-97 20
-97 132
-97 410
-95 -188
-95 274
-95 276
-95 427
-93 52
-91 -513
-90 -280
-89 -178
-89 567
-88 -890
-86 687
-85 -868
-84 -416
-84 275
-83 -862
-83 -857
-82 -164
-80 -145
-78 -569
-77 -889
-77 -870
-75 -4
-75 193
-75 298
-75 741
-74 -29
-74 253
-73 -498
-72 -826
-72 -726
-71 433
-70 -426
-70 -222
-69 -15
-69 2
-69 832
-66 721
-64 -54
-64 703
-63 -744
-62 -422
-62 -112
-61 -629
-61 494
-60 -897
-56 -634
-56 40
-55 746
-54 -253
-53 566
-52 -375
-51 -176
-51 845
-50 -545
-49 -365
-47 -688
-47 -88
-47 386
-47 443
-42 -426
-42 477
-42 834
-41 -403
-39 -521
-35 -358
-33 603
-33 879
-29 -881
-27 -364
-27 29
-27 123
-26 -112
-25 603
-24 104
-22 586
-21 -795
-20 -537
-20 745
-19 -702
-19 188
-18 676
-14 56
-14 110
-13 614
-12 -218
-12 -176
-11 277
-10 -557
-10 293
-9 -828
-6 -325
-5 604
-4 -785
-4 -424
-2 -698
-1 837
-1 890
0 -366
0 -272
1 472
2 -189
2 -177
3 -609
3 -121
4 -719
5 -540
7 521
10 242
13 367
14 -4
15 310
15 488
17 -890
18 493
19 -660
20 -802
20 -787
20 -570
21 -681
22 542
23 -484
24 182
25 868
26 -835
26 -242
27 -821
27 -393
29 -402
30 -137
30 -105
31 251
31 671
31 768
32 -547
32 -301
32 516
32 899
35 -470
35 -73
35 -21
35 30
36 -397
38 -591
38 -442
38 -144
39 -221
39 -64
39 107
42 -882
43 177
44 -170
45 255
48 -746
48 -743
49 845
51 111
52 -486
52 39
53 797
58 -656
59 503
59 529
59 533
60 -852
60 48
60 149
61 -838
61 -803
61 -519
61 -376
62 -542
63 -617
64 -166
66 -863
68 862
70 256
70 693
70 770
71 -351
71 176
71 602
74 -629
75 402
76 -586
76 316
77 -131
79 -893
79 -492
79 720
80 527
80 745
81 472
84 -392
84 -79
84 734
85 -270
87 -872
87 -384
87 171
87 398
88 -6
89 4
94 -595
94 317
94 468
95 -453
96 676
97 -357
97 124
99 -859
100 734
101 855
105 726
107 -786
108 -553
108 46
108 333
110 156
112 886
114 -259
115 781
116 -231
116 521
116 757
118 -651
118 -242
119 -439
119 167
120 -682
120 340
120 520
121 157
126 -636
126 -448
126 -430
127 -697
127 581
128 -866
128 -56
128 96
129 -140
129 658
131 890
133 -742
133 173
134 183
134 264
134 874
135 -591
136 -20
138 -316
138 17
138 198
138 313
139 -238
140 -777
140 -676
141 -527
141 808
143 -301
143 212
143 309
143 852
144 -3
144 532
145 -497
145 359
146 35
146 539
146 566
147 -319
147 -83
147 802
148 -162
148 843
150 -780
150 346
151 -108
151 525
152 632
153 89
153 404
153 473
153 880
154 -495
156 -140
157 -440
160 -589
162 -546
162 681
163 -76
163 -39
163 870
164 -25
166 -663
166 372
166 500
166 896
168 -516
169 -833
169 680
170 -324
170 232
171 860
172 -574
173 -446
173 -163
175 -347
176 -684
176 -207
176 65
177 -729
177 535
177 660
179 -384
179 560
180 -135
180 704
181 -102
182 -883
183 92
185 -337
186 780
187 -592
187 157
187 854
188 12
190 -557
190 376
193 244
194 -664
194 -164
194 63
196 57
196 393
196 537
197 361
198 883
199 -590
201 -567
203 539
204 -267
208 -149
208 235
209 -830
209 -480
210 -169
210 888
212 -584
214 679
217 -828
217 -506
217 -503
217 272
217 819
219 -711
219 -460
219 857
220 -545
220 -428
221 390
223 491
224 -768
225 -322
226 -158
226 4
226 435
228 116
228 559
229 780
230 -420
231 -460
231 381
232 13
232 743
233 733
233 768
236 435
238 -848
238 -414
239 -579
240 550
241 -825
242 -642
243 -84
243 842
245 -616
245 3
245 655
246 -339
247 -631
247 622
248 -421
249 -870
251 -855
251 -691
254 -779
254 -615
254 -147
255 -841
256 844
257 -685
259 -335
260 -610
263 241
263 511
264 219
264 350
264 601
265 197
266 107
267 41
267 253
268 -40
269 125
270 -490
272 171
272 798
273 -288
274 -204
275 53
276 -223
276 779
276 862
277 412
278 419
279 -322
279 -41
279 757
280 -657
280 350
280 795
281 -425
281 -232
282 -35
283 -844
283 -110
284 -364
284 891
287 180
290 -297
291 590
294 -679
294 -351
296 -214
297 -788
298 516
298 638
299 870
300 -486
300 478
303 130
304 -70
305 -201
307 265
307 543
308 -730
310 -432
311 -214
311 737
311 868
313 431
313 726
315 -882
315 175
316 483
318 -80
320 -690
320 -86
320 190
321 -444
322 194
324 -591
325 -715
325 -587
334 -172
336 663
338 505
342 813
343 -555
343 -185
344 -332
344 -172
344 452
346 -774
348 -340
348 -113
348 75
349 -393
350 -501
350 435
352 -573
356 -213
357 -240
358 262
358 372
362 218
362 760
364 509
364 589
365 -455
365 -164
366 89
366 171
366 225
367 -111
367 116
368 -123
369 -697
369 498
371 -758
371 -750
371 -369
372 821
373 -573
373 395
373 613
374 -684
374 90
374 110
375 -212
376 717
377 -721
377 106
377 547
378 464
378 687
379 -218
379 -136
380 574
381 -556
381 813
382 286
383 320
384 204
385 136
385 762
386 436
387 -467
387 64
388 -454
389 -268
389 442
392 -869
394 95
396 -514
396 778
397 89
398 -675
398 802
398 898
400 -498
400 -369
400 -102
401 -328
401 131
402 648
402 713
406 607
407 -395
407 589
408 485
410 -646
410 -173
411 -781
411 -401
415 -538
415 894
416 443
416 717
418 154
420 -642
421 -226
425 494
427 -330
427 -119
427 105
427 450
427 723
428 -11
429 -531
430 -535
430 -505
430 -403
431 460
432 -739
432 -115
432 144
433 768
435 -828
435 -602
435 -268
436 -271
436 208
441 84
442 314
443 26
446 -699
447 -641
447 -246
447 298
449 31
450 -707
450 -684
450 -487
453 -727
453 -176
454 -814
454 -427
456 16
457 -305
457 -153
460 605
461 88
462 396
464 191
467 -857
467 -511
467 645
468 712
469 -56
469 124
470 822
471 -611
472 870
473 -548
473 -250
475 -821
476 530
480 -662
480 -581
480 -318
480 42
480 589
482 781
483 -39
483 -29
483 441
484 -572
484 682
486 580
487 -190
487 284
487 336
488 -714
488 348
489 -738
490 -557
490 677
492 -617
493 -796
493 73
494 382
495 387
496 11
496 392
498 -673
498 -181
498 -32
499 381
501 882
502 -91
504 -148
505 -622
505 -431
506 -59
506 -3
506 337
510 -819
510 -635
511 817
512 -296
515 -671
515 896
516 701
517 668
517 805
519 -121
519 660
520 -653
520 -367
520 -211
520 106
520 240
520 241
521 -760
521 -51
521 527
522 697
523 89
523 526
524 -745
524 -267
525 203
526 -256
528 529
529 -572
529 -328
531 -315
531 240
532 -629
533 73
534 443
534 709
535 298
535 341
535 833
536 627
537 -315
540 524
541 -302
542 -577
543 -656
543 482
543 519
544 -617
545 -626
545 476
545 501
546 431
546 692
549 -487
549 34
549 321
551 274
552 -278
554 538
556 576
557 659
558 -12
559 806
560 -535
563 -80
564 573
564 730
566 -343
566 -36
568 742
569 -297
569 -43
569 494
570 -686
571 86
574 881
576 -807
576 -369
577 499
578 805
580 -227
580 438
582 -657
582 -304
582 593
585 -336
585 685
586 622
587 598
588 -488
588 698
588 769
589 441
589 487
589 802
591 -815
592 595
593 -624
593 -267
593 169
593 671
597 -584
598 -533
598 396
599 -398
599 758
600 -826
601 -624
601 -268
601 749
603 -883
605 -543
607 554
607 766
608 -530
610 -838
610 -466
611 -390
611 352
612 -566
614 -386
614 791
615 -800
616 -378
617 -788
617 -41
620 44
621 -266
622 437
623 826
625 -613
626 -692
627 -472
631 454
632 -67
636 -547
637 -887
638 -613
638 37
640 140
640 478
640 714
644 369
648 -606
648 -596
648 301
649 24
653 -432
654 358
656 -203
657 -654
658 -682
659 -202
659 498
660 -76
660 586
662 26
664 306
665 -825
665 792
666 720
667 -128
667 118
667 404
667 448
668 -822
668 -138
668 -84
671 7
671 738
673 -456
673 195
674 597
675 145
676 44
677 -723
678 -588
679 435
680 -767
680 60
681 -363
682 678
683 -456
683 -317
684 306
689 -831
689 -414
690 -556
690 -231
691 -490
691 -133
692 -818
692 455
693 -42
694 4
694 54
695 -500
695 126
697 -437
697 53
699 -79
700 764
703 -41
703 117
704 140
706 866
708 410
710 -757
711 -32
712 171
713 -222
714 -431
715 -35
715 870
716 -782
716 -170
716 408
716 554
719 -474
720 -344
721 805
722 413
722 607
722 719
723 312
723 563
726 -697
726 -62
726 493
727 714
728 -604
728 379
729 494
730 364
731 -437
731 -101
732 889
735 611
736 -601
737 -691
737 -614
737 899
738 -693
738 -558
739 -844
739 115
739 433
741 -698
742 -536
742 -152
742 453
743 -294
744 494
745 -140
745 148
745 711
746 289
746 456
747 -755
747 827
748 507
749 -118
751 -103
752 -484
753 444
754 163
754 237
756 -642
756 123
757 -784
757 -296
758 138
758 831
760 -152
761 -255
763 -54
764 724
765 -771
767 -126
770 580
771 -304
771 59
771 551
772 -269
773 -720
773 355
774 -306
774 39
775 691
775 777
777 -673
778 -793
782 -438
783 -521
783 -297
784 -572
784 -549
784 -535
785 -111
785 852
788 48
788 830
789 203
790 -6
791 458
791 766
793 -623
794 -774
794 -252
794 314
794 834
795 -192
795 56
796 894
798 670
799 -459
799 -445
799 171
805 -640
806 85
807 336
808 -673
808 584
809 -376
809 454
809 788
810 269
811 229
812 85
813 -797
813 -141
814 -389
815 -334
815 -106
815 102
815 211
817 97
821 -589
822 -150
823 174
825 528
825 704
826 883
827 829
828 -463
828 741
829 -616
829 357
829 691
830 -135
830 23
832 27
833 518
834 -17
835 -19
836 -359
836 40
837 -251
838 718
840 -312
844 -83
846 770
847 625
847 639
849 -296
849 427
849 699
851 771
852 269
853 -113
853 -59
853 141
853 557
855 890
856 573
858 -607
858 28
858 768
859 414
860 -774
860 663
861 -518
861 131
864 103
864 441
865 -837
865 -7
866 -488
867 -844
867 890
868 474
869 140
869 248
869 621
870 -36
870 127
870 188
870 483
872 249
873 -294
873 711
874 496
875 -478
875 -6
875 317
876 -446
877 241
878 -561
878 -422
878 372
878 795
879 227
879 596
879 814
881 -213
881 260
882 73
883 45
884 261
884 523
885 -388
885 426
886 -382
887 -286
887 -88
887 -55
888 -531
888 -8
890 -144
891 -78
892 899
893 -161
894 -606
895 -564
895 -544
895 59
895 397
896 -799
897 345
899 -886
