500
0 0
-450 -191
-450 140
-448 201
-446 -214
-446 284
-443 -244
-443 14
-438 -331
-438 -302
-438 315
-436 382
-435 208
-432 439
-429 -397
-428 323
-427 -369
-427 -343
-427 102
-426 212
-425 220
-421 -70
-421 -33
-421 -7
-421 333
-420 80
-418 2
-412 234
-411 156
-407 120
-405 -435
-405 -333
-402 255
-396 -17
-394 40
-390 -61
-389 -313
-384 311
-383 -261
-382 -78
-381 79
-381 397
-377 -121
-377 279
-376 172
-367 -10
-362 281
-362 293
-361 -215
-355 -12
-355 425
-353 -179
-350 235
-348 321
-347 -24
-346 -426
-345 158
-342 -82
-339 264
-336 140
-332 -267
-330 367
-329 -197
-329 279
-326 232
-323 -167
-322 -15
-321 324
-319 355
-318 303
-317 -258
-317 8
-315 -238
-312 -429
-309 430
-307 385
-306 -302
-306 85
-304 -90
-304 -83
-303 441
-300 100
-297 247
-295 259
-295 384
-294 221
-293 -287
-291 166
-290 -421
-290 213
-289 393
-287 162
-287 430
-283 332
-280 -338
-280 -96
-279 222
-278 341
-276 339
-272 -268
-267 142
-265 -243
-261 -442
-259 -180
-255 254
-254 -366
-252 106
-251 23
-247 -226
-247 -150
-244 -15
-242 158
-241 -22
-241 114
-240 440
-234 -387
-233 -340
-233 150
-227 307
-222 39
-222 300
-221 -372
-220 196
-216 -400
-216 -323
-213 416
-210 10
-209 257
-208 118
-202 443
-200 -194
-199 -355
-199 -230
-194 -170
-185 389
-184 330
-179 21
-178 -42
-178 389
-173 374
-172 -12
-171 367
-170 -200
-168 245
-163 -181
-161 -223
-160 49
-159 328
-158 186
-157 -340
-157 -2
-157 430
-152 -279
-150 -360
-150 -315
-148 -280
-146 38
-145 -424
-142 106
-142 154
-140 -328
-136 356
-135 -245
-130 -99
-129 286
-126 -329
-126 -15
-123 -298
-120 -397
-120 192
-120 320
-118 -373
-114 -305
-113 -395
-113 -267
-112 -438
-110 267
-110 335
-105 142
-104 -97
-103 -398
-97 -199
-97 -183
-92 -245
-90 -74
-89 199
-87 -88
-86 -318
-84 -439
-84 -267
-84 2
-84 50
-81 -72
-78 -282
-75 273
-72 78
-68 -128
-67 147
-65 -229
-63 151
-63 400
-57 -116
-56 227
-55 274
-54 104
-53 -366
-53 -107
-52 -391
-47 -436
-41 -166
-39 220
-38 172
-36 -20
-31 136
-30 137
-25 -107
-24 373
-21 81
-18 -252
-18 59
-15 255
-14 426
-12 -78
-11 -423
-10 360
-9 -251
-8 -420
-8 255
-7 245
2 147
3 -124
3 20
4 -265
4 114
7 87
8 -243
9 -77
10 263
11 -84
12 346
12 392
15 -131
19 314
20 358
21 198
22 -43
24 26
26 -129
26 118
27 -450
27 -430
27 318
28 324
30 -402
31 268
33 -148
34 11
36 -336
36 -36
36 72
37 12
38 239
40 -247
45 -147
45 222
46 -191
48 -416
48 -37
50 -88
52 299
53 242
54 -330
54 -125
54 246
56 102
57 179
59 121
61 215
62 206
63 -7
64 -87
67 289
74 69
80 28
81 91
81 398
82 107
82 442
84 -36
85 130
86 20
88 -135
89 11
90 -112
92 -266
93 86
94 184
98 42
98 178
99 302
99 334
100 -203
101 -163
103 150
108 -192
112 -421
112 -414
112 -356
116 -387
118 141
119 -331
121 -91
122 -114
125 -335
126 -117
126 115
126 142
127 -343
127 108
132 90
133 -368
134 221
135 -294
136 46
138 -425
142 271
145 -444
146 406
147 -213
149 -33
150 30
151 69
153 -157
154 -149
154 -33
158 -237
159 -330
162 99
165 248
167 -381
172 38
174 81
176 -215
176 87
177 -181
177 252
179 -391
180 354
181 -116
182 -50
186 51
186 68
189 -41
190 -225
190 68
192 -33
193 -45
195 -166
195 441
196 -239
197 76
197 253
198 -372
204 -164
205 264
207 323
208 295
210 -383
213 225
214 310
220 -340
225 -216
225 167
229 253
232 -348
234 -285
234 319
236 445
238 -252
239 -108
239 362
240 396
240 449
242 71
243 -192
244 135
244 153
245 28
246 306
252 -232
252 89
254 -238
255 301
256 39
257 -364
258 395
259 449
261 -316
261 42
262 415
263 315
267 280
270 301
272 -197
274 -72
278 124
283 9
286 -344
286 -191
286 -128
288 -360
288 -53
289 -424
289 182
290 -146
290 -13
292 298
294 -310
294 -220
295 -201
301 -162
301 68
301 96
301 243
302 -19
303 -8
305 -84
308 372
309 -283
313 -440
313 -338
316 409
318 -335
321 285
322 -409
322 -408
325 -232
325 298
328 62
331 -144
333 258
335 2
335 432
338 -28
343 -227
346 -57
347 -45
347 218
350 178
354 -331
354 145
355 -112
357 390
365 -331
370 33
371 -266
373 278
376 307
377 -361
379 -430
382 -310
383 260
385 -4
386 316
386 350
389 -381
393 139
393 143
394 246
396 342
398 152
401 -178
401 424
402 -341
404 -448
404 308
406 152
407 -78
407 247
408 2
417 79
418 -228
421 178
426 -157
426 127
428 -390
428 -33
430 -135
430 -3
432 -150
435 357
436 -415
436 -400
436 166
438 -420
439 14
439 190
439 213
442 431
443 160
448 439
