300
0 0
-199 -110
-199 119
-199 167
-198 -140
-197 -122
-195 -143
-195 -10
-192 72
-191 -138
-191 -97
-190 172
-189 45
-188 -161
-188 -56
-188 69
-188 124
-183 -198
-181 98
-178 -135
-177 120
-175 -95
-174 -191
-174 56
-174 81
-174 82
-174 133
-173 146
-172 -179
-172 -102
-172 42
-170 61
-169 -114
-168 -123
-166 85
-162 -117
-161 93
-160 4
-159 154
-158 115
-157 -87
-156 -19
-155 -143
-155 -130
-154 -76
-154 79
-153 -172
-153 18
-151 -69
-151 -53
-150 -148
-150 -96
-150 -83
-145 -73
-143 -154
-143 -89
-143 19
-138 -53
-137 143
-133 -55
-133 170
-129 -122
-129 41
-129 198
-128 -88
-125 132
-124 57
-123 -114
-122 -87
-121 -40
-121 140
-119 55
-117 84
-115 181
-113 75
-113 165
-112 17
-110 -141
-110 107
-106 -160
-106 -116
-105 -172
-105 122
-104 -129
-104 -94
-104 18
-104 93
-102 -134
-102 -66
-102 84
-100 -50
-98 67
-95 -64
-93 -48
-91 -57
-90 -77
-86 -85
-81 -13
-80 90
-79 75
-76 -148
-75 -187
-75 -10
-74 181
-73 12
-70 97
-69 177
-68 58
-67 -64
-67 96
-66 -186
-66 -124
-66 -93
-66 -36
-66 171
-63 -5
-59 -8
-59 71
-56 -15
-55 13
-54 -39
-52 16
-50 -171
-50 70
-49 4
-48 -165
-48 -3
-47 -150
-45 -22
-45 2
-44 -187
-41 189
-40 -176
-39 29
-38 152
-37 -78
-37 -42
-37 23
-35 165
-33 190
-29 -116
-29 8
-28 -174
-28 110
-27 82
-27 143
-24 -32
-24 120
-22 -82
-22 104
-22 153
-21 -182
-19 -140
-12 4
-11 -193
-11 134
-9 -192
-9 192
-8 -76
-8 7
-6 -38
-2 91
0 -43
1 54
1 110
2 85
5 -63
6 -155
8 23
9 45
11 41
14 -37
14 187
17 192
21 -198
21 -175
22 182
23 14
23 66
24 181
28 -66
29 -22
29 7
30 -26
30 29
33 -169
33 -109
34 37
36 -8
38 67
38 81
40 -28
40 133
43 -93
43 125
44 -18
45 162
50 178
53 -151
53 6
53 12
54 -148
56 -168
58 -73
61 -169
63 -22
63 14
65 184
67 156
68 66
69 58
70 163
72 -114
72 16
72 84
73 4
73 183
74 -50
75 -81
77 18
80 -50
81 -187
82 -57
86 -123
86 72
87 -85
87 65
89 -40
90 3
90 147
92 170
98 46
99 -164
99 8
99 134
101 -188
102 123
105 87
106 195
107 -44
112 -104
113 122
114 -11
114 23
122 -162
124 73
125 -163
126 -157
128 -177
128 -163
128 -88
134 -186
138 194
143 92
147 -38
152 -190
152 51
154 -120
154 103
155 -149
155 -100
158 -105
160 -35
162 -33
163 -179
163 -36
163 168
166 -75
166 199
169 151
170 -6
172 51
173 -136
173 20
173 37
174 -57
174 29
175 -105
176 -197
178 21
180 144
182 -16
182 136
182 139
184 91
185 -112
185 -2
185 149
187 -1
187 96
188 -120
188 92
189 164
191 181
192 -94
192 -6
192 40
192 72
193 -49
194 -51
199 199
