200
0 0
-197 -11
-196 28
-195 -36
-195 -13
-193 -190
-192 184
-190 67
-188 -102
-185 115
-183 -180
-183 -87
-180 16
-178 23
-176 -45
-174 58
-172 -93
-169 124
-167 -140
-166 -86
-166 171
-163 -96
-162 -122
-160 -8
-156 -30
-156 75
-156 129
-150 -95
-150 -57
-145 87
-144 124
-142 8
-140 -91
-136 148
-135 57
-134 124
-133 -85
-131 73
-130 190
-129 -162
-129 19
-129 148
-128 -30
-127 -29
-126 -145
-126 108
-124 100
-120 73
-117 -67
-116 149
-115 -108
-115 69
-114 -126
-112 -115
-112 -32
-110 182
-105 126
-105 150
-101 -74
-101 -16
-97 -130
-97 -54
-97 71
-93 131
-87 -42
-87 193
-85 -136
-84 -31
-83 123
-82 -54
-79 -80
-79 -78
-78 -198
-77 78
-76 -137
-75 28
-71 -12
-71 66
-71 134
-68 129
-67 106
-67 159
-61 -29
-61 93
-61 129
-60 20
-60 72
-60 93
-59 -111
-57 117
-55 -48
-54 -91
-53 -200
-50 -146
-48 -170
-45 -138
-42 -75
-37 59
-36 -38
-36 146
-33 0
-33 196
-30 -67
-29 75
-23 -127
-22 186
-19 -96
-18 136
-16 -30
-15 23
-14 -167
-11 32
-9 -73
-1 2
1 -141
2 71
2 86
4 -74
11 -191
12 2
15 103
16 154
22 -49
24 86
27 148
33 -75
35 -111
39 -48
41 47
43 178
46 156
55 -11
57 -125
57 -28
59 -130
60 101
60 151
61 35
63 19
65 -105
67 -170
69 -190
71 47
72 -112
75 136
77 -116
78 36
79 4
80 171
80 198
82 -63
84 171
85 -152
86 -47
88 -10
89 -112
90 -82
110 -29
111 -15
113 -146
114 -174
123 -144
125 -25
126 141
130 -158
130 -28
133 -94
134 -100
134 37
135 -189
135 71
135 75
138 -146
144 131
150 -41
152 108
153 -174
156 89
160 -85
163 -4
163 122
165 -32
168 133
173 94
174 7
174 86
175 -174
178 -103
182 121
183 8
184 -46
184 11
188 -115
189 -40
190 -194
191 17
193 187
195 109
195 114
195 133
195 161
