300
0 0
-349 -68
-348 108
-347 -7
-344 12
-342 216
-339 349
-338 171
-334 24
-332 -273
-332 -259
-331 -30
-330 -244
-324 -339
-324 -287
-319 -85
-319 146
-317 -275
-315 148
-313 158
-312 -19
-311 178
-307 -350
-307 140
-305 -23
-305 88
-304 -136
-300 21
-299 160
-299 337
-298 -296
-291 276
-290 291
-290 301
-288 -24
-286 -255
-284 264
-283 4
-282 159
-277 93
-277 166
-271 2
-264 195
-260 -5
-260 97
-259 -67
-257 10
-256 -179
-253 -311
-242 -208
-242 167
-240 297
-235 114
-234 233
-232 60
-231 37
-231 143
-230 -256
-230 131
-229 -249
-227 -109
-226 234
-225 79
-225 297
-224 -12
-221 -282
-214 -334
-213 60
-211 -180
-207 128
-207 197
-201 237
-190 271
-188 -200
-188 -49
-188 -33
-183 115
-180 -336
-180 129
-176 -122
-175 36
-171 257
-169 -213
-168 -27
-160 -307
-159 -293
-152 -25
-152 -4
-149 217
-148 -274
-148 -84
-147 17
-142 222
-139 246
-136 278
-133 95
-132 -198
-132 78
-131 -348
-128 -119
-127 -202
-124 -164
-122 95
-120 54
-113 -202
-110 308
-108 142
-106 -164
-106 -83
-106 237
-103 153
-96 -167
-96 -87
-95 -301
-94 71
-91 312
-90 28
-90 95
-86 -61
-84 5
-76 183
-76 221
-72 70
-70 251
-67 -157
-65 -62
-65 185
-63 -4
-60 116
-56 -215
-54 -262
-49 -34
-47 81
-46 -159
-44 -71
-42 -246
-39 -208
-37 -208
-32 -151
-30 30
-30 236
-29 -92
-28 117
-28 346
-27 -167
-27 163
-21 140
-15 141
-6 132
-4 -37
-1 -8
-1 53
5 -339
5 208
10 -139
13 -73
15 177
16 157
17 94
21 10
21 261
22 39
31 159
33 -28
35 -257
39 215
42 160
48 -238
52 195
53 53
54 -22
56 297
59 19
60 -152
60 -93
63 134
63 187
65 -302
65 47
65 72
67 -47
72 15
72 328
75 264
77 -269
77 -211
80 197
81 -237
82 -197
82 40
83 -344
86 187
87 -183
87 -115
87 191
88 -5
92 120
92 340
98 -167
101 -30
105 -331
108 77
110 280
115 -29
117 -18
121 -29
122 -50
126 213
127 332
133 13
136 -208
140 -210
140 -130
140 -127
140 231
149 -329
150 230
155 -266
155 -149
163 222
165 179
167 178
169 307
172 203
176 -42
178 118
180 339
185 -75
186 30
186 336
189 -28
189 111
189 114
190 -325
190 206
192 203
193 162
198 -63
201 251
205 -51
205 56
210 -90
211 31
212 17
217 -215
219 31
227 -235
227 -96
230 139
230 160
233 154
233 160
233 238
233 259
236 -270
242 6
244 -114
246 -313
248 -21
249 254
250 83
251 289
253 126
253 327
264 307
274 -62
276 42
277 -345
279 -93
279 10
283 -309
292 -194
293 71
294 -302
297 -87
298 340
299 146
301 -50
301 283
304 -223
307 298
311 -178
316 -312
317 -169
319 -308
324 22
325 -260
328 172
330 150
331 -62
331 153
333 -62
337 -104
338 318
341 -293
341 -87
343 143
344 -97
345 -30
346 150
347 -87
