500
0 0
-449 426
-448 -112
-446 -20
-445 184
-443 -38
-441 -434
-440 -326
-440 236
-439 -370
-439 247
-437 291
-432 -438
-432 79
-432 303
-431 -170
-431 -15
-426 -341
-425 -249
-421 138
-421 426
-420 230
-419 -334
-419 89
-414 -27
-411 -401
-411 -176
-410 192
-410 377
-406 -393
-402 -75
-401 164
-400 314
-399 -100
-397 -326
-394 291
-387 208
-385 388
-384 -172
-376 76
-374 -39
-371 406
-370 -327
-370 156
-366 424
-365 -338
-364 -320
-363 -287
-363 169
-360 -420
-360 -348
-360 448
-356 -162
-355 1
-354 234
-352 247
-351 147
-350 -269
-347 303
-345 411
-344 -215
-343 -266
-342 163
-341 -403
-338 228
-337 52
-336 -182
-335 -338
-327 292
-324 186
-323 -447
-322 -252
-321 157
-318 -107
-313 112
-312 132
-312 249
-310 386
-304 42
-303 -439
-301 -298
-296 -342
-295 -67
-295 85
-290 -181
-290 -33
-288 294
-287 127
-285 -274
-284 219
-273 -370
-270 78
-269 178
-261 224
-254 -289
-252 -12
-249 235
-248 181
-245 198
-243 -413
-239 -377
-239 -199
-239 -157
-237 -360
-236 -115
-235 -72
-232 -74
-231 29
-230 -71
-228 -308
-227 -187
-227 66
-227 305
-225 -330
-223 -32
-217 14
-216 448
-211 -286
-210 -209
-210 -125
-207 -310
-207 104
-204 430
-202 -331
-201 -3
-199 49
-196 150
-193 -133
-193 372
-190 -94
-190 242
-187 -83
-185 131
-180 -229
-180 198
-178 -196
-178 -164
-176 -348
-176 132
-174 283
-173 367
-166 301
-161 439
-159 -184
-156 -1
-153 38
-150 -371
-150 364
-149 272
-148 -218
-148 308
-144 -374
-144 168
-144 191
-144 302
-143 -185
-143 264
-141 -4
-140 -123
-140 -25
-139 191
-138 209
-138 280
-137 -357
-136 27
-133 225
-133 284
-132 -450
-131 3
-130 -21
-129 243
-125 -5
-123 -66
-122 -151
-122 -82
-121 346
-120 49
-119 -206
-119 15
-118 23
-117 -149
-114 -299
-113 103
-112 217
-108 127
-106 167
-104 -6
-104 62
-99 405
-99 412
-98 -249
-96 -112
-96 -28
-96 126
-95 -226
-94 11
-94 99
-92 127
-91 -427
-90 169
-89 -56
-86 -296
-86 140
-84 -417
-84 -351
-84 206
-83 365
-75 -207
-75 -64
-75 35
-74 33
-71 -160
-68 -327
-67 207
-65 -64
-64 -303
-60 -48
-60 264
-60 329
-58 -325
-57 377
-56 -393
-54 315
-53 219
-52 118
-49 446
-47 -10
-45 349
-44 18
-42 223
-38 -77
-36 -83
-36 404
-32 -147
-29 -261
-29 322
-28 405
-26 -356
-26 -255
-25 -194
-20 -264
-19 -195
-19 -55
-17 -406
-16 -102
-13 -155
-10 143
-9 -417
-8 -338
-7 -11
-4 -246
-2 394
-1 -162
1 -134
2 180
8 -153
8 259
9 -331
11 -263
14 332
15 -323
15 181
16 -328
16 91
17 76
18 -242
20 206
21 289
23 -191
23 342
26 -97
26 347
26 420
27 -372
28 59
32 334
33 300
35 157
35 333
36 -376
38 402
40 -52
42 152
47 24
47 139
50 -380
50 400
52 68
56 73
58 -317
61 -248
63 148
66 -386
68 -406
69 -47
72 -376
73 -248
73 51
75 -122
77 -192
77 368
78 292
80 -238
82 23
84 -137
85 -76
87 127
89 -251
90 -348
92 -447
93 427
95 229
97 -287
101 185
108 -360
109 302
110 152
113 406
114 68
115 -234
118 307
119 308
120 404
121 -149
123 143
124 -409
124 -130
126 110
129 29
134 417
135 132
136 423
137 -237
139 84
140 -413
141 341
142 -180
145 -412
145 -363
146 259
147 -29
149 -222
154 -118
155 268
158 -351
162 93
169 -36
170 273
171 -190
172 -369
176 29
184 -303
186 41
188 410
191 117
194 17
195 84
197 24
197 207
198 -404
198 -69
199 -114
202 -168
202 310
203 -426
205 -398
209 -447
209 -207
209 -151
212 -61
212 275
214 -294
214 -155
214 -75
214 -71
214 20
214 392
215 -240
217 -326
218 -201
219 64
220 -285
222 -337
223 194
226 159
228 -4
229 -229
235 194
237 -445
238 108
238 352
241 378
242 -78
243 -21
248 19
251 181
253 -369
253 -160
253 -124
256 231
256 323
257 202
260 187
261 398
263 396
269 -410
270 234
275 273
278 246
279 -145
281 -422
283 -266
283 349
287 332
288 -123
288 -33
289 -136
289 7
290 -5
291 56
293 -47
294 -304
295 7
296 52
297 334
297 404
299 114
300 -85
301 -403
303 -121
304 385
306 284
310 -94
313 279
314 -129
316 19
319 101
321 0
322 398
325 -88
326 -352
326 288
326 422
328 52
330 135
331 288
335 -106
343 230
344 -115
345 180
351 -160
353 50
354 -348
356 388
358 229
362 -226
365 -57
367 -237
367 -51
371 -65
373 -102
374 -24
374 300
377 -23
377 325
378 -443
381 -128
381 278
383 -386
383 63
383 446
384 178
387 -95
389 221
391 269
392 -182
392 54
397 117
398 70
403 263
404 -40
404 374
405 310
406 104
407 3
408 341
409 -379
416 -213
420 267
422 391
423 -16
424 -140
426 -209
427 311
430 -189
431 408
436 78
436 249
437 -47
440 112
448 -220
