500
0 0
-449 436
-446 408
-445 -437
-444 -120
-440 -294
-437 -372
-435 -268
-435 -84
-434 -86
-433 -247
-427 -242
-427 184
-426 -54
-425 409
-423 324
-422 338
-418 -168
-418 278
-415 109
-414 203
-411 408
-410 132
-409 248
-407 235
-403 201
-401 154
-401 318
-399 -273
-399 -241
-398 -118
-394 -88
-393 273
-388 118
-384 -220
-384 419
-380 13
-379 120
-377 -115
-377 137
-372 -297
-372 147
-372 421
-372 438
-369 -316
-368 -153
-367 -196
-367 120
-365 -404
-365 256
-364 180
-360 -448
-360 -397
-359 -386
-358 391
-352 -332
-351 119
-348 -248
-346 -304
-345 346
-344 -16
-339 351
-335 80
-335 219
-334 377
-332 -113
-328 -120
-328 232
-325 -305
-321 -39
-318 -407
-313 -276
-310 -329
-310 50
-310 179
-309 328
-308 197
-306 53
-299 87
-298 -88
-298 107
-292 419
-287 343
-283 -133
-279 344
-274 346
-271 -41
-270 400
-267 149
-267 396
-264 14
-260 -362
-260 -134
-258 -289
-256 187
-255 190
-244 69
-244 122
-238 387
-237 131
-232 85
-230 -334
-229 -380
-227 -429
-227 -401
-225 197
-223 -31
-221 -185
-216 -375
-210 -272
-207 -41
-207 364
-202 -420
-202 233
-201 38
-201 382
-198 108
-196 336
-193 396
-189 319
-185 -410
-183 -335
-183 -245
-180 -177
-180 -150
-178 -79
-173 -195
-170 335
-168 -160
-163 -363
-162 -304
-158 -178
-153 161
-148 121
-147 69
-147 186
-146 -251
-146 -109
-144 153
-142 -140
-142 -50
-142 189
-140 115
-137 -323
-137 -80
-126 -136
-125 10
-122 -351
-122 12
-119 -74
-119 366
-118 -18
-116 314
-114 437
-110 -91
-106 -414
-106 387
-103 -382
-101 -162
-100 -200
-98 336
-93 -40
-91 -314
-89 132
-89 172
-88 -47
-85 87
-85 238
-80 -86
-78 278
-78 311
-77 -20
-71 -43
-71 76
-68 64
-68 124
-66 -26
-64 442
-63 38
-62 46
-61 179
-59 -379
-59 -355
-59 41
-59 202
-57 -108
-56 -141
-55 -37
-55 300
-54 -156
-53 -301
-52 433
-48 241
-46 -390
-44 419
-40 -396
-40 -279
-36 -267
-36 336
-36 446
-35 -367
-35 -111
-34 352
-31 -239
-31 -99
-29 54
-24 425
-13 -171
-12 369
-8 -274
-7 71
-6 -262
-6 -232
-6 34
-6 304
-3 41
-2 -348
-1 -47
-1 397
1 17
3 -286
4 -220
4 388
5 -340
6 72
8 -115
9 -45
11 144
11 228
12 -138
15 -170
21 430
22 -325
24 -122
24 35
28 18
29 85
32 277
35 211
37 306
38 238
40 -209
42 -59
45 -225
46 391
48 -40
50 -312
51 -395
53 -234
53 230
55 153
56 383
61 -431
62 -138
62 49
67 99
67 426
73 -64
73 293
75 235
76 158
77 -216
77 116
78 177
79 -120
79 437
80 307
81 87
81 357
82 -98
83 -326
83 305
84 -444
87 210
90 10
91 245
91 339
92 82
93 88
95 -374
96 294
99 -219
102 15
104 22
107 -15
113 343
114 234
114 279
114 386
119 20
121 -201
125 -242
125 -100
127 -422
127 96
128 370
134 396
136 -279
137 -362
140 -426
141 -15
141 264
142 -185
145 -405
145 251
146 -248
146 -16
148 313
149 11
150 -120
150 -67
150 236
151 -155
152 -50
153 357
157 107
168 0
171 12
172 -450
172 363
172 399
177 -227
181 -145
182 -288
186 -62
187 -364
188 -398
188 -139
191 359
192 -373
195 241
196 -415
198 439
200 -443
200 -2
200 207
201 141
205 -148
205 77
206 -428
206 151
207 -35
207 237
210 -336
210 -237
214 110
215 206
216 -48
217 -233
218 -380
219 -367
219 307
220 -209
226 394
227 -224
228 32
229 -269
229 -190
229 55
231 -64
235 -356
235 -339
236 154
237 124
241 -159
241 443
243 -239
243 -93
243 158
245 -187
245 310
247 -310
249 -379
250 -323
250 438
251 -383
255 -313
255 233
256 179
259 -359
259 210
261 -127
261 38
262 132
263 -273
263 113
266 100
267 -159
267 -41
272 278
274 241
278 413
282 2
282 352
285 412
286 171
287 -229
287 67
292 437
293 -241
296 -310
298 -318
300 57
302 241
304 -324
304 -301
304 442
305 -333
305 -145
307 -333
309 -250
310 -316
314 -310
315 168
319 258
319 437
320 202
321 -185
327 -403
330 55
330 286
331 -368
331 222
332 -174
333 -342
333 406
334 -10
338 -382
338 -196
341 -60
343 -185
344 429
345 114
345 155
346 -234
346 -68
347 -43
348 376
348 382
349 -229
350 -292
350 -2
350 304
351 -159
351 249
352 -102
353 54
353 447
357 -190
358 326
366 -444
370 66
370 103
374 245
375 139
376 347
379 -136
383 -337
385 -310
388 -247
388 339
389 402
395 19
395 123
399 187
400 -224
401 -148
402 -342
402 159
402 173
404 -284
404 -223
406 278
409 372
410 55
410 347
410 384
415 304
418 -339
419 -198
419 434
420 268
421 -87
422 59
423 -149
423 101
423 311
424 273
429 9
429 139
433 -411
434 -31
435 -129
437 -61
438 -112
438 378
443 -203
445 257
445 389
447 -328
449 -367
