200
0 0
-199 -189
-197 151
-195 90
-194 187
-192 33
-190 -48
-190 56
-189 105
-186 57
-184 102
-181 -78
-179 107
-176 131
-176 143
-175 181
-174 -62
-172 -154
-166 -38
-163 -17
-161 -11
-161 70
-160 -191
-156 -198
-156 151
-154 183
-153 159
-151 59
-149 -41
-149 42
-147 28
-146 -97
-146 -25
-144 166
-139 14
-135 10
-131 -197
-129 177
-128 -13
-127 46
-121 37
-118 143
-112 153
-109 27
-107 -18
-104 -86
-104 -65
-103 -60
-98 -44
-95 -187
-94 164
-93 117
-91 81
-90 -108
-88 46
-86 23
-83 168
-80 -80
-80 0
-75 -55
-74 160
-72 190
-71 -50
-67 -76
-67 -61
-67 88
-65 -4
-65 38
-62 -53
-59 -16
-51 -124
-47 47
-46 73
-45 -122
-44 21
-42 27
-32 195
-31 -56
-30 1
-30 114
-27 100
-26 -12
-24 68
-23 172
-18 -181
-18 -41
-17 -100
-17 56
-8 -131
-6 -9
-6 45
-6 73
-3 -75
-1 -124
0 -21
1 -3
5 83
8 -76
10 -133
13 101
13 132
15 -179
18 -19
19 -168
21 127
22 22
25 182
28 -132
28 -102
28 -87
29 -71
29 1
30 194
37 -169
37 -142
37 128
40 -57
40 75
46 -181
48 56
49 -68
50 162
57 158
64 148
68 -33
72 -146
72 45
73 -137
73 -83
73 3
73 158
76 97
79 -97
79 175
83 185
84 68
87 88
87 109
87 155
88 -14
91 95
98 -16
100 185
102 99
104 -114
104 -26
106 -53
106 35
106 149
110 -92
115 -3
118 -136
119 121
120 -106
122 -50
124 -26
124 172
125 -89
125 -6
129 -180
135 173
136 137
138 -183
138 -98
138 -43
139 -117
139 4
139 170
140 45
142 -14
145 -133
146 157
147 -120
148 -71
149 92
151 -1
151 22
152 -160
153 -195
155 -152
155 -19
162 148
163 -28
167 111
168 -101
170 -171
170 154
171 -192
175 187
179 -46
179 54
179 105
182 34
187 -51
188 -50
189 -165
189 -130
195 -75
197 -147
199 -110
199 -26
