700
0 0
-547 -235
-545 304
-544 36
-544 513
-543 286
-542 -529
-541 181
-541 350
-540 324
-537 -175
-537 -84
-536 -418
-535 -404
-535 92
-535 321
-531 -53
-531 544
-530 -271
-529 498
-527 -522
-525 208
-521 -136
-521 180
-520 -347
-519 519
-515 -293
-513 388
-512 -412
-510 332
-509 442
-509 493
-508 487
-507 -296
-507 244
-506 404
-504 322
-502 -479
-502 286
-501 -168
-500 30
-500 271
-497 -106
-494 339
-493 -375
-490 60
-487 127
-485 158
-483 -179
-481 522
-478 312
-477 -543
-477 261
-476 447
-475 44
-471 120
-471 317
-470 -539
-469 -268
-469 163
-469 219
-469 466
-467 15
-467 29
-467 88
-466 268
-465 44
-464 543
-460 373
-452 -454
-452 -320
-451 -58
-449 519
-448 165
-441 -267
-439 -337
-437 3
-436 62
-436 360
-435 213
-435 432
-434 -355
-434 321
-433 207
-430 345
-425 500
-425 522
-424 253
-423 -228
-422 456
-420 44
-419 -474
-414 464
-413 341
-410 -341
-409 440
-407 -508
-407 35
-406 -332
-405 -420
-405 -289
-405 415
-404 -448
-403 210
-402 -29
-401 -195
-397 542
-396 -472
-396 343
-395 530
-394 24
-392 193
-390 -282
-387 -268
-385 490
-381 214
-377 316
-376 -531
-376 -337
-376 438
-375 -504
-369 42
-366 54
-366 77
-365 -396
-363 -513
-363 -224
-363 433
-359 13
-359 299
-357 -308
-355 -446
-355 -336
-354 -156
-352 -249
-352 318
-351 -362
-350 -33
-349 -139
-341 276
-340 -8
-338 404
-337 58
-337 225
-335 535
-334 -407
-334 59
-330 -85
-329 -191
-329 497
-327 -320
-326 46
-324 424
-323 345
-322 -510
-322 -347
-321 -249
-318 178
-316 -515
-316 -413
-316 -299
-316 -298
-316 349
-312 -259
-311 -206
-311 368
-307 -220
-306 253
-304 -513
-296 121
-293 233
-293 466
-291 -82
-290 35
-288 -222
-288 5
-286 -396
-286 -45
-284 -266
-284 -86
-282 301
-281 -120
-280 -302
-278 336
-277 -447
-275 317
-272 -151
-271 56
-271 396
-269 -48
-267 -287
-265 17
-265 53
-264 -187
-264 499
-262 -393
-261 -362
-261 -32
-259 500
-258 431
-257 -397
-256 -272
-256 -215
-252 315
-248 -297
-246 -507
-246 -503
-245 170
-242 -294
-240 373
-236 -89
-234 -77
-233 418
-231 -146
-231 -130
-229 234
-229 352
-225 329
-224 -184
-218 -223
-218 -76
-214 541
-211 -285
-208 -78
-208 513
-204 -58
-204 295
-203 -338
-201 18
-201 80
-196 -235
-196 373
-195 -339
-195 -104
-194 -451
-192 -215
-192 -98
-187 173
-185 511
-184 46
-183 305
-182 367
-182 378
-182 470
-178 -74
-178 352
-177 -61
-176 -133
-176 -80
-175 77
-175 204
-173 -481
-172 483
-164 486
-163 -389
-161 90
-161 381
-158 453
-154 -237
-154 -35
-151 -50
-150 386
-146 282
-144 -35
-144 443
-143 378
-141 159
-141 207
-140 -540
-139 -517
-139 -208
-139 399
-133 399
-132 -3
-132 70
-130 -535
-130 -529
-130 524
-128 27
-127 -7
-127 5
-124 -315
-121 -7
-121 509
-111 -152
-111 304
-110 -462
-110 -288
-110 324
-108 -131
-107 369
-105 -448
-103 -417
-101 -349
-99 -498
-98 64
-96 233
-93 291
-90 164
-88 19
-87 221
-86 130
-85 -13
-84 -434
-79 -158
-78 -447
-76 56
-73 -310
-71 -237
-71 174
-70 -351
-70 207
-68 -344
-68 538
-67 34
-66 -538
-66 360
-65 -422
-62 434
-60 -497
-60 168
-59 513
-58 -62
-56 -454
-55 -322
-49 -397
-48 -271
-47 -384
-45 523
-44 -348
-42 -306
-41 -4
-41 393
-38 -451
-38 -112
-38 359
-36 46
-36 104
-30 -446
-30 344
-28 137
-27 6
-26 118
-21 469
-20 258
-19 328
-19 332
-16 -434
-16 18
-14 -170
-11 -135
-11 86
-11 285
-11 371
-8 -265
-5 -471
-4 -384
-4 -298
0 -458
0 -309
0 -272
0 -251
2 -429
3 -390
6 -112
6 33
6 140
10 426
11 -223
14 -307
15 165
16 -376
16 399
16 418
22 132
22 188
24 -61
25 -474
26 -261
31 -465
33 -351
34 -280
36 -143
39 -2
41 -226
41 233
42 133
43 -547
44 243
47 -244
50 -120
50 314
51 -346
52 -84
61 -39
64 138
66 357
67 -519
68 113
68 425
70 -157
70 -147
70 237
74 404
76 531
77 240
81 65
81 542
83 -146
88 255
89 -528
91 -426
91 -219
91 -61
94 190
95 138
96 196
96 424
97 -53
98 412
100 -239
102 -481
102 -74
105 -226
105 383
106 -81
110 -209
110 115
110 340
112 408
114 451
116 305
118 -432
119 10
120 -160
120 373
122 323
123 413
125 -232
133 143
137 136
140 -496
143 27
145 -348
148 -533
149 498
150 -492
150 -463
153 -41
153 392
159 -177
160 -486
164 356
165 -534
166 217
169 -277
169 -235
169 272
170 226
172 501
172 510
173 149
173 457
174 -209
175 110
179 439
182 -448
182 28
183 -535
183 -366
183 231
186 -65
189 -107
191 -237
192 490
193 -469
193 -369
196 71
197 -300
200 -367
200 -64
201 -549
201 120
201 543
203 -500
204 546
205 -45
209 475
211 -106
212 -25
213 219
214 126
214 205
215 -472
217 75
219 164
219 274
219 311
220 292
220 415
222 -469
224 356
225 -418
225 350
231 134
232 -22
233 -528
233 265
234 -194
234 -32
235 249
236 398
238 -303
239 -540
239 -161
240 110
243 -461
244 -185
250 -187
252 -97
253 -494
253 363
254 -498
254 -177
254 177
255 136
258 -322
258 8
261 -207
261 -73
262 381
264 487
267 49
269 -301
269 -135
269 -17
272 106
273 -540
273 84
276 362
278 -175
278 78
279 -292
279 18
280 -231
281 388
284 269
290 -547
291 -466
295 186
296 186
296 238
297 34
303 20
304 481
312 -394
313 256
313 323
315 -74
321 -315
321 -113
323 189
324 -545
326 273
327 1
327 154
329 528
330 275
331 -443
336 439
337 -46
339 393
339 450
340 -96
340 95
341 66
341 381
341 537
344 538
345 301
353 -389
354 -540
356 -131
356 95
356 481
358 396
361 -357
361 479
362 545
364 539
370 31
372 534
379 -217
382 -181
384 432
384 485
385 120
385 347
386 -299
387 -78
389 85
390 40
392 434
393 -20
394 -103
394 327
395 -349
398 434
400 -439
400 -407
401 20
401 372
402 373
405 -351
405 -70
406 -91
407 -186
410 216
413 357
414 -261
414 120
414 489
415 -163
417 -547
419 -10
420 434
423 277
423 338
423 390
425 -143
425 116
427 -166
427 104
429 -254
430 -421
431 -264
431 549
436 4
437 -299
441 -47
445 -460
445 -42
445 411
446 -387
447 272
448 -239
449 257
450 -118
450 96
452 -526
453 -303
457 403
459 -39
462 -371
462 235
464 -377
466 19
466 389
467 -97
468 -193
469 -364
470 -384
470 516
471 128
473 -530
474 107
474 394
475 -173
476 214
477 129
479 301
479 498
487 -162
487 429
488 145
498 -504
503 -187
505 154
505 463
507 326
509 -466
509 239
510 108
513 214
516 446
521 300
524 -76
525 69
528 -220
528 -68
528 391
530 3
532 309
534 202
537 -141
537 320
537 446
539 -255
543 480
545 -246
548 300
