200
0 0
-199 -91
-198 -140
-196 -159
-193 69
-193 143
-192 188
-187 60
-186 -109
-185 194
-177 -47
-177 167
-176 100
-173 -112
-173 152
-171 -2
-171 189
-170 -118
-170 38
-168 -2
-165 180
-161 -42
-158 -118
-157 165
-156 9
-155 122
-154 19
-154 38
-152 151
-151 -156
-150 -161
-150 -68
-148 -23
-147 -153
-141 -69
-140 81
-139 -1
-139 66
-137 -129
-135 -10
-135 0
-132 171
-127 114
-122 -180
-122 -152
-121 154
-119 -94
-119 112
-117 -93
-114 -32
-111 43
-111 180
-110 -172
-110 -95
-107 -167
-106 -114
-106 130
-105 102
-102 4
-93 -102
-93 59
-92 -3
-88 -115
-88 -60
-84 86
-79 14
-77 -113
-74 -23
-70 159
-68 -68
-66 -127
-61 -175
-60 -89
-60 163
-59 156
-58 -110
-55 -113
-54 199
-51 -145
-51 -114
-49 29
-48 -63
-46 14
-45 -44
-43 153
-42 -200
-41 -123
-40 20
-37 115
-35 111
-31 32
-28 -140
-27 -193
-26 -41
-22 154
-21 7
-19 94
-17 -58
-16 159
-16 196
-14 60
-13 77
-12 81
-10 34
-10 95
-8 -199
-8 -193
-4 109
0 -146
8 77
8 188
10 168
12 45
14 65
19 -199
22 167
24 28
25 -129
26 63
28 -150
29 74
32 141
38 42
40 -17
43 19
43 186
46 1
47 103
49 -141
52 -161
52 -52
56 22
65 -101
71 -129
72 -66
76 -3
77 -10
81 152
82 -141
87 188
92 -146
92 104
96 -2
97 -60
100 173
101 27
102 -96
104 156
110 169
111 -1
111 164
112 71
116 -175
116 36
118 0
118 21
119 -187
128 122
129 145
130 -31
130 139
132 158
133 157
133 193
134 -154
139 104
141 -166
141 -32
143 -119
143 187
150 154
151 -158
159 60
162 195
165 26
165 123
165 193
168 -113
169 99
170 -105
170 168
171 122
172 -74
173 -192
173 -188
173 -109
173 -10
174 -24
174 59
175 -65
176 0
177 -78
182 30
183 -2
183 184
186 -127
186 -26
190 22
194 -165
194 -127
197 152
