1000
0 0
-650 -637
-650 -49
-649 382
-648 -39
-645 557
-644 431
-643 65
-642 -356
-641 621
-639 -489
-639 -115
-639 -66
-639 -9
-639 614
-638 -303
-638 465
-637 -592
-636 -39
-635 -592
-632 15
-632 638
-629 -90
-628 -187
-622 -399
-622 -52
-618 -505
-616 21
-616 272
-616 358
-614 -249
-612 159
-612 520
-611 -569
-611 246
-605 22
-604 -236
-602 274
-601 -644
-600 -258
-600 543
-599 166
-596 -367
-596 254
-595 540
-591 -462
-589 -54
-586 62
-585 -179
-585 9
-585 646
-584 -244
-584 396
-581 -502
-581 -193
-581 642
-580 -41
-580 147
-580 275
-579 -552
-576 -433
-576 186
-575 -310
-574 205
-573 -484
-572 392
-571 -597
-571 -116
-567 -108
-567 234
-566 455
-565 297
-564 -228
-563 422
-562 -330
-560 -391
-560 -47
-559 -590
-558 11
-558 415
-556 -641
-550 -168
-547 139
-545 -331
-545 -249
-539 146
-537 -300
-537 423
-537 569
-534 -365
-533 219
-532 -406
-530 -210
-530 441
-528 -2
-528 208
-526 -188
-526 615
-525 -589
-524 -323
-524 -182
-524 506
-523 546
-521 410
-518 646
-517 -424
-515 -539
-513 295
-511 -326
-507 215
-506 -440
-505 478
-502 -529
-502 337
-501 347
-500 281
-497 -514
-497 -281
-496 -367
-496 182
-494 223
-494 239
-493 -468
-493 158
-492 61
-491 -252
-491 129
-490 8
-490 488
-489 175
-488 97
-488 286
-487 -212
-486 -525
-483 -495
-483 133
-483 285
-483 462
-480 393
-479 3
-478 -551
-478 588
-477 87
-476 479
-471 -468
-471 388
-470 -439
-469 -378
-467 -14
-466 -8
-463 166
-463 306
-461 -79
-457 -347
-455 -359
-451 2
-451 65
-449 536
-447 -505
-447 178
-442 -549
-442 -34
-440 -641
-440 -636
-439 87
-438 -41
-437 89
-437 585
-437 610
-433 161
-432 -314
-432 -216
-429 81
-429 416
-429 587
-428 -18
-427 -132
-424 -288
-422 -503
-421 494
-420 -635
-420 366
-420 439
-418 519
-417 151
-416 642
-413 -373
-413 260
-412 435
-411 371
-411 624
-410 -209
-409 -634
-409 401
-407 -477
-402 -568
-402 330
-401 351
-400 -574
-399 -560
-399 286
-398 -321
-397 -403
-397 614
-394 -318
-394 -106
-392 263
-391 623
-389 558
-388 -264
-388 25
-388 155
-387 -321
-386 37
-383 -456
-382 -123
-381 -638
-381 373
-377 240
-375 -291
-372 -296
-372 237
-371 -50
-370 577
-369 519
-368 -599
-368 -101
-366 473
-364 602
-362 443
-362 611
-361 614
-360 24
-360 235
-360 320
-360 333
-353 214
-352 406
-351 -299
-351 155
-346 237
-346 413
-345 332
-343 432
-337 488
-337 584
-335 -208
-334 -178
-332 44
-331 -646
-331 96
-331 246
-330 168
-328 -526
-326 -571
-324 -599
-324 383
-321 -66
-320 324
-319 34
-318 -64
-318 524
-316 -401
-315 206
-314 -198
-313 -263
-311 -249
-311 72
-308 66
-307 -544
-307 -476
-307 335
-307 607
-305 -30
-305 429
-304 -601
-303 -183
-302 -636
-302 427
-301 -528
-299 -342
-299 -17
-295 -612
-295 609
-294 161
-293 -35
-289 -374
-289 156
-289 358
-282 -234
-281 -395
-280 -84
-280 599
-271 -321
-271 -252
-269 -24
-269 356
-266 -579
-265 -378
-265 290
-265 394
-264 187
-263 497
-262 -292
-262 614
-260 -514
-258 132
-255 -526
-254 -82
-254 480
-252 -640
-252 198
-248 -26
-247 199
-247 470
-246 327
-244 275
-244 363
-244 647
-243 -127
-242 -479
-240 480
-238 438
-232 -197
-232 217
-231 -420
-231 617
-230 -337
-230 -19
-229 625
-228 -451
-227 -407
-224 110
-223 -296
-223 270
-220 268
-215 332
-213 -497
-212 494
-210 203
-206 -603
-204 -623
-202 -188
-199 115
-199 442
-195 -82
-193 -161
-193 18
-193 94
-193 541
-188 -336
-186 26
-185 -167
-184 -442
-183 -71
-182 290
-181 -532
-180 -153
-179 -411
-179 635
-178 -505
-178 -36
-177 -314
-177 -99
-177 117
-176 -551
-175 -237
-174 -566
-173 -175
-172 49
-170 -280
-169 250
-167 204
-165 184
-161 -158
-159 -224
-159 485
-158 48
-157 -626
-157 -285
-157 -220
-157 338
-154 -332
-154 -312
-153 -401
-153 462
-153 518
-151 24
-150 -234
-148 -135
-143 -515
-142 -489
-140 -626
-140 291
-135 36
-134 -605
-134 -68
-132 567
-130 -335
-130 -7
-129 121
-126 438
-124 -201
-122 -212
-121 -449
-117 -595
-115 323
-115 330
-113 564
-112 529
-111 154
-110 -630
-109 -60
-108 -24
-104 164
-103 -281
-102 -172
-102 -108
-101 109
-100 -610
-99 -331
-97 -264
-97 415
-96 -572
-95 36
-95 91
-95 436
-93 133
-93 203
-93 447
-92 189
-90 -584
-90 -310
-86 492
-84 -320
-83 54
-82 203
-79 512
-78 107
-77 32
-74 -457
-74 -357
-74 33
-73 175
-72 -82
-72 482
-71 -148
-69 -452
-68 578
-67 -334
-66 250
-64 -279
-63 203
-60 -249
-60 -34
-56 -529
-56 -257
-55 266
-54 588
-52 264
-51 204
-48 -99
-48 108
-42 545
-38 -384
-32 -428
-32 -218
-30 -309
-27 -70
-25 183
-24 -409
-23 -128
-22 -275
-21 44
-21 262
-18 -529
-18 -197
-17 -356
-15 -287
-15 -173
-12 -445
-10 598
-9 -58
-6 -588
-6 633
-5 455
-1 326
1 649
4 -368
8 278
9 -511
10 -485
13 333
13 595
14 299
14 513
16 563
17 -514
17 -29
18 -111
21 -551
21 644
22 -152
24 -271
25 -532
27 -430
27 -152
29 -407
30 -305
31 -71
32 -309
33 -649
33 -29
34 189
37 -89
38 248
40 -575
40 -441
40 596
41 166
43 589
45 442
46 509
47 -313
50 34
50 111
51 472
53 -341
53 -165
53 -127
54 -640
55 -91
58 436
60 -607
62 139
64 526
66 172
66 570
67 -382
71 -520
75 -87
76 -100
80 -605
80 46
81 -159
82 20
82 615
83 -427
83 -111
84 -565
89 -80
89 323
89 458
90 -396
91 -236
91 -108
91 566
92 -323
95 177
101 21
102 -548
107 -503
107 -464
108 318
109 645
111 -534
112 128
115 368
120 -621
122 -599
123 -315
123 247
126 -253
126 92
126 252
126 482
129 10
129 629
130 341
131 -185
133 -517
133 -239
133 109
134 492
135 -461
135 222
137 -341
137 646
139 -556
139 -122
139 423
140 -156
141 -427
141 -189
143 611
144 -176
144 553
145 447
146 -264
146 421
146 530
147 -24
147 123
148 -228
148 132
149 -244
151 -477
154 -131
157 -67
158 -578
159 -503
162 -534
162 453
163 -323
163 415
164 -107
165 -50
166 313
167 433
169 -640
169 119
169 130
170 371
171 416
171 504
173 -255
176 -499
178 -516
178 -253
179 -78
182 -356
182 487
183 -39
184 -188
185 181
186 -189
187 432
187 479
189 -183
189 433
190 630
191 165
191 341
192 -608
192 58
193 -308
193 438
195 70
197 7
198 -619
198 -62
199 425
199 647
201 -340
201 349
206 505
207 428
212 -103
214 -453
214 62
214 170
214 535
219 -326
219 308
221 -313
221 -115
221 -62
224 -181
224 -163
225 -144
225 157
230 247
231 228
233 538
234 -340
234 -293
234 24
234 403
235 75
239 229
240 309
240 556
241 15
242 -371
242 400
247 128
248 -20
249 -237
249 179
249 424
252 607
254 509
259 409
260 -99
263 299
264 -11
265 -587
267 -204
272 -275
273 277
276 89
277 -148
278 -265
279 -533
279 404
280 -505
280 405
285 517
286 -165
286 344
287 61
287 79
287 162
287 467
288 -27
289 -555
290 114
290 157
290 236
292 243
293 -135
293 -48
293 485
294 -581
294 293
295 -178
295 486
297 -401
298 -607
298 601
300 -467
300 -28
300 429
302 -507
302 315
304 522
307 -552
307 -502
309 283
313 -480
313 477
314 -382
316 206
316 547
318 -549
318 130
319 -513
319 32
319 328
320 198
323 -557
324 -512
325 457
327 148
329 84
333 -182
333 -69
336 561
337 -11
338 37
338 329
340 -602
340 -595
340 -240
340 -206
344 -599
346 140
349 -359
349 164
350 -248
350 69
352 647
353 -91
354 -619
354 30
357 -353
357 258
357 433
358 133
359 100
361 -351
363 -627
363 -338
364 -167
365 -582
365 -196
369 -605
369 -474
371 -627
371 -104
372 151
373 -451
373 518
373 590
374 -358
377 -596
379 -579
384 -219
385 -644
387 -246
388 -113
388 100
388 258
390 603
391 347
393 -404
393 -139
395 10
397 -188
398 -379
398 68
399 174
400 -283
400 -2
400 213
400 491
402 -461
402 -38
402 430
402 455
403 -415
404 -405
404 -105
405 -61
406 476
410 425
411 159
411 474
412 222
412 352
413 -468
415 -569
417 -552
419 510
420 -412
420 245
422 -66
423 411
425 -99
426 637
427 -259
427 373
429 -2
430 -227
431 -636
431 -192
432 -415
433 -448
433 195
435 -397
437 570
438 262
439 -231
439 -121
440 -382
440 427
440 634
442 -578
442 -38
443 -579
443 -469
443 53
446 291
447 -181
448 -20
451 309
451 548
452 289
452 376
453 88
453 348
454 -353
458 -521
458 -448
459 -387
460 52
460 291
465 -285
467 -275
472 -580
474 -105
474 592
475 -125
476 -367
478 -254
481 4
482 226
484 -508
485 -171
486 -276
490 -128
490 414
491 -606
494 -485
495 -322
497 194
500 564
503 -478
508 -484
509 -408
510 53
511 -270
514 313
523 385
524 -79
524 475
527 -348
527 93
528 -554
528 -231
528 6
529 466
530 -391
530 508
531 -198
533 -111
533 211
534 388
534 401
535 -631
535 -264
535 58
535 123
536 -446
541 607
542 -327
542 16
542 34
542 482
544 -501
545 -261
545 505
547 484
549 -36
549 503
551 -526
553 630
554 -454
554 -140
554 87
557 -448
557 -174
560 -590
561 154
562 -596
563 -114
564 564
571 404
572 -169
572 397
573 -118
574 370
577 227
580 -290
581 -124
581 7
583 0
584 -512
586 -338
586 351
588 -300
589 198
589 541
591 -92
592 480
592 624
594 351
600 -554
600 -460
603 -487
603 -136
604 241
605 -438
609 -624
609 462
612 216
613 -310
616 519
617 241
620 -444
620 -130
620 515
626 -54
626 171
628 219
630 -210
630 548
632 -131
633 233
634 264
637 106
637 493
638 -202
640 609
642 -489
643 -216
643 368
645 70
646 134
647 -483
647 358
