700
0 0
-549 48
-548 90
-547 194
-545 402
-542 -345
-540 13
-536 -385
-536 415
-535 298
-535 361
-534 -45
-533 -482
-533 -456
-533 295
-532 -390
-532 -366
-532 37
-532 100
-530 -468
-530 -350
-529 280
-526 212
-520 -382
-520 -50
-517 144
-517 445
-515 18
-512 -407
-510 381
-509 -490
-505 209
-503 -67
-503 65
-502 487
-501 -80
-500 -137
-499 484
-498 137
-495 -218
-494 -85
-494 317
-493 117
-493 375
-492 445
-489 -98
-489 358
-484 -313
-483 399
-482 -102
-481 182
-480 -271
-473 -74
-473 289
-472 474
-471 -47
-471 198
-471 415
-465 -452
-464 415
-463 -33
-463 -28
-463 -27
-461 31
-461 285
-460 -148
-460 409
-460 510
-458 -346
-458 194
-456 321
-456 442
-452 -274
-452 277
-451 -125
-447 516
-443 -351
-443 -345
-443 -184
-442 304
-441 105
-440 532
-439 -452
-428 203
-427 -72
-423 -331
-423 -258
-423 539
-419 428
-418 482
-416 -2
-415 46
-412 -44
-411 75
-409 236
-407 129
-406 -426
-403 -326
-401 -475
-401 391
-399 207
-391 421
-389 -114
-389 396
-387 -43
-387 21
-386 347
-384 415
-377 -424
-375 -135
-375 487
-373 278
-370 102
-368 -26
-368 401
-364 -258
-364 435
-362 85
-360 -170
-359 -161
-359 166
-358 269
-357 81
-357 94
-353 -270
-353 334
-353 538
-352 166
-351 -187
-351 299
-351 301
-350 530
-349 -238
-347 503
-346 -356
-344 -172
-343 15
-343 149
-342 427
-338 -331
-336 -436
-334 26
-334 369
-333 -336
-333 382
-332 474
-331 53
-330 -214
-327 345
-327 541
-326 88
-324 457
-314 -517
-314 -411
-314 -249
-313 55
-312 -21
-311 -285
-310 -124
-310 -72
-310 257
-310 287
-306 251
-305 -233
-305 37
-303 -354
-301 514
-299 -104
-298 -202
-298 -103
-297 547
-294 -228
-290 -94
-289 480
-288 511
-287 -64
-287 259
-286 335
-285 -214
-280 14
-278 321
-275 -194
-274 -283
-272 -266
-271 -148
-271 86
-269 -465
-269 -336
-268 416
-268 481
-267 -268
-267 -264
-266 47
-264 -28
-263 176
-261 210
-261 446
-260 -340
-251 -145
-250 -467
-248 -13
-247 532
-246 -510
-246 496
-245 -397
-245 -368
-244 377
-242 492
-241 -224
-240 -511
-240 468
-239 541
-238 -531
-237 211
-236 -411
-236 -283
-236 303
-233 217
-231 259
-228 -377
-224 356
-222 302
-221 191
-220 439
-214 -459
-211 457
-210 469
-209 -257
-206 -411
-206 -392
-206 282
-205 126
-202 -403
-202 414
-201 -144
-200 -442
-200 459
-199 -539
-199 -360
-199 -241
-199 399
-196 29
-196 382
-194 77
-192 435
-191 404
-189 -546
-181 487
-180 113
-179 167
-177 121
-175 -367
-172 121
-171 -271
-169 433
-167 339
-167 458
-166 -175
-164 -533
-161 -395
-161 -115
-159 50
-156 -60
-156 277
-155 -404
-154 432
-152 320
-150 -456
-150 457
-148 -289
-144 365
-143 541
-142 396
-141 -444
-138 -128
-137 -115
-137 16
-136 238
-134 -30
-130 325
-129 -330
-127 349
-122 -549
-120 47
-120 339
-119 -513
-119 173
-118 -432
-109 -526
-108 135
-105 -402
-102 -294
-102 479
-101 -509
-99 -406
-99 -269
-98 -547
-98 -541
-97 322
-96 65
-95 -200
-94 -226
-90 -54
-90 512
-86 -73
-84 536
-78 -482
-78 500
-77 541
-75 275
-75 372
-74 -130
-70 -228
-70 -174
-70 476
-70 525
-69 497
-68 -118
-67 370
-63 -256
-60 85
-54 -163
-53 333
-52 55
-51 -84
-49 -462
-49 184
-47 485
-46 308
-44 -479
-42 -370
-40 -378
-33 -123
-31 -175
-28 -440
-23 -200
-17 -120
-16 368
-15 -104
-15 148
-14 -128
-12 145
-11 -30
-9 -375
-5 63
-1 451
0 285
1 -400
1 187
1 287
4 -532
5 -504
7 -203
10 293
11 -144
11 112
13 -263
18 -142
29 254
30 191
33 -534
34 -189
34 133
35 482
39 -229
40 -189
40 300
41 -257
41 468
42 80
43 -485
43 291
44 541
46 -91
47 546
50 -125
53 -249
53 -156
53 -89
53 206
58 494
62 -423
62 -307
62 131
66 226
67 343
73 -372
73 -53
77 -485
78 -470
78 -352
78 -131
79 -329
79 400
83 -245
83 -136
84 519
87 125
92 -237
92 449
93 369
94 -196
94 146
94 262
96 -41
99 -371
99 27
100 -464
100 -115
100 204
103 431
105 -168
107 186
108 -56
109 -549
112 188
114 -389
115 -48
116 137
117 -476
118 487
119 -322
120 -220
121 284
121 414
123 -66
123 265
126 -526
130 462
130 520
131 275
132 217
133 54
134 171
140 -511
140 -123
141 -340
141 -302
141 -248
141 148
143 -422
143 -287
144 -547
144 -218
144 -74
144 155
144 418
147 -20
149 -406
152 -351
152 322
152 399
153 -48
157 487
160 338
162 437
165 140
166 120
166 324
169 53
173 139
174 -204
175 121
177 278
177 325
179 -89
181 -483
182 -512
183 -349
185 60
186 -203
188 -204
188 152
192 178
193 -65
195 -171
197 250
198 119
201 294
202 -385
202 223
206 213
209 -263
210 -237
210 -188
212 -283
212 324
217 -486
220 -322
220 206
221 13
225 466
229 139
230 -68
230 201
233 -335
235 -67
236 89
240 157
241 -185
242 -472
243 -459
243 -446
243 474
246 14
250 -95
250 504
251 152
255 387
257 -240
257 40
258 501
259 -189
262 -520
263 -235
263 344
266 308
269 -264
270 303
271 -472
271 -246
273 161
274 215
275 467
276 -539
276 -91
276 -31
276 44
277 0
281 36
283 480
284 -244
285 -456
289 22
290 -104
290 193
295 -523
295 -275
295 516
296 -304
296 -294
296 -262
299 -178
302 545
305 439
309 3
312 -459
312 -219
313 -348
315 -512
319 158
320 -364
324 -87
324 -3
326 -167
326 279
328 -532
333 183
334 519
338 376
340 159
341 355
342 257
345 -202
345 122
346 -284
350 -394
354 -231
354 -97
355 -43
360 521
364 123
364 430
365 -133
367 127
367 153
368 20
369 -193
371 -521
371 -213
372 391
379 474
380 172
383 196
384 240
386 -331
387 -465
388 -312
392 -335
392 -221
393 -35
396 293
397 -279
397 542
398 -59
402 129
403 -101
404 -423
404 543
408 -348
408 236
410 -242
410 -8
411 -167
411 340
412 450
415 399
417 -14
419 -375
420 118
423 429
424 -286
425 -341
425 -192
427 404
428 146
429 340
430 -548
430 153
431 -312
431 288
431 539
432 -411
433 -329
435 -170
435 485
437 -510
437 -182
438 -172
440 495
442 -442
443 436
444 -379
444 79
448 -414
451 -117
453 -291
453 -17
454 -392
454 -366
457 -119
457 36
459 164
460 83
461 160
465 -122
467 -131
470 -308
471 -387
471 218
472 37
472 476
473 -138
478 396
483 239
484 25
484 287
485 -74
488 97
490 -283
492 496
493 377
496 304
499 -383
500 -131
500 373
501 388
504 466
505 -447
505 -319
505 414
507 -128
507 458
508 -492
510 -409
510 83
510 155
512 46
513 212
518 -522
518 128
519 -274
519 466
520 370
521 -445
521 -145
522 73
523 -542
524 -410
524 -394
527 -474
528 -340
530 18
534 -463
536 -273
536 60
544 301
544 517
546 150
549 82
549 260
