300
0 0
-200 -89
-200 195
-199 40
-196 -83
-196 166
-196 183
-195 20
-195 131
-194 -200
-194 -198
-194 -44
-194 106
-188 -100
-188 10
-186 113
-183 -159
-182 2
-182 49
-181 0
-181 51
-179 -80
-177 -99
-177 -35
-175 130
-174 17
-172 34
-171 -97
-168 185
-166 -55
-166 -2
-163 51
-162 191
-160 7
-158 23
-157 -200
-156 1
-154 140
-154 193
-147 119
-147 150
-145 123
-144 136
-143 -115
-143 95
-142 -88
-142 70
-142 118
-140 133
-138 162
-136 -116
-133 36
-133 94
-132 -129
-132 142
-129 -58
-129 36
-129 165
-128 -14
-126 -104
-125 64
-125 163
-122 32
-119 -30
-114 -86
-114 -36
-113 77
-113 159
-111 -55
-111 167
-111 179
-108 -22
-108 77
-105 -164
-105 177
-100 -163
-98 -108
-98 110
-97 -10
-97 105
-95 -33
-92 37
-92 98
-91 160
-91 189
-90 130
-90 180
-86 -65
-85 -191
-85 175
-83 -58
-82 -72
-81 17
-79 7
-78 142
-75 -31
-75 114
-74 6
-72 -194
-72 199
-71 121
-70 109
-69 -94
-69 -87
-69 95
-68 -192
-68 -21
-67 -190
-66 -52
-61 -8
-60 -1
-57 -147
-54 -183
-54 132
-47 -170
-47 145
-46 101
-45 -188
-45 -56
-45 100
-44 -123
-43 42
-41 -150
-38 -1
-36 -1
-36 48
-36 80
-35 144
-34 4
-33 188
-31 -141
-31 -52
-29 9
-28 -177
-28 -176
-26 23
-25 24
-24 12
-24 30
-21 -186
-21 47
-21 68
-19 17
-18 -45
-15 -149
-12 -71
-10 -67
-9 -86
-9 66
-8 136
-8 148
-5 -107
-5 46
-3 160
-2 -127
-2 -98
-1 -104
-1 14
-1 33
-1 128
5 -146
5 -72
8 -93
8 49
8 111
11 -94
11 157
13 27
13 39
14 43
15 -11
16 -85
18 -183
23 -21
24 129
24 156
25 -173
26 74
28 -187
28 -38
28 128
28 189
30 -103
35 -178
39 -56
44 -52
45 -84
46 104
49 -181
50 -180
50 40
50 71
51 -35
52 -106
56 10
56 154
57 182
59 -160
59 183
60 107
61 149
62 -62
62 167
65 -56
66 -167
67 -165
67 40
67 88
71 107
71 177
72 -43
72 -19
73 -55
75 -3
75 -2
76 -172
80 162
81 -62
82 146
84 148
90 51
91 -43
91 144
92 83
94 -191
94 123
95 -87
96 65
98 38
101 75
102 -37
102 -5
102 58
106 -164
107 -182
107 -172
108 87
110 124
116 -170
116 -129
116 25
117 48
118 -118
118 157
120 -35
121 40
122 -149
122 190
123 -124
127 71
128 -104
129 -113
129 100
132 -191
134 -166
136 7
137 -52
138 112
145 -182
146 59
148 -82
148 83
150 28
150 29
152 -22
152 136
154 -164
154 -34
155 99
157 -136
159 -143
159 -128
159 -127
162 -178
168 45
168 119
168 189
169 178
175 119
175 139
176 124
176 176
178 132
179 -151
180 36
181 -118
183 132
184 -149
184 -102
184 81
188 194
189 38
189 69
190 77
192 -36
193 -149
193 117
195 -56
196 30
196 67
197 -10
