200
0 0
-199 -113
-198 -115
-198 -31
-196 -197
-196 42
-194 -92
-192 35
-191 187
-190 -58
-186 -23
-185 -67
-183 39
-181 188
-180 32
-180 51
-177 119
-171 -28
-169 34
-168 21
-166 160
-164 199
-160 190
-159 12
-157 65
-150 -114
-149 -56
-149 110
-148 -175
-148 140
-147 -119
-143 99
-142 168
-140 -32
-138 18
-136 -172
-136 -23
-132 41
-132 156
-124 -109
-123 -35
-119 -60
-119 136
-111 178
-106 -195
-106 -9
-105 55
-104 -176
-103 -38
-103 12
-100 -191
-95 6
-89 198
-87 -91
-87 -7
-87 68
-86 153
-84 34
-81 184
-79 -153
-78 91
-76 101
-69 121
-67 -148
-60 18
-58 -53
-57 -137
-54 -79
-54 89
-49 155
-43 152
-40 1
-40 14
-38 -49
-34 -75
-33 130
-32 115
-31 38
-31 56
-26 197
-25 -190
-25 189
-24 111
-23 196
-20 -145
-18 162
-16 -21
-14 16
-11 -87
-11 -83
-11 49
-10 -83
-10 -68
-7 162
-4 -140
0 -42
1 28
4 -150
9 12
11 31
12 -69
12 45
15 -173
16 -167
16 152
17 42
19 -18
19 80
21 49
23 155
25 -122
32 -198
32 -42
32 2
35 121
35 162
38 -87
40 -93
42 -105
43 6
46 56
49 155
50 -8
54 -121
56 135
59 -57
59 -20
60 -34
61 -26
64 -140
64 -139
66 -81
73 156
74 -114
75 163
77 121
82 67
84 138
85 129
89 -129
90 -172
90 -92
91 -119
92 -2
93 86
94 60
94 164
95 41
98 138
100 103
101 -33
101 139
104 -152
105 -108
108 11
109 94
114 -32
114 149
115 21
115 190
118 14
120 15
126 -76
126 52
129 113
130 -152
130 -71
131 36
135 186
137 174
139 133
140 -49
142 117
143 -134
147 51
149 -189
154 10
155 78
160 -130
160 -36
161 -68
161 115
163 140
166 5
166 68
168 47
170 -110
170 21
173 -116
173 -82
175 49
182 156
183 -166
183 40
185 -116
186 157
187 -114
193 116
195 32
196 -172
199 127
