500
0 0
-200 -166
-199 -167
-199 -117
-198 -137
-193 132
-192 192
-191 -44
-190 -34
-188 -126
-188 -36
-188 186
-187 21
-187 80
-186 -101
-185 -198
-185 52
-185 162
-184 -6
-182 -17
-182 28
-182 105
-180 -102
-180 -40
-179 -192
-179 39
-179 190
-178 -6
-177 43
-173 -64
-173 91
-172 -57
-171 106
-170 -106
-169 159
-168 -45
-168 -40
-168 31
-167 70
-166 104
-166 138
-166 167
-164 -114
-164 -62
-163 -116
-161 -182
-160 -144
-160 -17
-158 -197
-155 -134
-155 83
-154 -16
-153 -28
-152 -39
-152 33
-151 -31
-151 -23
-151 159
-149 150
-148 31
-148 74
-147 -143
-146 -78
-146 6
-145 -115
-145 23
-144 123
-143 -85
-142 167
-142 196
-141 -105
-141 -100
-140 -86
-138 -189
-138 -116
-137 -85
-136 -189
-136 159
-135 -151
-135 -150
-135 -85
-135 108
-134 95
-133 -173
-133 -115
-133 89
-132 89
-132 146
-132 169
-131 -172
-131 164
-130 -112
-130 56
-128 -156
-128 -131
-128 -60
-127 -29
-126 58
-125 2
-125 13
-124 -112
-124 114
-123 -171
-122 52
-122 113
-121 -180
-121 49
-118 -47
-117 -141
-117 81
-116 43
-115 26
-114 -96
-111 -169
-109 -157
-108 -56
-108 28
-105 -62
-105 81
-105 150
-104 -153
-104 -97
-103 16
-103 136
-102 -132
-101 -65
-101 72
-100 159
-99 -111
-99 -14
-99 88
-97 -128
-97 -17
-95 84
-95 173
-94 -140
-94 54
-93 -10
-93 90
-92 23
-92 96
-91 124
-90 -186
-90 163
-89 -160
-87 75
-86 78
-84 49
-80 52
-79 -95
-78 17
-78 50
-77 -13
-76 -15
-75 148
-74 76
-72 172
-71 193
-70 147
-70 195
-69 -34
-69 -26
-67 -147
-66 -135
-65 -96
-63 -151
-62 -114
-61 7
-60 -11
-59 -181
-59 -159
-59 -107
-59 5
-58 -81
-58 -38
-56 16
-56 63
-55 113
-54 117
-54 138
-53 90
-50 -147
-50 -87
-50 71
-49 -148
-49 -76
-49 4
-48 20
-45 51
-43 1
-42 189
-41 -143
-41 -12
-39 116
-37 -190
-37 -152
-37 54
-35 -193
-35 -108
-35 -39
-35 84
-35 144
-33 42
-32 -78
-32 21
-32 139
-31 -53
-30 -139
-30 -112
-30 -108
-30 62
-30 159
-29 -128
-29 14
-29 194
-27 -3
-26 -72
-26 129
-25 -173
-21 8
-21 18
-21 70
-20 -129
-19 27
-19 89
-17 -52
-16 60
-14 -62
-14 40
-13 -41
-13 18
-12 4
-12 119
-11 -144
-11 12
-10 -145
-9 -186
-9 78
-8 156
-7 187
-6 150
-5 -77
-5 20
-4 -47
-2 -15
-1 102
0 -137
0 32
1 168
2 179
3 62
6 -174
6 -122
7 -192
7 -86
7 -84
7 -76
7 -71
7 -32
8 163
9 -188
11 -181
13 -87
15 -150
15 167
16 -152
16 -21
19 -91
19 149
19 179
20 124
21 -166
22 57
22 70
26 -156
26 10
26 52
26 174
27 -85
31 -88
31 -73
32 38
32 188
33 -143
34 26
36 61
36 148
38 -107
39 89
40 -156
40 171
42 -42
42 -12
42 12
43 -30
43 25
43 191
44 -86
44 -61
44 13
44 150
45 -176
47 159
49 -164
49 -146
49 108
49 173
50 -177
50 68
50 86
51 -19
51 169
52 138
52 161
53 -31
53 23
55 -11
56 40
56 87
58 1
58 96
59 -14
59 25
59 111
59 154
62 -173
62 -121
62 -42
64 -152
64 -56
65 43
66 9
66 178
67 9
67 75
67 143
67 168
68 -199
68 -127
69 55
71 -150
71 -55
73 33
74 -55
75 18
76 28
76 134
77 -106
78 113
79 190
80 165
82 159
83 -39
83 47
83 115
85 181
86 141
87 -90
88 172
89 86
90 55
91 24
92 174
93 -12
93 94
94 -30
94 -18
95 -127
95 -66
96 -136
97 -70
97 49
97 57
98 -106
98 -101
98 88
98 181
99 146
100 188
102 -161
103 -62
103 -37
104 -67
104 89
105 -194
105 -88
105 52
106 -136
107 -83
107 33
108 -88
111 -59
111 85
112 33
115 -181
115 -117
116 -171
116 -13
119 -118
120 199
121 -112
121 27
122 127
124 -119
125 -199
126 -32
127 -154
129 155
130 -111
130 97
131 184
133 -52
133 -40
133 -34
134 -178
136 136
139 119
139 135
139 195
140 -163
140 -72
140 -11
141 16
141 189
143 1
146 -101
146 -16
147 -138
148 -9
148 13
149 -58
150 46
151 -79
151 86
151 165
152 71
152 181
153 -188
153 -187
153 126
154 123
155 -74
155 -70
155 -53
155 167
158 151
160 -35
161 -194
161 -172
163 100
164 -132
165 69
166 8
166 53
166 133
167 -153
168 15
168 74
169 -191
169 141
170 -27
171 199
173 -64
173 -38
174 -116
175 12
176 -124
176 93
177 34
178 -54
178 84
179 67
180 -13
181 -100
183 -127
184 146
185 -191
186 -187
187 87
188 -170
188 20
189 -178
189 -44
190 -139
191 -170
191 81
192 -142
193 -6
193 42
193 130
194 -150
194 -82
194 -37
194 -8
195 -24
195 28
197 -33
197 -15
197 122
198 -29
199 125
