300
0 0
-197 -105
-196 151
-195 -147
-193 -140
-192 -57
-186 22
-185 -46
-185 -21
-185 18
-184 -158
-184 -37
-180 -103
-180 -45
-176 171
-174 -3
-171 124
-170 160
-168 -148
-165 -11
-163 52
-162 -111
-161 -60
-161 193
-160 -158
-159 -123
-159 129
-158 98
-157 -118
-155 -185
-154 -70
-149 -164
-148 92
-146 -27
-145 -29
-145 84
-145 110
-136 -187
-136 -91
-136 9
-135 -199
-132 8
-131 79
-129 32
-127 -101
-127 -49
-127 25
-123 47
-122 164
-120 16
-119 -31
-119 -20
-118 -93
-118 -36
-116 -95
-116 28
-112 102
-111 -144
-111 119
-108 -37
-105 -141
-104 -111
-104 -51
-103 -107
-98 34
-94 -170
-88 172
-86 -182
-84 -197
-84 -89
-84 48
-83 -139
-83 -34
-83 136
-80 57
-77 182
-77 198
-74 125
-72 67
-71 133
-70 142
-68 -53
-68 88
-67 -117
-66 -183
-66 29
-64 102
-63 -127
-63 37
-61 41
-59 121
-55 52
-53 -182
-53 -84
-51 -20
-49 -5
-49 61
-47 29
-46 -155
-46 22
-46 144
-45 -120
-44 73
-41 -176
-40 161
-37 63
-35 163
-33 -171
-30 -112
-30 -88
-30 92
-29 139
-28 -42
-28 -11
-26 -21
-25 -105
-24 -22
-23 -35
-23 54
-21 -153
-17 -123
-17 57
-15 -151
-14 107
-12 -40
-12 -32
-11 18
-9 49
-8 -96
-8 87
-8 130
1 -146
2 199
5 81
7 -193
7 -101
7 33
11 13
11 105
13 148
16 -56
16 24
19 -4
19 28
24 -169
24 -88
25 -45
25 51
26 174
28 -110
29 -152
29 115
30 106
31 -188
31 -115
33 -119
33 65
34 -182
37 -122
37 -42
37 -21
38 -151
39 -137
40 -164
40 171
41 -119
41 175
43 3
44 -192
44 -88
45 -171
45 -157
48 -117
48 166
51 -16
52 134
53 -87
53 23
56 -187
56 -15
58 -163
58 138
60 122
62 184
64 134
67 -123
71 -104
73 57
76 -153
76 -109
78 60
81 -129
81 129
84 -191
85 69
86 -85
90 70
90 139
92 -43
92 160
92 188
95 -163
95 120
97 69
98 30
102 -132
103 -181
103 -81
103 130
104 10
105 142
105 179
106 53
106 90
107 -125
107 90
109 -102
110 -26
110 16
111 65
113 95
114 -47
114 183
115 135
117 -65
117 136
118 -126
118 169
118 191
120 -160
120 -87
121 -67
124 -81
125 -124
126 -116
127 -124
128 -43
129 -22
130 -137
131 80
133 191
136 95
137 -82
138 -36
138 31
139 -92
141 -165
142 -161
142 74
144 -36
144 34
144 146
145 -96
147 -37
147 97
149 155
150 89
151 -140
153 112
156 -77
157 -200
158 -82
158 0
159 -189
162 138
163 -39
163 102
164 64
167 152
168 -103
168 -101
170 98
171 172
173 -140
174 -191
175 -181
175 80
176 -115
176 183
178 -82
179 -22
179 96
180 -66
181 32
181 161
183 109
184 127
191 -44
192 -184
192 19
193 -113
193 51
193 125
197 -90
197 -30
198 -193
198 -124
198 -22
199 -76
199 -36
199 133
