100
0 0
195	-9
-145 6
-81	-20
-127 -105
144	58
-19	44
173	-69
-151 -105
160	0
-105 -131
73 -111
-64 -47
-61 -178
-139 -83
-130 147
-96	-22
32	104
90	35
106	-155
43	152
31	161
-124	-90
-94	-92
-114	-122
34	-73
-128	-100
-58	55
-76	116
-155	-91
-23	-62
16	-100
-162	79
49	-170
-67	79
-44	-29
-27	120
-12	62
56	21
-141	-113
-139	35
-114	120
65	-114
-96	70
-1	99
49	-138
-54	-155
-22	143
-146	-59
-93	114
-104	-139
91	-152
-27	-81
-189	-22
81	-176
-80	-32
105	-119
151	-30
68	4
-114	-115
102	147
164	-63
-105	109
144	-27
-159	-53
145	-78
164	-81
-32	68
-148	-128
34	-54
131	96
-119	-129
-106	-169
82	-129
21	-16
141	101
71	-134
52	111
93	149
-113	2
105	-75
96	-142
-81	152
-24	-132
51	96
-33	121
111	-103
-2	-70
24	-165
51	145
58	133
137	-47
130	60
-56	-102
116	34
-91	91
-158	43
-47	149
4	45
29	-19
