700
0 0
-549 -201
-549 125
-548 -183
-548 -100
-544 -303
-535 -528
-534 323
-533 -511
-532 -78
-532 73
-529 163
-528 -328
-526 -309
-525 -406
-522 401
-520 134
-519 -498
-517 384
-516 -160
-513 -123
-510 -268
-509 -364
-509 -66
-505 -50
-504 -143
-504 114
-501 -122
-501 40
-497 467
-496 -363
-496 130
-495 299
-493 77
-492 -503
-492 221
-489 -456
-488 -255
-488 89
-488 324
-487 506
-486 -342
-486 386
-482 -534
-482 -167
-480 74
-480 393
-479 -439
-478 242
-477 228
-476 -303
-475 533
-474 -510
-474 -152
-473 261
-472 484
-467 -234
-466 -8
-466 164
-465 -76
-465 484
-462 14
-457 -280
-455 -433
-453 -240
-451 -88
-451 198
-449 257
-446 -66
-438 -256
-436 -476
-433 -535
-433 176
-431 85
-430 -345
-429 -211
-428 83
-423 26
-423 116
-423 200
-421 -230
-420 -210
-420 -160
-420 -12
-415 -366
-414 -214
-413 342
-411 177
-410 -327
-410 79
-407 -141
-406 -511
-405 260
-405 468
-402 242
-401 -101
-396 412
-393 123
-393 166
-389 -339
-384 -290
-384 243
-382 -191
-382 401
-381 -74
-381 -68
-380 -137
-380 56
-375 -64
-375 487
-373 -110
-373 69
-372 215
-372 407
-371 252
-368 394
-367 233
-364 -35
-364 129
-360 24
-360 523
-358 -274
-357 452
-354 336
-352 218
-351 418
-348 -180
-348 365
-346 253
-342 -84
-340 -19
-339 -483
-330 344
-329 318
-328 -355
-328 -166
-327 -487
-325 -541
-325 -46
-320 -104
-320 41
-320 521
-319 -337
-318 -130
-315 458
-314 -36
-313 -220
-313 -132
-312 -493
-311 278
-309 -281
-308 -18
-304 150
-303 -470
-302 330
-301 -340
-301 -297
-299 99
-296 -549
-296 -520
-296 194
-295 -523
-292 274
-289 -216
-286 196
-283 -539
-283 35
-282 -99
-279 -430
-278 -257
-277 263
-276 18
-275 -85
-274 -471
-274 342
-271 -500
-270 -133
-270 -70
-265 417
-265 425
-263 -462
-263 84
-262 -101
-262 -29
-261 418
-257 122
-255 -179
-248 371
-246 -54
-246 541
-245 -428
-245 -127
-243 -171
-241 340
-240 -189
-240 447
-239 110
-239 390
-237 -309
-234 453
-232 -333
-232 16
-230 -407
-230 9
-229 -57
-229 67
-229 156
-226 -340
-225 132
-222 -492
-222 -59
-220 485
-219 -36
-216 -158
-215 -180
-215 -23
-214 -260
-214 28
-214 450
-213 546
-210 -438
-209 49
-206 177
-204 -41
-203 -251
-203 439
-199 -506
-198 466
-194 32
-194 96
-193 86
-190 298
-188 -287
-187 -143
-186 -81
-184 64
-183 351
-178 378
-177 -161
-175 -144
-173 -38
-172 -26
-171 446
-170 -181
-170 351
-166 32
-160 -380
-157 339
-155 -286
-153 -339
-153 341
-152 486
-151 -395
-145 112
-144 186
-144 318
-139 267
-138 -348
-138 -110
-137 -410
-137 -164
-137 149
-136 78
-136 276
-133 365
-131 -173
-129 275
-128 -433
-128 -421
-128 -273
-128 -194
-127 -438
-127 321
-125 -232
-124 210
-122 -138
-121 401
-120 388
-119 483
-118 414
-115 -307
-115 3
-114 46
-114 466
-113 453
-111 -449
-111 -42
-106 -234
-104 -41
-103 -436
-103 -98
-102 -76
-102 42
-101 -444
-101 428
-100 5
-98 182
-97 -450
-97 -259
-97 -205
-94 -62
-93 -332
-90 -349
-90 151
-90 533
-79 168
-78 170
-77 100
-77 548
-71 -451
-70 -299
-70 331
-66 104
-65 -184
-64 -210
-63 426
-62 -510
-61 97
-59 -1
-58 76
-57 -69
-57 252
-55 -229
-54 -329
-54 -210
-53 -49
-53 316
-52 -60
-50 35
-50 294
-49 -363
-48 -169
-47 18
-43 357
-39 313
-37 68
-35 -5
-33 255
-32 -75
-32 60
-31 504
-28 -330
-27 -465
-27 94
-26 -55
-25 -344
-25 191
-23 99
-21 -235
-19 199
-18 -437
-17 -395
-14 -386
-13 -384
-11 -449
-6 -387
-5 46
0 126
0 198
2 214
3 468
8 -192
10 490
12 101
13 441
15 -547
15 -167
15 480
19 -465
19 -203
23 -346
24 -99
26 2
30 289
32 482
36 -339
37 323
39 -451
41 535
43 -121
43 -10
44 -197
47 246
49 197
50 -173
51 206
52 -379
54 177
58 -530
58 -154
59 532
63 210
64 487
65 277
66 -469
66 -85
66 256
66 546
70 100
72 51
73 -30
74 55
75 -149
77 -228
78 105
81 -47
82 -368
83 -393
87 -53
90 -44
92 -359
92 154
94 -156
99 258
101 -452
101 -329
106 -400
107 -334
107 376
109 -351
113 -442
113 202
114 -14
115 391
119 -177
120 540
124 273
124 444
125 -29
125 195
126 207
127 -441
127 403
128 -36
129 124
132 125
136 163
138 302
138 428
139 -80
139 82
140 -155
140 239
142 218
143 -439
144 -483
146 93
147 -399
150 488
151 519
152 -33
152 536
153 -417
154 -298
156 -406
156 -371
157 -353
158 378
159 -362
163 474
165 -216
169 170
170 548
173 -460
173 -389
176 246
176 477
177 -492
178 -340
179 280
179 537
185 -523
186 336
187 -212
188 365
189 -382
191 -463
192 -223
193 -180
195 358
196 184
197 -319
200 60
202 180
206 -272
206 300
209 -85
209 540
214 12
219 -168
224 306
224 368
225 -428
226 -30
227 -494
227 67
228 530
231 -211
232 -393
232 69
235 -89
236 -87
240 -273
241 -103
243 -260
243 296
244 -417
245 -55
246 -492
246 246
248 -181
251 236
252 -106
253 407
258 63
261 472
261 522
268 268
269 -100
271 -237
271 198
273 -354
273 -161
276 -542
278 -474
279 -303
279 192
281 -175
282 177
285 70
285 444
287 -105
292 -466
299 538
300 281
302 -26
304 459
308 23
308 130
309 547
314 24
314 533
317 -462
319 430
322 -196
324 -493
327 91
330 -454
332 -454
332 -297
337 -375
337 -94
337 54
337 195
342 205
344 -550
345 434
346 -139
346 515
349 -387
349 -334
352 291
352 369
353 111
353 396
354 14
355 42
356 -405
357 -66
360 134
363 -197
364 480
366 53
369 468
371 190
375 483
377 -101
378 93
379 272
381 -433
381 -342
381 -88
382 185
385 -433
385 -185
387 -113
389 -55
389 37
391 -492
391 314
396 548
398 348
400 187
401 -432
403 145
404 -58
406 294
407 -502
408 397
409 111
410 -49
410 252
410 259
411 -512
411 -496
416 310
418 -62
419 -28
419 148
421 -99
421 415
426 -359
426 499
429 -266
429 452
430 118
436 -505
436 458
437 -405
437 191
437 308
438 -515
439 -470
441 -190
442 207
445 -31
451 150
456 -319
457 -404
457 -267
458 -123
458 284
459 89
459 377
460 -300
461 -547
462 168
463 496
471 185
472 233
473 -102
475 -260
476 -357
476 501
477 -394
478 -92
481 -419
481 282
482 179
483 -484
485 239
486 144
488 -29
488 -11
488 196
488 459
490 -519
490 -219
490 55
494 -50
496 -479
497 -13
497 27
498 110
499 420
500 151
503 -437
505 -155
507 195
507 419
510 -339
511 -514
511 106
513 -476
513 -92
513 465
514 -520
515 25
517 -257
518 37
519 103
521 142
523 -479
526 -40
526 -31
527 -515
527 -378
528 -245
528 241
529 -57
531 246
533 -353
536 68
536 338
537 -189
537 405
538 114
540 104
546 48
547 504
548 17
