700
0 0
-547 -390
-538 38
-538 198
-537 -298
-536 -419
-534 -285
-533 -431
-532 322
-531 50
-530 -41
-529 -464
-528 -206
-527 -451
-527 -237
-520 38
-520 301
-519 138
-518 -146
-517 387
-516 322
-515 -304
-515 -18
-515 470
-511 469
-505 -437
-505 -434
-505 -327
-504 520
-503 -113
-499 -172
-499 71
-499 443
-499 452
-497 -138
-494 288
-490 -328
-489 128
-489 168
-486 -175
-486 454
-485 206
-484 -29
-484 446
-483 325
-481 452
-480 436
-478 5
-476 130
-475 -266
-473 480
-473 536
-472 -237
-471 -331
-471 -64
-471 252
-470 -212
-469 -188
-469 103
-469 208
-468 -27
-468 -5
-467 -207
-465 530
-464 87
-464 524
-461 235
-460 534
-456 87
-456 420
-452 481
-451 -435
-449 -369
-448 380
-446 288
-442 -344
-439 258
-438 -140
-438 170
-438 400
-436 -356
-435 483
-433 3
-432 129
-430 -133
-430 476
-428 330
-427 166
-423 -456
-420 195
-419 -329
-419 -283
-418 -544
-415 -498
-415 316
-414 -362
-412 70
-411 327
-411 382
-410 229
-410 252
-408 -98
-407 -426
-407 289
-406 9
-405 -57
-405 -27
-405 202
-403 305
-395 473
-394 370
-393 371
-391 -156
-389 -272
-389 329
-388 -218
-386 -383
-386 442
-385 321
-384 24
-384 245
-383 -377
-383 -315
-383 -240
-383 -134
-374 -218
-374 -8
-373 340
-373 509
-372 489
-371 415
-370 225
-368 -411
-368 -202
-366 -392
-366 -280
-366 13
-361 -531
-361 81
-360 -247
-359 -21
-358 402
-357 -56
-356 -446
-355 530
-354 -493
-354 62
-348 520
-347 40
-345 88
-344 -195
-340 131
-338 -256
-338 219
-337 -148
-336 -86
-335 415
-332 138
-332 439
-330 58
-328 22
-328 124
-326 278
-324 253
-322 247
-319 -438
-319 -253
-318 -370
-318 -126
-316 203
-315 281
-314 -118
-309 446
-307 -461
-307 -430
-307 -142
-306 -523
-306 345
-306 496
-303 203
-296 316
-296 392
-295 -130
-295 -69
-293 -494
-292 -377
-291 -401
-289 489
-288 -478
-288 -26
-285 396
-284 -393
-283 -41
-283 -33
-283 -6
-283 326
-281 -82
-281 -10
-279 -378
-276 -74
-276 237
-274 -139
-273 -94
-272 27
-271 124
-270 89
-270 124
-264 -136
-263 -351
-262 -226
-260 -350
-260 196
-254 -161
-252 112
-248 67
-247 -62
-247 31
-247 156
-246 -403
-243 -309
-242 -211
-240 -71
-239 -57
-237 -126
-236 80
-235 -88
-234 542
-233 -521
-230 -163
-229 -468
-226 -273
-226 139
-224 -312
-224 126
-222 4
-222 80
-221 -211
-221 290
-220 346
-219 -274
-219 175
-217 127
-212 -115
-211 266
-208 -452
-207 38
-206 -302
-198 -213
-198 -85
-197 -389
-197 446
-196 346
-195 -294
-192 -89
-191 -475
-191 495
-191 533
-189 -386
-189 34
-187 -221
-187 43
-186 370
-185 -241
-184 -421
-184 192
-182 -331
-181 494
-179 7
-174 507
-173 -485
-173 16
-173 217
-171 286
-171 316
-167 -483
-166 74
-165 364
-162 -194
-160 -512
-159 521
-158 133
-157 394
-155 -480
-154 331
-153 -323
-152 549
-149 -79
-149 9
-148 424
-147 14
-147 288
-146 -40
-144 -517
-143 298
-140 -340
-138 435
-137 155
-132 243
-130 89
-129 223
-129 246
-126 375
-125 87
-120 -432
-120 -274
-116 547
-115 388
-113 -216
-109 -392
-109 -238
-107 -86
-106 -278
-106 144
-104 254
-100 434
-99 -416
-97 2
-95 -6
-94 531
-91 -233
-91 33
-89 340
-88 -3
-86 431
-82 -63
-81 472
-79 -338
-78 280
-77 -24
-72 344
-72 500
-71 -504
-70 33
-69 110
-69 476
-67 308
-64 41
-63 -460
-61 170
-60 -280
-60 298
-59 -207
-58 -427
-52 41
-47 -35
-46 -252
-44 333
-42 456
-39 196
-31 -531
-28 18
-27 -294
-27 -247
-27 228
-24 -215
-22 -427
-19 -31
-17 458
-16 311
-15 203
-13 368
-13 438
-11 36
-9 -41
-3 -100
-1 -522
2 55
7 -465
10 498
13 -483
13 -392
13 -109
14 -274
17 65
23 -111
25 -331
27 -250
27 121
28 -519
29 -172
29 68
29 185
33 -453
36 -63
37 -146
37 -22
40 -209
40 -185
43 -475
43 426
44 -356
44 233
45 -150
45 442
50 71
50 414
51 -284
54 157
55 -315
55 171
55 310
57 -251
58 -303
59 -498
59 106
60 -163
62 219
64 -287
64 -162
64 -147
66 121
67 -500
68 339
69 -71
71 -136
72 98
74 -396
77 -492
80 -286
81 -374
81 -145
85 -98
91 -73
92 533
94 -431
98 -159
98 8
100 177
101 299
102 6
103 51
103 382
104 -421
105 -105
105 41
106 -12
108 211
108 530
110 479
112 -256
112 -177
117 -230
117 126
118 226
120 1
121 14
122 534
123 -327
125 266
126 206
130 322
132 3
132 390
135 -359
135 23
138 327
139 -289
141 -364
141 212
144 -221
144 198
145 -489
146 -441
148 -118
149 -498
149 -185
149 295
151 -47
154 249
154 291
155 425
157 496
158 404
163 -323
163 416
166 185
167 -459
167 -388
171 157
171 253
172 -433
175 -200
176 169
182 504
183 285
185 -117
188 -358
190 -239
192 367
193 85
193 439
195 -222
195 -73
202 -32
202 492
204 -471
204 -272
205 -232
208 145
208 195
209 -207
213 467
219 185
220 -366
221 100
223 54
223 198
223 454
225 87
225 335
225 546
229 -164
232 133
239 457
240 -230
241 -347
241 -22
244 153
247 341
247 419
252 -424
254 86
255 355
257 475
259 98
262 -504
262 -91
271 -401
272 -454
273 -20
277 -92
281 287
282 -377
282 -77
282 256
283 -50
284 408
286 457
288 -83
291 458
294 -144
295 -46
295 326
297 233
298 414
299 448
302 475
303 -90
304 102
308 210
309 -370
310 -36
310 -8
313 -321
314 -189
315 -86
319 -196
321 122
322 178
324 -355
324 469
325 -227
325 -135
329 76
331 441
333 357
339 -151
342 454
343 -539
345 493
351 -412
353 206
354 -519
354 148
355 -36
355 15
358 138
358 397
360 -374
360 369
361 126
363 -90
364 -127
365 -16
367 -263
367 34
368 312
369 212
370 -522
372 166
375 -523
375 170
376 -354
377 271
378 -270
381 -494
382 -374
383 -451
392 -14
393 400
395 74
397 534
400 78
401 259
402 -249
403 116
403 481
404 40
404 240
406 193
409 -543
409 -389
411 -132
411 373
416 -437
416 -232
417 -466
419 314
420 -243
421 -241
421 241
423 175
423 492
427 480
429 5
430 -465
431 -539
433 233
434 -419
435 -490
436 40
438 10
439 228
441 -121
443 -355
445 -223
445 40
449 59
450 202
453 -550
453 97
453 240
455 179
456 -85
459 128
459 391
460 276
462 -389
462 436
467 -3
468 466
469 -458
470 480
473 43
474 -544
474 32
477 -177
478 -26
479 -147
480 56
481 -274
482 203
483 397
485 128
485 356
488 -69
488 525
489 -503
496 -430
496 283
500 -488
506 432
507 -50
507 98
509 476
511 297
514 171
517 -315
518 -153
520 -67
523 -429
523 417
523 503
524 295
525 -194
528 -333
529 87
530 -127
533 207
534 -235
535 -219
536 -301
536 52
537 -1
543 -97
546 -310
546 -30
548 -536
548 65
548 203
549 360
