500
0 0
-450 -121
-450 -56
-450 -9
-449 -340
-447 -397
-444 311
-440 -134
-437 108
-435 170
-433 -386
-431 60
-430 -119
-428 -449
-427 132
-427 344
-425 21
-421 -205
-418 47
-418 178
-418 296
-416 316
-415 -43
-414 -133
-414 -62
-411 305
-408 -6
-407 64
-407 266
-406 -390
-406 -292
-406 121
-406 260
-405 313
-404 -219
-403 -388
-403 116
-401 -61
-398 226
-397 -294
-392 155
-383 -7
-383 390
-382 -61
-377 8
-374 256
-372 9
-370 -159
-368 -315
-367 -205
-367 42
-364 222
-363 -407
-363 -283
-362 -448
-361 -78
-359 272
-357 -290
-356 255
-355 372
-353 -164
-352 -280
-350 -66
-348 3
-343 -331
-343 -92
-343 -57
-339 -282
-338 -327
-338 167
-338 259
-337 184
-336 251
-334 407
-333 -424
-333 -185
-330 181
-330 216
-329 365
-321 -91
-318 107
-318 449
-314 150
-313 28
-312 216
-310 -131
-310 -16
-306 -220
-306 115
-303 -144
-302 -157
-301 -406
-300 426
-299 -426
-295 -309
-295 102
-294 -73
-291 -225
-285 440
-278 -380
-273 373
-270 146
-269 131
-267 -190
-265 -202
-262 186
-260 -173
-257 -264
-254 -234
-253 -393
-251 -80
-251 107
-251 234
-250 -100
-247 -70
-243 -36
-240 255
-238 -76
-238 187
-234 343
-231 -394
-231 -340
-230 -190
-227 88
-226 303
-223 -225
-223 37
-218 -222
-218 21
-218 222
-214 -265
-212 337
-209 384
-206 -296
-202 -189
-201 -214
-200 66
-199 -257
-198 -255
-198 170
-194 -280
-194 31
-194 149
-192 -178
-188 -80
-185 192
-185 370
-184 -63
-180 126
-179 -11
-178 101
-175 170
-171 -370
-171 -126
-170 -292
-168 377
-167 260
-165 -336
-165 12
-162 225
-160 261
-157 -153
-157 62
-155 -117
-153 304
-151 52
-150 438
-148 -386
-148 -362
-148 172
-147 -428
-145 -306
-144 385
-138 -430
-135 79
-133 -106
-132 259
-131 351
-127 312
-125 -139
-125 227
-122 -10
-121 267
-117 -296
-112 421
-111 -44
-106 309
-104 361
-103 -196
-100 -406
-100 -299
-100 216
-98 -393
-95 37
-95 425
-93 -201
-92 -353
-89 305
-88 287
-87 83
-87 296
-84 -254
-84 -158
-84 87
-83 12
-82 221
-79 9
-79 435
-77 -419
-77 -193
-77 -101
-77 248
-74 -431
-71 118
-70 -390
-68 -164
-63 -367
-62 340
-56 182
-55 -315
-55 -38
-55 168
-50 -160
-43 371
-42 -207
-41 -203
-41 -53
-41 403
-39 199
-38 -276
-36 -414
-36 -278
-35 441
-34 -196
-33 -49
-32 150
-30 176
-30 349
-26 129
-24 14
-23 -440
-21 -431
-21 -213
-20 -305
-20 334
-16 -126
-13 272
-10 -216
-8 5
-7 349
-4 -2
1 -88
2 -228
2 -89
3 230
4 -192
4 195
6 444
12 239
13 274
16 -326
16 -59
18 446
22 -257
22 330
24 82
25 -256
26 140
29 -104
30 15
33 -160
33 77
34 228
35 -214
40 -90
40 219
48 -314
48 417
54 -318
55 -57
58 -332
61 -153
62 -272
64 -92
65 142
68 -92
70 116
71 -50
71 66
73 402
75 365
76 -402
77 276
81 438
82 -280
83 368
84 -284
84 85
86 181
87 104
87 221
88 445
90 -199
91 -285
93 -102
94 143
98 -420
98 -76
100 -149
104 301
107 441
108 181
110 201
111 258
119 -383
121 293
122 385
123 1
125 437
127 291
130 -83
131 182
132 -334
133 370
134 -202
140 342
141 10
143 -131
144 -200
145 17
148 -277
148 351
149 -379
150 -274
152 206
153 295
154 -207
155 284
156 39
162 -86
163 295
165 284
170 -269
172 -334
173 211
176 105
179 -386
185 -266
185 143
189 -317
192 261
193 128
195 -71
196 -419
196 206
203 -438
203 258
204 -50
204 10
204 209
207 -172
207 -7
209 17
214 268
217 -91
218 99
220 -217
220 229
220 333
222 -331
224 -46
225 244
227 265
230 84
231 200
235 -399
235 -340
235 381
236 326
237 247
238 62
240 179
248 -336
249 -164
249 1
250 152
250 238
252 -417
253 -232
253 324
261 -427
262 91
263 448
264 -50
266 288
267 75
267 317
269 162
270 432
274 408
275 -211
276 51
277 -55
277 76
279 -445
281 428
281 446
285 -274
286 -380
286 300
291 -346
292 376
296 -205
296 -201
298 261
301 -170
301 -117
306 422
310 147
317 136
322 -235
322 -204
323 -374
324 -69
326 -279
327 -2
327 1
330 -58
330 394
335 -46
341 -387
341 -194
342 -29
343 -366
343 -233
344 394
345 -131
345 148
347 185
348 315
355 345
355 420
357 130
361 -205
361 436
364 -258
364 325
366 -449
369 334
370 257
371 205
381 290
383 -220
384 202
388 -448
390 -285
391 -131
393 107
396 -21
398 169
400 -208
405 446
405 449
406 28
408 213
409 208
410 -36
410 127
414 -118
414 -71
415 140
417 350
418 203
419 -352
420 -298
422 427
423 145
424 -163
424 145
425 122
425 323
426 303
428 -69
430 -233
430 -69
430 -53
434 311
435 166
438 -403
438 -172
438 293
439 56
440 -257
442 -82
442 319
443 226
443 356
444 -356
444 -119
444 18
446 -221
