500
0 0
-450 -222
-446 -411
-445 -261
-443 -439
-439 319
-437 64
-436 33
-433 391
-431 226
-427 -87
-422 -275
-422 419
-421 367
-420 -389
-419 -94
-418 372
-417 -72
-416 1
-412 155
-412 298
-409 -251
-409 -37
-405 70
-404 -262
-403 -317
-403 384
-400 211
-399 -92
-399 47
-397 116
-391 -185
-390 -111
-389 79
-389 344
-388 199
-387 206
-386 -183
-386 39
-383 255
-376 -363
-376 377
-375 -57
-375 -12
-373 -285
-373 -26
-370 -244
-363 -326
-362 188
-360 121
-358 -127
-358 227
-358 425
-356 -201
-355 -317
-353 442
-350 -47
-347 -237
-347 129
-346 -204
-343 191
-343 221
-340 157
-340 256
-335 243
-332 -335
-332 285
-326 -287
-326 -188
-326 358
-323 60
-323 445
-320 -282
-320 -34
-319 100
-317 -54
-315 -364
-310 -119
-310 -101
-308 188
-305 -180
-303 325
-302 110
-298 44
-297 -395
-296 -365
-296 359
-295 -398
-292 139
-290 -309
-290 10
-287 -146
-286 -306
-279 -318
-278 -310
-277 -238
-273 -178
-271 -312
-271 417
-269 -218
-266 -223
-261 -79
-259 -135
-259 339
-256 -127
-255 -338
-250 -216
-250 -143
-244 -257
-244 132
-242 402
-241 -339
-236 -425
-235 -191
-234 -225
-234 286
-231 -222
-230 138
-230 428
-229 -278
-229 -114
-229 338
-223 -83
-222 296
-219 -1
-219 97
-219 279
-217 -378
-216 -181
-210 89
-207 327
-206 422
-204 -225
-202 -185
-201 47
-200 -415
-200 -168
-198 27
-198 200
-197 216
-196 -116
-194 111
-194 307
-191 -250
-190 120
-186 -215
-186 442
-184 -382
-184 79
-177 -271
-176 237
-172 -2
-168 -421
-167 388
-165 354
-164 -390
-164 306
-163 403
-162 -186
-158 398
-156 -122
-155 169
-154 -401
-154 3
-151 -339
-150 268
-149 304
-146 352
-144 307
-142 -282
-141 -326
-137 -206
-137 431
-136 384
-136 447
-134 -398
-134 -155
-130 -371
-130 15
-126 297
-122 -443
-120 100
-120 429
-118 -227
-117 -119
-115 -330
-114 -49
-113 274
-111 336
-110 28
-109 355
-101 -377
-95 46
-94 36
-90 -8
-90 360
-88 135
-86 -57
-86 393
-85 -183
-85 -126
-82 -44
-80 133
-79 -411
-75 -211
-73 414
-72 -58
-69 270
-64 262
-61 314
-61 327
-59 159
-58 -94
-56 169
-56 260
-51 -356
-51 115
-50 40
-47 50
-46 -219
-45 286
-44 302
-42 290
-41 -233
-37 -127
-36 -198
-36 426
-35 64
-34 -441
-34 -364
-31 -309
-28 -296
-25 -339
-24 360
-21 38
-18 372
-17 -178
-17 371
-13 -397
-13 -272
-9 -247
-8 -54
-8 439
-5 -146
-2 -145
1 61
3 -260
3 23
6 225
6 433
7 -179
7 178
7 390
10 383
11 304
12 443
13 376
16 -9
17 -154
18 -147
19 -351
19 -8
21 -113
23 -203
24 -244
26 -32
28 -441
30 252
31 93
31 300
32 438
39 119
40 -437
41 377
43 422
44 -51
44 -21
49 -170
51 3
53 -17
59 -426
63 6
64 31
64 254
65 112
69 45
71 39
72 404
73 -398
77 -417
77 -379
78 92
78 405
79 -80
79 336
80 232
82 -412
82 210
85 -157
86 -449
88 384
94 -331
95 173
96 -398
97 363
102 84
102 182
104 -163
105 -442
105 174
106 269
108 -121
108 347
110 -155
110 317
111 -154
111 270
117 -332
119 72
120 105
125 -429
126 -157
128 181
128 269
129 14
133 -72
134 356
135 211
136 275
145 46
145 413
146 -207
146 79
147 -129
148 -374
150 -104
151 331
153 -254
156 251
157 -408
158 26
161 352
161 356
164 -341
166 25
170 32
172 -207
173 -384
175 380
180 143
186 -307
186 13
186 59
186 394
190 312
193 358
195 -314
197 8
197 173
200 127
202 -113
206 -277
206 -142
207 435
209 354
210 259
212 75
214 382
218 153
220 -134
220 221
223 142
223 343
227 -110
227 -77
227 391
231 158
232 381
233 153
234 423
235 -293
235 292
237 -109
238 -262
239 -104
241 253
241 369
245 195
250 -426
251 -140
251 155
252 446
253 -322
255 -287
260 313
261 -432
261 -60
262 427
269 -199
271 -11
273 -438
277 -246
277 -131
285 -442
285 428
286 373
287 411
290 -38
290 93
291 32
292 -412
295 352
296 400
301 -142
307 -422
307 182
312 130
317 -302
317 33
318 329
318 349
319 -325
320 48
321 -389
321 -263
322 -79
328 -27
329 -265
329 356
332 353
333 -363
335 -221
336 395
339 -376
339 420
346 -442
347 -100
348 52
350 360
352 70
355 27
359 309
362 -54
362 361
363 -156
363 10
364 265
365 250
368 -43
369 -29
374 -190
374 28
374 165
375 -240
376 -431
376 -17
376 8
377 214
380 -249
383 -431
384 -56
385 143
387 222
388 126
392 325
393 -16
394 -125
394 -4
397 -346
397 -135
398 159
399 -402
401 -99
401 29
404 65
405 357
407 -435
407 -382
407 284
408 160
408 327
409 282
410 250
416 428
417 301
418 408
421 -174
421 -87
421 56
423 -262
425 64
426 -75
427 -196
427 260
428 -7
429 -347
430 23
436 6
443 370
447 186
448 -339
