300
0 0
-200 5
-199 -116
-199 25
-198 189
-197 -143
-196 -143
-196 -67
-196 105
-194 -136
-191 192
-189 55
-188 134
-186 178
-185 -99
-184 139
-182 145
-180 -38
-179 -169
-175 -168
-173 -45
-171 -34
-170 36
-169 69
-169 103
-167 -151
-166 -116
-163 -149
-162 -126
-162 47
-162 49
-162 103
-160 -123
-159 -135
-159 79
-159 157
-158 -177
-155 -3
-153 -153
-153 -63
-153 121
-152 165
-151 32
-151 140
-150 -123
-148 -62
-147 56
-147 161
-146 -4
-144 2
-143 162
-142 -108
-142 159
-140 -41
-139 50
-137 -153
-136 -116
-136 -4
-135 22
-133 -186
-133 -116
-129 -41
-129 138
-127 -88
-127 102
-125 60
-124 49
-123 178
-122 -111
-119 -144
-119 -34
-119 -25
-119 178
-116 22
-115 -178
-115 73
-114 69
-112 188
-111 82
-107 -52
-106 170
-103 96
-102 -32
-99 95
-98 -49
-98 -47
-97 149
-95 133
-92 129
-92 182
-88 142
-87 -138
-86 -72
-86 -45
-85 128
-84 64
-81 -5
-80 -63
-79 -96
-79 60
-78 147
-78 180
-77 -104
-76 25
-75 -199
-75 -31
-74 -55
-73 -166
-71 -185
-70 -60
-65 -114
-62 197
-61 -9
-57 -175
-57 179
-56 -82
-56 171
-55 151
-54 -148
-54 -76
-54 169
-52 -113
-52 59
-51 -147
-51 -114
-51 -2
-45 70
-43 -198
-43 -17
-43 -16
-43 190
-42 -157
-36 126
-34 -142
-33 -38
-32 -34
-30 7
-29 24
-26 120
-24 -177
-23 -88
-21 -38
-19 -80
-17 -164
-17 7
-16 -123
-15 -182
-15 85
-14 197
-11 -49
-7 -173
-6 -62
-5 91
-4 124
-3 -22
-2 -42
2 29
4 -19
5 -120
5 -54
6 -33
6 55
7 69
8 11
9 44
12 64
14 -2
16 -198
17 -49
19 -166
20 -123
22 140
27 -141
27 65
27 81
28 63
28 160
29 -158
32 -121
33 192
35 -164
36 -106
36 143
37 -143
38 2
39 -171
40 -24
41 112
45 -186
46 189
48 38
50 150
51 -172
53 36
58 -114
59 -11
60 177
61 186
62 66
66 -58
70 -62
73 -175
73 144
75 188
79 -96
79 137
80 164
84 10
84 146
89 -182
89 -58
89 178
91 143
92 -70
93 -10
93 16
94 80
96 -78
98 -97
98 129
100 86
100 139
103 -149
104 -166
105 -180
106 -90
108 -60
108 112
111 -80
112 -145
113 -70
116 109
116 142
119 -84
119 87
120 -195
120 44
121 50
123 67
124 -161
124 123
124 155
125 -75
127 -174
127 -32
127 165
128 -154
129 181
130 -173
130 105
131 174
132 137
132 153
133 -200
135 -28
136 -29
139 145
142 -66
142 -1
145 121
145 164
146 8
146 24
147 100
154 -174
155 24
155 65
155 168
157 -102
160 -74
161 -125
161 69
162 -168
162 -27
162 70
164 137
166 -119
167 20
169 53
170 95
171 -69
173 116
174 123
175 28
176 -196
177 10
179 179
180 40
180 97
182 -96
184 -178
184 -130
185 -174
185 -42
188 -58
189 51
190 -39
192 36
193 102
195 92
198 -77
