200
0 0
-200 -104
-199 11
-198 145
-194 -174
-193 -90
-189 137
-188 -97
-187 34
-187 166
-186 -87
-185 -140
-184 -17
-180 -13
-176 118
-175 11
-172 -92
-160 170
-153 -47
-151 -137
-150 -65
-149 8
-146 -3
-145 -160
-143 -35
-142 -183
-141 -52
-138 -136
-138 138
-137 -178
-135 154
-133 -51
-131 68
-130 11
-130 103
-130 197
-129 -64
-121 -180
-121 16
-119 -164
-118 -183
-118 -141
-111 115
-108 156
-107 -71
-106 70
-105 -175
-101 99
-99 -154
-99 167
-98 29
-96 17
-94 -18
-91 -143
-91 -27
-91 129
-90 -89
-86 63
-85 189
-84 60
-81 -168
-81 179
-78 93
-76 76
-73 153
-71 -148
-69 -67
-65 -118
-60 -62
-55 157
-47 -173
-46 -132
-46 78
-46 82
-45 -123
-45 62
-43 168
-41 85
-41 157
-36 26
-36 46
-31 -114
-28 -63
-26 -63
-21 -187
-21 -136
-21 4
-19 -158
-19 -52
-18 77
-16 -45
-14 -56
-12 -88
-11 -178
-11 -153
-9 109
-8 90
-7 -170
-4 141
-3 -175
-1 73
0 184
4 -114
6 -48
9 -163
12 -36
12 199
15 -77
18 62
19 59
25 112
27 2
28 78
32 197
33 84
39 -49
40 67
41 64
42 47
43 105
45 -188
46 56
47 118
48 -182
48 -145
53 -111
54 -1
56 14
58 -106
59 42
63 45
67 -29
72 -147
72 153
74 -49
74 163
76 -159
79 -96
82 96
84 -49
88 83
90 -36
92 -5
93 -27
93 118
95 -199
95 187
102 -107
104 155
105 69
106 -197
109 -76
109 -49
111 28
111 50
113 -77
113 -36
116 -196
123 10
126 159
127 143
128 -146
129 127
131 165
136 -28
140 107
141 -25
143 54
143 113
150 -50
150 31
152 -151
153 -163
153 -13
157 -131
157 188
160 -179
161 -38
162 8
162 37
163 -126
164 198
165 -163
165 68
166 67
168 166
170 181
179 45
179 180
181 -157
181 163
182 -93
185 -117
186 -66
187 -54
191 -166
191 -142
192 -158
193 -114
197 131
198 -181
