300
1 0 0
2 53 1
3 39 1
4 42 1
5 52 1
6 39 1
7 53 1
8 39 3
9 53 1
10 33 1
11 7 1
12 39 1
13 59 1
14 57 4
15 41 1
16 42 1
17 56 1
18 28 1
19 72 1
20 53 1
21 48 1
22 13 1
23 41 1
24 53 1
25 28 1
26 7 1
27 53 1
28 60 1
29 79 4
30 28 1
31 53 1
32 39 1
33 56 1
34 79 2
35 39 1
36 57 1
37 13 1
38 79 1
39 41 1
40 79 10
41 56 1
42 84 5
43 70 3
44 13 1
45 41 1
46 53 1
47 39 1
48 72 1
49 84 2
50 78 1
51 72 1
52 79 1
53 70 2
54 84 9
55 79 1
56 79 2
57 86 4
58 84 10
59 72 1
60 97 2
61 57 2
62 79 1
63 66 1
64 79 1
65 84 1
66 55 1
67 79 2
68 97 1
69 97 1
70 79 1
71 105 9
72 70 1
73 91 7
74 84 1
75 79 1
76 79 1
77 84 1
78 79 1
79 86 3
80 0 33
81 70 1
82 79 1
83 84 1
84 72 1
85 0 32
86 72 1
87 0 9
88 122 1
89 86 1
90 57 1
91 0 1
92 0 8
93 70 1
94 97 1
95 57 1
96 78 1
97 79 1
98 135 13
99 79 1
100 97 1
101 0 1
102 97 1
103 97 1
104 0 1
105 97 2
106 0 15
107 0 1
108 0 3
109 0 1
110 84 1
111 0 1
112 104 1
113 122 1
114 121 1
115 149 4
116 107 1
117 149 1
118 0 1
119 0 1
120 131 1
121 125 1
122 149 2
123 143 6
124 122 1
125 0 1
126 0 16
127 0 1
128 114 1
129 0 1
130 143 2
131 0 1
132 105 2
133 97 1
134 0 5
135 114 1
136 0 22
137 0 1
138 122 1
139 0 1
140 0 1
141 97 1
142 107 1
143 0 3
144 0 24
145 0 1
146 0 1
147 0 1
148 0 6
149 0 2
150 0 26
151 173 1
152 0 2
153 0 1
154 0 1
155 0 5
156 114 1
157 105 1
158 125 7
159 125 1
160 122 1
161 0 11
162 105 1
163 105 1
164 0 5
165 0 7
166 0 11
167 125 1
168 129 1
169 135 6
170 149 8
171 0 1
172 125 1
173 147 1
174 143 5
175 125 2
176 135 2
177 0 2
178 173 1
179 143 2
180 125 1
181 133 2
182 149 2
183 185 1
184 133 1
185 0 1
186 149 8
187 0 2
188 169 2
189 147 1
190 125 1
191 157 1
192 165 1
193 157 3
194 200 1
195 133 1
196 147 1
197 0 25
198 147 1
199 0 2
200 157 2
201 160 6
202 0 1
203 143 8
204 168 1
205 142 2
206 147 1
207 185 1
208 169 1
209 200 2
210 196 3
211 169 1
212 160 1
213 168 1
214 148 1
215 154 2
216 151 1
217 165 5
218 168 1
219 196 9
220 154 2
221 168 1
222 160 1
223 169 2
224 173 1
225 164 2
226 185 1
227 173 1
228 164 1
229 165 1
230 185 1
231 202 3
232 163 4
233 160 2
234 165 1
235 165 2
236 164 3
237 168 1
238 169 1
239 200 1
240 180 1
241 176 1
242 202 2
243 185 1
244 196 7
245 185 1
246 175 1
247 174 1
248 218 5
249 178 1
250 198 1
251 181 1
252 202 1
253 185 1
254 196 3
255 218 1
256 202 1
257 196 2
258 187 1
259 200 1
260 247 1
261 186 1
262 192 1
263 192 1
264 243 1
265 199 1
266 216 1
267 247 1
268 209 1
269 204 1
270 243 1
271 209 1
272 218 1
273 243 1
274 231 1
275 247 1
276 208 1
277 243 1
278 214 1
279 230 1
280 231 1
281 222 1
282 216 1
283 216 1
284 219 1
285 216 1
286 256 1
287 218 1
288 230 1
289 231 1
290 224 1
291 235 1
292 247 1
293 243 1
294 232 1
295 235 1
296 253 1
297 234 1
298 243 1
299 241 1
300 253 1
