300
1 0 0
2 5 1
3 26 1
4 38 1
5 21 1
6 45 2
7 41 1
8 51 1
9 45 1
10 55 1
11 44 1
12 51 1
13 45 1
14 51 1
15 36 1
16 55 1
17 42 1
18 56 2
19 44 1
20 64 1
21 55 1
22 69 3
23 72 1
24 17 1
25 38 1
26 45 1
27 42 2
28 42 1
29 45 1
30 57 1
31 41 1
32 44 1
33 46 1
34 51 1
35 55 1
36 46 1
37 77 2
38 21 1
39 72 3
40 72 1
41 57 1
42 85 3
43 85 5
44 85 1
45 72 4
46 94 7
47 85 3
48 85 1
49 73 1
50 85 1
51 85 1
52 88 6
53 72 1
54 95 2
55 51 1
56 88 5
57 88 3
58 101 3
59 74 1
60 85 1
61 69 1
62 53 1
63 94 1
64 72 1
65 105 2
66 69 1
67 75 1
68 101 1
69 119 1
70 112 8
71 85 1
72 93 1
73 113 12
74 96 2
75 105 2
76 100 2
77 111 1
78 96 5
79 85 1
80 96 1
81 77 1
82 85 1
83 88 1
84 93 1
85 120 1
86 0 20
87 96 1
88 69 1
89 0 17
90 0 2
91 96 1
92 0 1
93 101 1
94 112 4
95 0 9
96 0 3
97 0 13
98 0 1
99 69 1
100 0 1
101 105 5
102 112 8
103 105 1
104 101 1
105 77 1
106 0 19
107 100 1
108 101 1
109 112 3
110 112 1
111 88 1
112 105 6
113 0 35
114 0 13
115 0 1
116 112 1
117 0 1
118 0 6
119 0 4
120 155 2
121 112 7
122 0 1
123 93 1
124 89 1
125 0 1
126 0 2
127 0 1
128 0 2
129 112 1
130 96 1
131 96 1
132 155 1
133 111 1
134 0 3
135 120 1
136 117 5
137 0 1
138 0 3
139 105 1
140 133 1
141 0 4
142 0 2
143 0 2
144 0 13
145 108 1
146 112 1
147 0 17
148 0 8
149 100 1
150 159 3
151 135 1
152 118 3
153 105 1
154 120 1
155 146 1
156 159 10
157 0 29
158 120 1
159 146 5
160 0 39
161 0 2
162 108 1
163 172 1
164 120 1
165 111 1
166 140 1
167 111 1
168 0 1
169 155 1
170 125 1
171 120 1
172 135 1
173 159 11
174 111 1
175 0 20
176 156 7
177 146 3
178 0 1
179 155 1
180 0 1
181 135 1
182 156 8
183 175 1
184 151 1
185 133 1
186 224 1
187 146 4
188 127 1
189 149 2
190 140 2
191 137 2
192 135 1
193 156 7
194 172 1
195 143 11
196 146 3
197 143 1
198 181 1
199 142 1
200 151 1
201 181 2
202 155 4
203 156 2
204 147 1
205 141 1
206 172 3
207 189 1
208 159 8
209 181 1
210 174 7
211 194 3
212 181 1
213 147 6
214 156 3
215 235 1
216 194 1
217 158 1
218 159 3
219 160 1
220 156 1
221 175 1
222 159 3
223 175 1
224 175 2
225 174 6
226 181 1
227 158 3
228 175 1
229 181 1
230 186 2
231 172 1
232 176 1
233 176 1
234 172 1
235 172 1
236 172 2
237 174 4
238 174 2
239 207 2
240 194 1
241 192 1
242 194 1
243 224 1
244 195 1
245 212 1
246 186 1
247 205 1
248 188 1
249 194 1
250 207 1
251 194 1
252 192 1
253 224 1
254 209 2
255 212 1
256 192 1
257 190 1
258 207 2
259 192 1
260 217 1
261 201 1
262 195 1
263 209 1
264 205 1
265 192 2
266 209 1
267 212 1
268 194 2
269 202 1
270 207 1
271 221 1
272 212 1
273 200 1
274 201 1
275 238 1
276 201 1
277 212 1
278 207 1
279 210 1
280 224 1
281 209 1
282 213 1
283 217 1
284 209 1
285 210 1
286 213 1
287 264 1
288 221 1
289 229 1
290 237 1
291 226 1
292 267 1
293 223 1
294 253 1
295 236 1
296 257 1
297 226 1
298 236 1
299 224 1
300 236 1
