300
1 0 0
2 35 1
3 32 1
4 43 5
5 3 1
6 35 5
7 5 1
8 5 1
9 5 1
10 14 1
11 3 1
12 3 1
13 49 1
14 3 1
15 43 2
16 54 1
17 54 2
18 35 1
19 30 1
20 32 1
21 30 1
22 72 1
23 54 1
24 49 1
25 16 1
26 5 1
27 32 1
28 43 1
29 74 1
30 75 1
31 87 3
32 32 1
33 87 6
34 54 1
35 61 1
36 86 10
37 54 1
38 54 1
39 32 1
40 35 1
41 75 1
42 61 1
43 86 1
44 97 10
45 43 1
46 85 1
47 61 1
48 75 1
49 87 1
50 88 3
51 35 1
52 99 1
53 54 1
54 86 2
55 104 9
56 63 1
57 75 1
58 75 1
59 104 1
60 97 1
61 104 1
62 108 6
63 61 1
64 104 2
65 104 1
66 61 1
67 75 1
68 104 1
69 80 1
70 53 1
71 85 1
72 85 1
73 105 2
74 109 1
75 126 2
76 130 14
77 87 1
78 104 1
79 75 1
80 86 1
81 105 6
82 86 1
83 104 1
84 80 1
85 86 1
86 136 7
87 0 19
88 0 12
89 105 6
90 75 1
91 100 1
92 105 1
93 130 3
94 86 1
95 80 1
96 80 1
97 126 1
98 0 12
99 75 1
100 114 2
101 130 4
102 80 1
103 85 1
104 88 1
105 0 23
106 0 17
107 85 1
108 75 1
109 0 10
110 0 2
111 75 1
112 130 1
113 130 5
114 75 1
115 108 3
116 139 1
117 0 1
118 0 1
119 75 1
120 130 1
121 86 1
122 104 1
123 139 1
124 105 1
125 88 1
126 85 1
127 0 4
128 112 1
129 0 1
130 0 1
131 0 34
132 0 1
133 104 1
134 136 3
135 0 4
136 0 1
137 0 15
138 140 1
139 112 1
140 154 4
141 104 2
142 112 1
143 0 1
144 0 4
145 92 1
146 0 1
147 92 1
148 155 1
149 155 1
150 104 1
151 0 12
152 0 1
153 136 1
154 0 12
155 0 15
156 0 5
157 0 1
158 133 1
159 155 1
160 100 2
161 130 1
162 159 1
163 112 1
164 0 5
165 134 2
166 136 1
167 155 1
168 133 1
169 178 1
170 0 21
171 0 5
172 153 7
173 183 1
174 0 1
175 178 1
176 0 2
177 136 2
178 0 1
179 150 11
180 0 1
181 169 8
182 130 1
183 183 1
184 130 3
185 134 1
186 191 1
187 139 1
188 178 2
189 178 1
190 0 2
191 0 6
192 143 3
193 226 1
194 0 2
195 0 1
196 169 8
197 153 4
198 0 42
199 178 2
200 154 6
201 178 1
202 235 3
203 171 1
204 197 3
205 226 1
206 197 3
207 154 1
208 171 1
209 163 1
210 178 1
211 154 3
212 197 3
213 163 2
214 197 4
215 180 6
216 170 1
217 171 3
218 180 1
219 210 1
220 226 2
221 199 1
222 226 1
223 178 1
224 169 4
225 163 1
226 164 1
227 197 8
228 213 2
229 170 1
230 197 1
231 170 1
232 195 2
233 170 1
234 197 1
235 171 1
236 197 10
237 199 2
238 190 2
239 191 1
240 175 1
241 197 1
242 190 1
243 176 1
244 195 1
245 197 1
246 196 1
247 199 1
248 195 1
249 210 1
250 187 1
251 193 1
252 190 2
253 189 1
254 197 3
255 195 1
256 196 1
257 201 1
258 195 1
259 195 1
260 214 1
261 196 1
262 203 1
263 213 1
264 197 1
265 201 1
266 199 1
267 235 4
268 223 1
269 198 1
270 223 1
271 211 1
272 197 2
273 203 1
274 205 1
275 271 1
276 223 1
277 226 1
278 205 1
279 251 1
280 211 1
281 216 1
282 212 1
283 214 1
284 219 1
285 216 1
286 253 1
287 214 1
288 214 1
289 214 1
290 226 1
291 266 1
292 292 1
293 266 2
294 253 1
295 236 1
296 231 1
297 227 1
298 237 1
299 235 1
300 235 1
