200
1 0 0
2 40 1
3 40 1
4 43 1
5 43 1
6 22 1
7 38 1
8 40 1
9 48 1
10 47 1
11 22 1
12 43 1
13 31 1
14 40 1
15 40 1
16 40 1
17 42 1
18 47 1
19 39 1
20 43 1
21 56 1
22 43 1
23 48 3
24 40 1
25 48 1
26 40 2
27 62 1
28 43 1
29 40 1
30 25 1
31 47 1
32 75 2
33 48 1
34 68 1
35 75 2
36 68 1
37 69 1
38 75 2
39 78 2
40 93 2
41 76 12
42 37 1
43 75 2
44 76 8
45 48 1
46 34 1
47 40 1
48 75 5
49 76 13
50 47 1
51 43 1
52 75 1
53 48 1
54 48 1
55 76 1
56 78 1
57 78 2
58 62 1
59 76 1
60 76 1
61 48 1
62 76 1
63 103 3
64 79 1
65 75 1
66 78 1
67 48 1
68 76 1
69 97 3
70 76 2
71 76 1
72 76 1
73 93 1
74 75 1
75 48 1
76 0 21
77 0 45
78 75 1
79 103 9
80 103 3
81 75 1
82 78 1
83 0 1
84 111 1
85 97 1
86 0 1
87 75 1
88 75 1
89 90 1
90 97 1
91 0 3
92 76 1
93 93 1
94 102 6
95 93 1
96 102 1
97 76 1
98 0 8
99 0 1
100 103 1
101 0 1
102 78 1
103 0 13
104 0 21
105 102 1
106 79 1
107 90 1
108 103 3
109 0 1
110 0 1
111 114 1
112 0 2
113 0 2
114 0 1
115 102 4
116 0 3
117 103 1
118 0 13
119 114 1
120 0 2
121 97 1
122 135 1
123 0 5
124 97 1
125 115 2
126 0 11
127 117 2
128 0 3
129 0 1
130 107 1
131 107 1
132 0 1
133 125 9
134 0 1
135 117 2
136 138 7
137 135 1
138 0 14
139 0 22
140 112 1
141 114 1
142 132 1
143 119 1
144 117 3
145 135 1
146 125 1
147 138 3
148 0 1
149 135 1
150 124 1
151 117 5
152 135 1
153 126 1
154 122 1
155 138 2
156 143 1
157 122 3
158 138 3
159 127 2
160 132 3
161 132 2
162 132 1
163 138 3
164 135 1
165 143 1
166 138 3
167 132 1
168 156 2
169 137 4
170 159 1
171 137 9
172 146 2
173 134 1
174 170 2
175 150 1
176 170 1
177 167 1
178 168 1
179 150 3
180 154 1
181 170 1
182 162 1
183 171 1
184 168 1
185 165 1
186 168 1
187 159 1
188 178 2
189 170 2
190 162 1
191 157 1
192 158 1
193 187 1
194 157 1
195 160 1
196 165 1
197 173 1
198 170 1
199 170 1
200 188 1
