700
1 0 0
2 36 1
3 32 1
4 41 1
5 22 1
6 30 1
7 53 1
8 55 1
9 28 1
10 65 1
11 31 1
12 27 1
13 55 2
14 28 1
15 24 1
16 12 1
17 62 1
18 55 1
19 65 1
20 47 1
21 28 1
22 56 1
23 54 2
24 61 1
25 39 3
26 28 1
27 47 1
28 57 3
29 74 5
30 64 1
31 56 2
32 54 2
33 78 2
34 53 1
35 59 1
36 44 1
37 61 2
38 27 1
39 66 1
40 68 4
41 24 1
42 88 2
43 70 1
44 68 1
45 70 2
46 62 1
47 73 2
48 74 3
49 87 1
50 55 1
51 88 1
52 46 1
53 62 1
54 71 3
55 88 5
56 91 6
57 97 4
58 68 4
59 70 1
60 106 2
61 100 1
62 79 4
63 102 4
64 74 1
65 106 2
66 117 3
67 76 2
68 70 1
69 78 12
70 103 1
71 113 6
72 116 4
73 104 1
74 76 3
75 127 10
76 79 1
77 101 7
78 131 2
79 120 15
80 123 6
81 68 2
82 115 1
83 91 1
84 116 1
85 77 1
86 117 1
87 127 1
88 112 2
89 129 9
90 110 1
91 134 1
92 113 8
93 129 1
94 120 1
95 112 1
96 80 1
97 76 1
98 127 5
99 115 1
100 113 1
101 130 2
102 131 8
103 117 5
104 109 3
105 109 3
106 123 1
107 139 5
108 116 1
109 103 1
110 137 7
111 129 3
112 115 1
113 126 4
114 153 16
115 130 1
116 148 4
117 154 7
118 171 10
119 110 1
120 154 1
121 146 18
122 153 1
123 152 1
124 142 8
125 163 1
126 165 1
127 139 5
128 176 18
129 104 1
130 175 14
131 158 5
132 176 11
133 137 10
134 150 1
135 152 2
136 130 1
137 120 1
138 161 18
139 127 1
140 177 12
141 163 1
142 150 1
143 162 9
144 163 1
145 166 1
146 161 1
147 154 19
148 180 1
149 181 5
150 195 1
151 192 3
152 154 1
153 191 4
154 177 18
155 192 30
156 193 1
157 158 1
158 154 1
159 132 8
160 139 1
161 132 1
162 175 21
163 188 10
164 169 4
165 195 1
166 181 2
167 177 2
168 188 1
169 193 1
170 188 5
171 199 1
172 189 11
173 188 1
174 161 1
175 181 1
176 193 36
177 212 30
178 189 33
179 207 1
180 188 1
181 207 2
182 226 9
183 204 1
184 212 1
185 213 1
186 190 1
187 158 1
188 191 1
189 212 19
190 231 45
191 210 2
192 204 9
193 235 34
194 211 40
195 193 1
196 191 3
197 230 1
198 205 1
199 210 1
200 235 2
201 218 1
202 212 1
203 207 1
204 235 1
205 227 11
206 211 2
207 207 1
208 249 6
209 249 1
210 224 1
211 249 4
212 235 43
213 263 54
214 235 2
215 249 1
216 258 1
217 243 1
218 224 1
219 212 2
220 243 1
221 249 1
222 255 1
223 256 1
224 243 1
225 238 5
226 260 1
227 240 10
228 232 12
229 224 1
230 263 1
231 256 2
232 262 46
233 255 33
234 263 1
235 271 1
236 271 83
237 254 1
238 247 1
239 240 6
240 271 1
241 232 20
242 263 1
243 284 1
244 249 5
245 262 1
246 289 1
247 284 1
248 276 3
249 224 1
250 293 19
251 254 1
252 255 1
253 243 1
254 255 1
255 240 3
256 280 38
257 297 4
258 295 1
259 280 2
260 276 3
261 263 2
262 295 1
263 292 48
264 294 60
265 289 1
266 288 9
267 276 1
268 290 1
269 255 1
270 297 2
271 269 1
272 315 86
273 277 1
274 247 1
275 294 1
276 303 1
277 265 8
278 293 2
279 315 1
280 295 1
281 292 41
282 289 1
283 289 1
284 303 1
285 310 3
286 306 1
287 259 1
288 307 1
289 296 10
290 334 8
291 315 2
292 295 1
293 343 90
294 325 23
295 0 63
296 318 5
297 303 27
298 327 28
299 334 1
300 289 2
301 293 1
302 294 1
303 259 1
304 310 33
305 289 1
306 303 1
307 296 2
308 319 3
309 303 1
310 303 1
311 317 37
312 299 1
313 318 60
314 326 1
315 307 1
316 0 158
317 359 1
318 0 44
319 315 68
320 329 9
321 317 4
322 318 1
323 341 1
324 319 2
325 0 1
326 328 25
327 312 2
328 312 55
329 327 26
330 331 13
331 317 1
332 296 14
333 368 3
334 346 1
335 340 19
336 355 1
337 297 1
338 332 2
339 329 1
340 0 1
341 297 20
342 312 2
343 318 1
344 0 226
345 317 1
346 346 1
347 320 3
348 377 16
349 359 1
350 323 1
351 0 3
352 362 2
353 368 3
354 329 1
355 325 1
356 334 4
357 319 1
358 0 12
359 352 1
360 363 3
361 0 3
362 334 1
363 0 187
364 334 4
365 319 2
366 383 1
367 419 1
368 329 1
369 376 7
370 376 1
371 347 1
372 393 1
373 375 1
374 352 1
375 337 1
376 385 3
377 347 9
378 362 108
379 0 1
380 401 1
381 419 1
382 347 5
383 355 1
384 388 2
385 364 1
386 343 135
387 355 1
388 419 1
389 385 97
390 385 1
391 401 1
392 419 1
393 381 2
394 399 2
395 403 1
396 350 2
397 351 1
398 381 1
399 418 1
400 441 20
401 406 18
402 428 4
403 419 1
404 418 2
405 388 1
406 401 1
407 377 21
408 362 60
409 406 1
410 362 15
411 357 11
412 360 2
413 446 1
414 362 1
415 441 6
416 375 1
417 381 1
418 400 17
419 423 6
420 423 6
421 377 1
422 441 11
423 388 2
424 417 15
425 418 1
426 388 91
427 385 1
428 377 40
429 414 5
430 434 1
431 377 1
432 418 1
433 377 28
434 423 1
435 425 2
436 399 3
437 409 14
438 421 10
439 461 1
440 385 32
441 423 1
442 425 53
443 395 1
444 411 1
445 399 14
446 392 1
447 437 2
448 435 1
449 425 5
450 407 36
451 417 1
452 444 8
453 410 10
454 407 23
455 437 1
456 406 1
457 427 39
458 441 2
459 456 1
460 439 2
461 425 1
462 437 3
463 441 1
464 451 1
465 436 2
466 436 11
467 425 1
468 422 1
469 439 29
470 444 4
471 474 3
472 425 28
473 453 5
474 432 27
475 505 4
476 437 3
477 448 4
478 441 12
479 435 1
480 444 1
481 449 3
482 459 1
483 453 16
484 452 9
485 453 1
486 449 32
487 451 5
488 472 2
489 456 1
490 456 10
491 451 1
492 470 1
493 456 10
494 485 28
495 456 1
496 456 1
497 485 1
498 471 6
499 471 21
500 457 1
501 465 9
502 456 14
503 469 1
504 489 1
505 469 1
506 489 8
507 470 1
508 468 1
509 461 1
510 485 1
511 465 1
512 464 1
513 539 1
514 472 1
515 476 1
516 468 27
517 472 1
518 486 4
519 469 1
520 477 11
521 473 2
522 485 1
523 519 10
524 475 1
525 500 2
526 492 9
527 493 27
528 537 1
529 480 2
530 473 24
531 549 4
532 475 1
533 522 1
534 476 2
535 498 20
536 539 1
537 482 15
538 505 3
539 483 8
540 526 4
541 515 1
542 537 1
543 522 7
544 515 1
545 500 3
546 487 1
547 524 1
548 522 1
549 501 13
550 526 19
551 539 1
552 500 1
553 497 5
554 500 2
555 534 19
556 517 3
557 520 1
558 526 1
559 530 2
560 528 1
561 526 1
562 515 14
563 515 10
564 549 13
565 529 23
566 526 1
567 538 1
568 533 1
569 538 1
570 530 1
571 555 1
572 574 1
573 525 5
574 525 3
575 542 6
576 538 4
577 544 1
578 563 1
579 538 1
580 536 14
581 563 7
582 554 3
583 552 3
584 580 1
585 544 1
586 579 2
587 548 8
588 549 1
589 553 1
590 554 13
591 552 1
592 554 2
593 555 1
594 561 3
595 548 4
596 563 4
597 561 10
598 574 1
599 558 1
600 574 1
601 582 1
602 580 2
603 579 5
604 564 1
605 564 21
606 572 4
607 573 1
608 589 1
609 573 1
610 591 1
611 574 1
612 593 2
613 580 1
614 562 8
615 562 1
616 594 3
617 581 1
618 575 3
619 579 2
620 574 1
621 580 1
622 589 8
623 582 1
624 596 3
625 589 3
626 579 4
627 581 1
628 604 11
629 580 1
630 604 1
631 586 6
632 586 1
633 624 1
634 617 1
635 585 1
636 623 1
637 596 6
638 613 3
639 602 4
640 595 3
641 621 4
642 604 2
643 627 3
644 601 1
645 621 1
646 642 2
647 621 1
648 611 1
649 604 3
650 636 1
651 613 1
652 604 2
653 668 1
654 615 1
655 613 1
656 630 1
657 604 1
658 605 3
659 623 1
660 615 1
661 630 1
662 657 2
663 613 2
664 627 1
665 636 3
666 618 1
667 624 1
668 617 1
669 627 4
670 621 1
671 630 1
672 630 1
673 661 1
674 645 1
675 675 1
676 625 3
677 627 1
678 627 1
679 668 1
680 630 1
681 638 1
682 638 1
683 636 1
684 640 1
685 662 1
686 639 1
687 639 1
688 640 1
689 690 1
690 664 2
691 648 2
692 641 1
693 675 1
694 637 1
695 638 1
696 637 1
697 689 1
698 651 1
699 640 1
700 668 1
