100
1 0 0
2 93 1
3 35 1
4 16 1
5 0 1
6 33 1
7 62 2
8 98 6
9 6 1
10 19 1
11 16 1
12 28 1
13 54 1
14 57 1
15 27 1
16 23 1
17 61 4
18 54 1
19 93 1
20 0 12
21 0 2
22 61 1
23 27 1
24 51 5
25 19 1
26 27 1
27 61 1
28 63 9
29 61 4
30 23 1
31 36 1
32 57 1
33 27 1
34 19 4
35 7 1
36 72 2
37 0 9
38 19 1
39 7 1
40 28 1
41 61 1
42 68 1
43 27 1
44 7 1
45 19 1
46 7 1
47 27 1
48 61 1
49 23 1
50 61 1
51 33 1
52 0 6
53 16 1
54 58 1
55 36 5
56 33 1
57 0 6
58 95 5
59 61 2
60 28 1
61 69 1
62 0 19
63 76 5
64 0 10
65 23 1
66 62 1
67 27 1
68 0 2
69 0 2
70 61 2
71 57 1
72 67 1
73 56 3
74 7 1
75 76 1
76 79 1
77 0 8
78 0 1
79 54 1
80 56 2
81 19 1
82 62 1
83 19 1
84 0 1
85 27 1
86 36 1
87 36 1
88 61 1
89 0 1
90 76 1
91 93 1
92 0 1
93 57 1
94 0 4
95 20 1
96 0 6
97 19 1
98 54 1
99 0 7
100 0 1
