500
1 0 0
2 33 1
3 64 1
4 33 1
5 29 1
6 60 1
7 77 1
8 52 1
9 31 1
10 29 1
11 115 1
12 66 1
13 116 1
14 118 1
15 52 1
16 78 1
17 116 1
18 39 1
19 20 1
20 20 1
21 122 3
22 118 2
23 33 1
24 115 1
25 78 1
26 122 1
27 58 1
28 122 1
29 122 2
30 115 7
31 118 1
32 115 2
33 118 1
34 115 5
35 50 1
36 115 1
37 115 1
38 28 1
39 116 1
40 138 2
41 50 1
42 21 1
43 29 1
44 115 1
45 29 1
46 64 1
47 29 1
48 115 1
49 108 1
50 29 1
51 116 3
52 115 1
53 122 3
54 115 1
55 122 1
56 115 1
57 115 1
58 77 1
59 138 2
60 116 1
61 122 2
62 33 1
63 115 1
64 115 1
65 115 7
66 116 1
67 138 2
68 115 1
69 77 1
70 77 1
71 115 1
72 115 1
73 115 1
74 64 1
75 115 1
76 115 1
77 64 1
78 138 5
79 149 3
80 149 1
81 115 1
82 118 1
83 116 2
84 102 1
85 115 1
86 116 1
87 116 1
88 118 1
89 82 1
90 64 1
91 140 1
92 115 1
93 116 1
94 64 1
95 115 1
96 115 1
97 115 1
98 116 1
99 115 1
100 122 1
101 115 1
102 118 1
103 181 2
104 122 1
105 138 1
106 184 1
107 122 1
108 115 1
109 117 2
110 116 1
111 122 1
112 122 1
113 115 1
114 171 1
115 149 1
116 152 53
117 150 16
118 152 5
119 150 11
120 146 1
121 149 1
122 115 1
123 215 19
124 118 1
125 115 1
126 152 1
127 150 1
128 118 1
129 160 1
130 150 1
131 150 2
132 115 1
133 150 1
134 150 1
135 140 1
136 117 1
137 150 1
138 150 1
139 150 13
140 150 1
141 150 5
142 140 1
143 207 1
144 130 1
145 149 1
146 150 1
147 175 3
148 150 1
149 150 1
150 152 10
151 0 64
152 150 1
153 0 74
154 0 1
155 146 1
156 150 1
157 140 1
158 177 1
159 178 1
160 179 1
161 0 2
162 0 6
163 149 1
164 117 1
165 161 1
166 149 1
167 174 2
168 0 2
169 167 1
170 171 1
171 171 1
172 161 4
173 0 1
174 152 1
175 0 4
176 0 4
177 150 1
178 188 3
179 188 2
180 221 6
181 150 1
182 216 3
183 152 1
184 150 1
185 216 5
186 152 1
187 0 1
188 0 1
189 0 11
190 0 1
191 177 1
192 216 1
193 0 1
194 188 1
195 184 1
196 216 3
197 0 1
198 184 1
199 199 3
200 0 9
201 150 1
202 221 5
203 0 2
204 152 1
205 0 1
206 221 1
207 0 4
208 216 2
209 174 1
210 199 1
211 0 1
212 224 1
213 206 1
214 0 1
215 179 1
216 0 20
217 0 23
218 188 1
219 166 1
220 0 1
221 0 1
222 0 22
223 256 1
224 0 1
225 234 2
226 0 3
227 0 1
228 0 1
229 0 1
230 0 1
231 0 1
232 0 1
233 202 1
234 216 3
235 0 6
236 216 1
237 251 1
238 0 19
239 237 9
240 179 1
241 221 4
242 0 6
243 0 1
244 0 1
245 0 11
246 188 3
247 216 1
248 0 1
249 238 1
250 179 1
251 0 1
252 198 2
253 206 1
254 184 1
255 244 2
256 244 1
257 0 9
258 0 1
259 0 7
260 238 1
261 195 1
262 195 1
263 199 1
264 241 1
265 179 1
266 241 1
267 0 10
268 199 3
269 237 4
270 201 1
271 221 1
272 278 1
273 0 8
274 0 2
275 256 2
276 0 20
277 0 1
278 201 1
279 244 3
280 244 4
281 0 6
282 0 2
283 201 1
284 241 1
285 0 1
286 0 3
287 273 1
288 216 3
289 221 2
290 254 1
291 311 1
292 0 7
293 0 17
294 0 5
295 0 1
296 0 1
297 238 1
298 206 1
299 0 22
300 0 1
301 201 1
302 287 1
303 309 1
304 278 1
305 256 3
306 221 2
307 238 2
308 233 1
309 234 3
310 275 11
311 0 4
312 238 2
313 285 2
314 245 1
315 0 3
316 0 13
317 0 6
318 0 14
319 275 2
320 0 1
321 318 1
322 0 1
323 0 1
324 237 3
325 245 1
326 233 1
327 298 10
328 0 1
329 267 1
330 225 2
331 0 1
332 0 1
333 240 2
334 0 2
335 237 1
336 238 1
337 240 1
338 326 1
339 298 5
340 237 1
341 267 1
342 329 1
343 0 4
344 241 2
345 0 1
346 0 7
347 308 2
348 256 1
349 317 8
350 268 1
351 268 1
352 309 4
353 258 6
354 275 2
355 317 1
356 305 1
357 288 1
358 256 1
359 268 1
360 272 1
361 272 2
362 275 4
363 323 2
364 266 1
365 272 1
366 266 1
367 266 7
368 369 1
369 292 10
370 279 3
371 316 1
372 272 1
373 272 2
374 280 3
375 280 1
376 315 5
377 348 1
378 309 1
379 348 1
380 326 3
381 291 1
382 291 2
383 291 1
384 317 2
385 304 2
386 280 1
387 315 7
388 274 1
389 298 6
390 292 2
391 291 1
392 291 1
393 317 2
394 281 1
395 326 1
396 368 7
397 326 1
398 292 4
399 287 1
400 418 1
401 352 2
402 293 4
403 309 2
404 326 2
405 395 1
406 310 3
407 326 1
408 312 1
409 368 1
410 309 2
411 306 1
412 314 1
413 314 1
414 316 4
415 373 1
416 348 1
417 348 1
418 348 1
419 436 2
420 338 3
421 366 1
422 345 1
423 345 3
424 332 1
425 345 1
426 338 1
427 333 1
428 388 2
429 345 1
430 342 1
431 366 1
432 342 2
433 343 1
434 353 1
435 346 1
436 386 3
437 351 3
438 395 1
439 464 1
440 348 1
441 348 1
442 352 1
443 352 1
444 366 2
445 409 1
446 383 1
447 352 1
448 379 1
449 395 1
450 375 1
451 388 1
452 375 1
453 361 1
454 361 1
455 375 1
456 369 1
457 361 1
458 360 1
459 379 1
460 392 1
461 366 1
462 362 1
463 368 1
464 366 1
465 388 2
466 386 1
467 373 1
468 386 1
469 386 1
470 443 1
471 375 1
472 372 1
473 381 1
474 413 1
475 395 1
476 435 1
477 384 1
478 419 1
479 431 1
480 403 1
481 389 1
482 427 1
483 413 1
484 395 1
485 419 1
486 422 1
487 395 1
488 422 1
489 401 1
490 402 1
491 400 1
492 413 1
493 397 1
494 401 1
495 397 1
496 401 1
497 405 1
498 397 1
499 435 1
500 405 1
