300
1 0 0
2 24 1
3 25 1
4 24 1
5 24 1
6 7 1
7 32 1
8 38 2
9 46 1
10 17 1
11 35 1
12 34 1
13 30 1
14 48 1
15 35 1
16 34 1
17 38 1
18 48 2
19 50 1
20 38 1
21 24 1
22 38 1
23 30 1
24 25 1
25 64 5
26 54 4
27 60 1
28 54 1
29 25 1
30 36 1
31 57 3
32 61 1
33 53 2
34 36 1
35 64 3
36 47 3
37 61 3
38 64 1
39 69 6
40 54 1
41 69 4
42 64 1
43 56 1
44 64 1
45 69 1
46 64 1
47 64 2
48 68 4
49 57 4
50 68 1
51 76 2
52 81 1
53 69 1
54 40 3
55 80 7
56 80 1
57 69 2
58 68 9
59 69 1
60 68 1
61 79 2
62 88 5
63 80 1
64 72 1
65 87 15
66 89 1
67 57 1
68 80 1
69 79 16
70 95 17
71 69 1
72 88 1
73 92 2
74 101 2
75 87 1
76 80 1
77 102 3
78 89 1
79 102 1
80 108 19
81 103 12
82 88 2
83 73 1
84 87 1
85 89 1
86 89 1
87 108 1
88 119 18
89 120 9
90 104 6
91 99 1
92 103 1
93 120 3
94 121 1
95 121 1
96 116 18
97 99 1
98 103 1
99 89 1
100 118 3
101 101 1
102 112 4
103 132 5
104 127 16
105 124 7
106 109 1
107 114 1
108 108 1
109 131 22
110 120 4
111 114 1
112 112 3
113 131 17
114 135 1
115 127 3
116 109 2
117 127 19
118 103 1
119 127 4
120 127 19
121 142 21
122 120 3
123 127 1
124 120 1
125 112 9
126 127 1
127 142 1
128 0 65
129 132 1
130 111 2
131 129 1
132 0 48
133 139 9
134 141 2
135 127 1
136 144 3
137 133 1
138 124 1
139 144 1
140 0 10
141 156 1
142 131 8
143 151 25
144 115 1
145 141 5
146 142 1
147 132 1
148 132 1
149 151 4
150 0 1
151 0 1
152 0 30
153 177 1
154 148 1
155 155 2
156 0 4
157 148 2
158 142 1
159 179 1
160 0 2
161 168 2
162 0 1
163 196 2
164 0 2
165 135 1
166 162 1
167 196 1
168 192 3
169 175 4
170 0 21
171 0 14
172 160 1
173 0 1
174 154 1
175 155 1
176 169 8
177 196 5
178 167 2
179 0 49
180 178 2
181 0 49
182 0 1
183 183 2
184 176 4
185 188 3
186 198 1
187 175 2
188 198 1
189 193 4
190 178 1
191 184 1
192 175 1
193 193 8
194 180 33
195 196 23
196 159 1
197 178 32
198 183 1
199 193 17
200 163 1
201 184 1
202 169 12
203 214 1
204 180 1
205 170 1
206 180 14
207 170 12
208 168 1
209 182 1
210 178 13
211 192 4
212 198 14
213 193 1
214 193 1
215 194 10
216 217 1
217 186 1
218 211 13
219 193 1
220 194 7
221 194 1
222 194 4
223 214 3
224 214 1
225 205 9
226 201 11
227 222 1
228 205 3
229 209 3
230 222 1
231 205 1
232 225 1
233 225 1
234 217 1
235 214 1
236 221 3
237 225 1
238 206 11
239 214 3
240 237 1
241 228 1
242 224 2
243 209 8
244 209 1
245 210 3
246 228 1
247 217 1
248 224 1
249 225 1
250 225 1
251 225 1
252 225 1
253 219 2
254 219 4
255 217 9
256 224 4
257 227 2
258 254 2
259 224 1
260 235 2
261 242 5
262 238 2
263 225 3
264 253 1
265 253 2
266 237 9
267 242 2
268 270 1
269 241 1
270 255 1
271 254 2
272 244 2
273 255 1
274 254 3
275 256 1
276 261 1
277 260 4
278 255 1
279 252 1
280 254 1
281 259 1
282 292 1
283 257 1
284 292 1
285 273 1
286 266 1
287 271 1
288 276 1
289 262 1
290 265 1
291 262 1
292 265 1
293 265 3
294 264 1
295 273 1
296 265 1
297 276 1
298 265 1
299 265 1
300 276 1
