100
1 0 0
2 0 4
3 1 1
4 76 2
5 31 3
6 8 4
7 19 1
8 12 1
9 0 23
10 0 2
11 8 1
12 0 1
13 75 5
14 12 1
15 12 1
16 41 1
17 35 1
18 0 1
19 5 1
20 0 3
21 0 3
22 75 2
23 74 1
24 46 1
25 40 1
26 20 2
27 35 1
28 0 1
29 31 1
30 8 1
31 1 1
32 0 14
33 0 3
34 51 1
35 25 1
36 85 5
37 5 1
38 32 1
39 90 1
40 35 1
41 31 3
42 85 2
43 46 1
44 8 1
45 35 1
46 4 1
47 67 7
48 9 1
49 21 1
50 8 1
51 51 1
52 8 3
53 72 1
54 90 1
55 31 1
56 74 1
57 0 1
58 8 2
59 46 1
60 0 2
61 3 1
62 19 1
63 74 1
64 40 1
65 0 1
66 46 1
67 78 1
68 0 9
69 5 1
70 1 1
71 57 1
72 0 1
73 76 2
74 75 1
75 8 4
76 0 10
77 0 6
78 0 1
79 31 2
80 31 1
81 31 1
82 76 1
83 0 1
84 4 1
85 85 1
86 0 9
87 0 1
88 0 1
89 12 1
90 46 1
91 8 3
92 8 1
93 31 1
94 46 1
95 67 1
96 59 1
97 8 1
98 32 1
99 75 1
100 0 1
