100
1 0 0
2 0 19
3 16 1
4 14 1
5 94 5
6 60 1
7 64 1
8 22 1
9 81 3
10 4 1
11 45 3
12 42 1
13 36 1
14 0 1
15 0 10
16 45 3
17 18 3
18 56 1
19 0 11
20 31 1
21 72 1
22 97 1
23 1 4
24 0 3
25 15 1
26 33 1
27 0 1
28 30 1
29 22 1
30 10 1
31 62 3
32 0 3
33 18 1
34 71 4
35 1 1
36 10 1
37 0 2
38 1 4
39 4 1
40 33 1
41 1 1
42 18 1
43 1 3
44 1 1
45 1 2
46 0 18
47 30 1
48 14 6
49 14 2
50 52 2
51 15 1
52 71 1
53 0 3
54 18 1
55 64 1
56 4 1
57 73 2
58 73 1
59 1 1
60 8 1
61 18 2
62 0 1
63 0 7
64 23 2
65 47 5
66 37 1
67 71 1
68 16 1
69 4 1
70 31 1
71 22 1
72 45 8
73 62 3
74 0 5
75 71 1
76 1 1
77 42 1
78 37 1
79 64 1
80 18 1
81 18 1
82 0 4
83 45 3
84 72 1
85 44 1
86 8 1
87 48 1
88 82 1
89 63 1
90 82 1
91 0 2
92 64 1
93 33 1
94 73 1
95 0 6
96 49 1
97 37 1
98 0 2
99 90 1
100 0 1
