500
1 0 0
2 28 1
3 5 1
4 16 1
5 19 1
6 16 2
7 29 1
8 18 1
9 10 1
10 50 1
11 36 3
12 10 1
13 29 1
14 39 1
15 21 1
16 52 1
17 53 5
18 50 1
19 26 2
20 39 2
21 28 1
22 31 2
23 47 1
24 39 1
25 53 2
26 50 1
27 52 3
28 48 1
29 32 6
30 50 3
31 16 1
32 72 3
33 55 10
34 24 1
35 47 1
36 55 1
37 69 4
38 32 3
39 52 1
40 78 6
41 53 1
42 28 1
43 47 2
44 72 1
45 28 1
46 57 1
47 42 1
48 60 13
49 75 2
50 50 1
51 47 8
52 37 1
53 73 6
54 78 9
55 69 1
56 69 13
57 39 1
58 60 2
59 64 1
60 28 1
61 84 16
62 88 1
63 74 1
64 81 2
65 72 2
66 78 1
67 84 1
68 88 1
69 55 1
70 97 20
71 63 1
72 84 3
73 83 7
74 104 7
75 78 2
76 83 3
77 69 1
78 37 1
79 111 19
80 99 1
81 71 2
82 88 3
83 114 1
84 111 12
85 102 21
86 95 1
87 93 1
88 83 1
89 117 6
90 97 1
91 80 1
92 111 1
93 97 1
94 97 2
95 117 1
96 111 2
97 97 1
98 132 27
99 97 1
100 103 2
101 113 1
102 143 1
103 129 22
104 117 3
105 129 8
106 129 1
107 129 1
108 145 1
109 124 1
110 117 1
111 135 1
112 145 36
113 139 1
114 117 2
115 144 2
116 145 1
117 128 1
118 133 16
119 135 1
120 158 1
121 117 1
122 111 1
123 128 1
124 117 1
125 145 2
126 145 1
127 132 1
128 173 1
129 141 4
130 172 33
131 153 1
132 172 1
133 182 31
134 155 17
135 132 2
136 173 3
137 173 1
138 181 1
139 182 1
140 161 2
141 141 1
142 165 9
143 128 1
144 158 2
145 192 3
146 210 42
147 181 1
148 141 3
149 153 1
150 173 1
151 170 1
152 181 2
153 182 25
154 152 3
155 165 1
156 211 18
157 134 1
158 209 1
159 172 4
160 176 1
161 202 1
162 152 6
163 161 2
164 212 1
165 209 1
166 152 11
167 161 1
168 151 1
169 209 1
170 210 1
171 152 2
172 210 1
173 216 39
174 174 15
175 216 16
176 162 1
177 228 5
178 173 1
179 209 1
180 226 1
181 191 1
182 194 5
183 210 61
184 152 1
185 176 1
186 182 2
187 210 1
188 210 3
189 147 1
190 147 1
191 234 1
192 216 2
193 226 4
194 176 1
195 173 7
196 209 1
197 209 1
198 176 1
199 204 1
200 182 1
201 226 1
202 194 1
203 187 2
204 221 1
205 219 2
206 152 1
207 235 1
208 211 1
209 216 1
210 0 7
211 0 110
212 244 20
213 234 2
214 185 1
215 226 1
216 234 1
217 0 59
218 229 4
219 217 2
220 234 5
221 235 1
222 219 2
223 217 1
224 254 1
225 264 1
226 272 1
227 0 12
228 235 1
229 0 6
230 266 5
231 226 3
232 226 1
233 235 1
234 230 1
235 239 14
236 256 6
237 218 1
238 260 1
239 239 1
240 253 23
241 239 5
242 253 1
243 0 27
244 248 1
245 281 22
246 230 1
247 264 21
248 248 1
249 234 3
250 0 1
251 239 1
252 235 1
253 244 1
254 242 26
255 246 14
256 298 1
257 254 12
258 240 4
259 239 1
260 256 2
261 265 8
262 282 1
263 234 1
264 264 2
265 0 74
266 299 9
267 246 6
268 301 1
269 253 1
270 301 1
271 281 1
272 301 1
273 300 2
274 260 1
275 0 2
276 256 2
277 256 1
278 282 1
279 301 1
280 260 1
281 275 1
282 0 126
283 264 44
284 0 75
285 264 1
286 292 1
287 259 1
288 264 1
289 264 2
290 296 5
291 307 1
292 282 1
293 257 3
294 314 1
295 281 24
296 260 3
297 299 7
298 264 1
299 281 77
300 298 48
301 301 5
302 311 14
303 299 1
304 274 1
305 298 3
306 281 1
307 263 1
308 299 2
309 260 1
310 292 1
311 300 1
312 313 36
313 296 1
314 282 37
315 289 4
316 311 1
317 282 1
318 300 1
319 283 68
320 299 1
321 311 1
322 311 1
323 329 1
324 298 1
325 282 2
326 295 1
327 298 3
328 288 1
329 283 6
330 335 2
331 318 1
332 335 1
333 299 16
334 318 7
335 314 2
336 301 4
337 304 2
338 295 1
339 351 2
340 311 17
341 294 23
342 299 11
343 298 20
344 311 1
345 351 4
346 318 9
347 328 3
348 339 1
349 326 1
350 351 5
351 318 15
352 332 15
353 318 1
354 390 1
355 324 1
356 328 1
357 318 34
358 328 1
359 339 1
360 344 3
361 340 1
362 326 1
363 342 1
364 339 13
365 349 2
366 338 1
367 334 1
368 336 1
369 342 16
370 340 16
371 339 1
372 351 1
373 342 2
374 340 4
375 340 1
376 350 2
377 363 1
378 341 8
379 351 1
380 368 1
381 333 6
382 386 1
383 351 1
384 384 11
385 356 33
386 350 4
387 341 2
388 384 1
389 359 1
390 345 8
391 363 7
392 363 2
393 373 3
394 346 2
395 350 8
396 389 1
397 349 2
398 368 2
399 409 1
400 384 18
401 363 2
402 384 1
403 384 1
404 390 4
405 391 1
406 359 1
407 383 6
408 399 3
409 383 4
410 368 11
411 364 1
412 377 7
413 433 3
414 407 2
415 372 1
416 369 8
417 368 1
418 385 2
419 375 1
420 380 1
421 369 7
422 411 6
423 385 1
424 380 4
425 413 1
426 390 1
427 389 2
428 392 1
429 396 1
430 420 2
431 400 1
432 399 1
433 392 1
434 399 13
435 397 1
436 394 7
437 389 4
438 393 1
439 412 1
440 420 2
441 421 1
442 406 1
443 403 3
444 423 3
445 436 2
446 406 1
447 420 1
448 406 3
449 409 1
450 426 1
451 409 8
452 417 1
453 421 4
454 412 1
455 408 3
456 450 3
457 415 6
458 450 1
459 415 1
460 420 1
461 439 1
462 435 1
463 433 2
464 435 1
465 433 3
466 468 1
467 429 1
468 433 3
469 452 2
470 435 4
471 442 2
472 444 1
473 456 1
474 447 1
475 433 1
476 450 2
477 443 1
478 436 1
479 443 1
480 447 1
481 456 1
482 464 1
483 467 1
484 469 1
485 456 1
486 462 1
487 452 1
488 455 1
489 454 1
490 464 1
491 456 1
492 450 1
493 455 1
494 467 1
495 475 1
496 470 1
497 469 1
498 454 1
499 456 1
500 469 1
