300
1 0 0
2 45 1
3 21 1
4 36 1
5 43 1
6 45 1
7 45 1
8 50 2
9 43 1
10 11 1
11 36 1
12 66 3
13 35 1
14 32 1
15 66 3
16 66 1
17 7 1
18 45 1
19 43 1
20 54 1
21 66 2
22 33 2
23 45 1
24 48 1
25 33 1
26 68 2
27 11 1
28 48 2
29 14 1
30 43 1
31 36 1
32 56 1
33 48 2
34 68 5
35 50 1
36 83 2
37 81 4
38 14 1
39 43 1
40 27 1
41 56 1
42 66 1
43 20 1
44 81 7
45 66 1
46 81 7
47 66 1
48 89 1
49 81 6
50 45 1
51 81 4
52 68 1
53 43 1
54 68 1
55 93 2
56 89 1
57 66 3
58 81 1
59 66 1
60 81 1
61 89 1
62 25 1
63 66 1
64 71 1
65 72 1
66 81 1
67 108 18
68 33 1
69 100 10
70 99 1
71 81 1
72 105 2
73 81 2
74 81 1
75 89 1
76 81 1
77 81 1
78 99 1
79 89 1
80 81 1
81 102 1
82 0 42
83 0 2
84 0 3
85 81 1
86 81 1
87 99 1
88 81 1
89 91 1
90 99 9
91 99 1
92 93 7
93 105 1
94 0 12
95 103 1
96 108 2
97 0 1
98 82 1
99 89 1
100 0 25
101 0 11
102 99 1
103 122 6
104 105 3
105 139 1
106 0 14
107 91 1
108 122 1
109 0 22
110 0 1
111 99 1
112 0 1
113 135 2
114 105 2
115 91 1
116 105 5
117 89 1
118 102 1
119 89 1
120 0 3
121 93 1
122 0 1
123 0 19
124 0 7
125 102 1
126 91 1
127 135 1
128 0 1
129 0 1
130 138 1
131 91 1
132 95 1
133 0 2
134 99 1
135 163 1
136 0 10
137 108 1
138 0 1
139 99 4
140 99 2
141 115 1
142 113 1
143 93 1
144 91 1
145 103 1
146 0 11
147 183 1
148 115 1
149 115 1
150 132 1
151 174 1
152 0 2
153 102 1
154 115 1
155 0 1
156 99 1
157 99 1
158 161 1
159 0 4
160 182 1
161 102 1
162 182 2
163 0 1
164 135 4
165 0 2
166 0 14
167 122 2
168 202 1
169 174 1
170 122 4
171 0 1
172 0 4
173 123 1
174 165 5
175 122 5
176 173 1
177 0 47
178 112 1
179 119 2
180 0 1
181 0 1
182 0 5
183 188 7
184 188 2
185 135 1
186 0 1
187 213 1
188 123 1
189 0 22
190 145 4
191 138 1
192 145 2
193 202 1
194 169 1
195 123 4
196 202 1
197 171 3
198 0 2
199 0 1
200 166 1
201 135 1
202 138 1
203 176 17
204 158 3
205 165 1
206 145 1
207 202 1
208 163 1
209 182 1
210 151 1
211 165 3
212 145 3
213 176 4
214 176 4
215 176 4
216 174 1
217 214 3
218 194 1
219 176 1
220 176 1
221 165 4
222 194 1
223 189 2
224 178 1
225 169 2
226 202 1
227 164 1
228 163 1
229 188 8
230 244 1
231 202 1
232 176 4
233 188 3
234 189 1
235 202 3
236 176 9
237 202 1
238 194 1
239 173 2
240 174 1
241 176 1
242 173 1
243 176 1
244 202 1
245 182 2
246 202 1
247 202 1
248 212 1
249 196 1
250 181 1
251 181 3
252 202 1
253 213 2
254 188 1
255 191 1
256 197 1
257 212 1
258 203 1
259 202 1
260 210 1
261 196 1
262 216 1
263 202 1
264 232 1
265 211 1
266 212 1
267 203 1
268 210 1
269 211 1
270 216 1
271 235 1
272 231 1
273 228 1
274 228 1
275 232 1
276 224 1
277 228 1
278 222 1
279 231 1
280 220 3
281 228 1
282 279 1
283 235 1
284 252 1
285 228 1
286 235 2
287 235 1
288 231 1
289 235 1
290 228 1
291 228 1
292 234 1
293 235 1
294 235 1
295 279 1
296 285 1
297 238 1
298 234 1
299 250 1
300 250 1
