200
1 0 0
2 20 1
3 27 1
4 21 1
5 27 1
6 26 1
7 27 1
8 30 1
9 26 1
10 27 1
11 27 1
12 39 1
13 27 1
14 43 2
15 40 1
16 42 1
17 40 1
18 47 2
19 13 1
20 51 1
21 51 2
22 51 3
23 31 1
24 37 1
25 37 1
26 51 1
27 68 3
28 68 7
29 51 1
30 21 1
31 68 2
32 67 2
33 68 1
34 68 1
35 46 1
36 37 1
37 67 1
38 67 4
39 51 1
40 54 2
41 68 4
42 40 1
43 68 2
44 68 3
45 68 1
46 17 1
47 75 2
48 68 3
49 68 1
50 68 1
51 51 1
52 67 13
53 51 1
54 67 1
55 68 3
56 88 1
57 67 1
58 68 1
59 67 1
60 68 1
61 80 2
62 51 1
63 67 1
64 60 1
65 71 1
66 69 1
67 68 1
68 0 27
69 0 42
70 77 2
71 87 1
72 82 9
73 82 1
74 0 1
75 87 1
76 90 5
77 0 1
78 0 3
79 71 1
80 88 1
81 0 4
82 67 1
83 0 14
84 68 1
85 68 1
86 71 1
87 71 1
88 68 3
89 107 4
90 103 1
91 0 12
92 68 1
93 71 1
94 67 1
95 0 1
96 103 1
97 107 2
98 75 2
99 71 1
100 71 1
101 0 1
102 80 1
103 71 1
104 0 3
105 107 1
106 82 3
107 88 1
108 0 9
109 105 1
110 0 4
111 90 2
112 110 1
113 124 1
114 96 1
115 0 10
116 105 1
117 114 2
118 0 2
119 0 1
120 90 4
121 0 10
122 97 1
123 0 1
124 0 2
125 114 5
126 123 1
127 0 2
128 120 1
129 107 1
130 0 26
131 0 4
132 129 1
133 109 1
134 114 2
135 124 1
136 120 6
137 120 1
138 139 1
139 109 1
140 119 3
141 0 19
142 129 5
143 109 1
144 120 1
145 135 1
146 129 4
147 117 1
148 129 3
149 124 1
150 129 3
151 129 2
152 116 1
153 145 2
154 124 1
155 141 1
156 135 1
157 130 1
158 139 1
159 135 1
160 140 2
161 129 4
162 126 1
163 140 2
164 130 1
165 135 1
166 140 1
167 129 1
168 129 2
169 135 1
170 140 9
171 173 1
172 130 1
173 133 1
174 169 8
175 140 2
176 141 1
177 145 1
178 141 1
179 141 1
180 150 1
181 160 2
182 162 1
183 140 1
184 140 1
185 149 1
186 152 1
187 147 1
188 149 1
189 147 1
190 173 1
191 173 1
192 173 1
193 173 1
194 160 1
195 173 1
196 159 1
197 173 1
198 174 1
199 180 1
200 167 1
