1000
1 0 0
2 9 1
3 36 1
4 45 1
5 5 1
6 56 3
7 24 1
8 24 1
9 70 1
10 63 3
11 45 1
12 53 1
13 55 1
14 53 1
15 5 1
16 38 4
17 62 1
18 56 1
19 62 1
20 53 1
21 69 1
22 31 1
23 62 1
24 56 1
25 79 3
26 70 1
27 15 1
28 62 2
29 65 1
30 38 1
31 69 1
32 70 2
33 27 1
34 87 1
35 55 1
36 68 1
37 79 2
38 62 1
39 79 6
40 9 1
41 70 1
42 94 1
43 68 1
44 61 1
45 15 1
46 85 3
47 15 1
48 65 1
49 85 1
50 85 1
51 68 1
52 61 1
53 79 1
54 108 4
55 86 1
56 96 3
57 93 6
58 96 1
59 63 1
60 69 1
61 63 1
62 87 3
63 109 7
64 101 6
65 97 2
66 124 3
67 108 1
68 85 1
69 107 4
70 84 4
71 96 6
72 101 1
73 86 1
74 96 1
75 95 1
76 96 1
77 87 1
78 106 1
79 64 1
80 134 21
81 135 1
82 96 1
83 110 1
84 86 1
85 97 5
86 142 7
87 146 4
88 95 6
89 108 1
90 134 2
91 112 1
92 143 1
93 142 1
94 149 7
95 146 16
96 94 8
97 139 15
98 79 8
99 147 1
100 129 1
101 139 1
102 142 8
103 147 1
104 110 1
105 114 1
106 129 1
107 156 4
108 94 5
109 170 7
110 161 8
111 149 3
112 143 1
113 172 2
114 106 1
115 133 5
116 135 1
117 146 1
118 94 1
119 178 2
120 146 1
121 114 1
122 106 1
123 153 1
124 142 1
125 169 4
126 149 1
127 180 10
128 178 1
129 96 1
130 161 3
131 146 1
132 136 1
133 89 1
134 126 9
135 180 24
136 168 4
137 114 2
138 180 4
139 149 1
140 194 17
141 161 1
142 118 1
143 192 18
144 184 3
145 184 1
146 177 1
147 195 24
148 170 3
149 177 1
150 178 13
151 180 1
152 177 1
153 189 1
154 159 2
155 135 1
156 195 1
157 217 6
158 173 1
159 202 2
160 133 3
161 170 1
162 206 13
163 217 3
164 137 3
165 170 1
166 184 1
167 158 1
168 177 1
169 206 5
170 200 5
171 200 13
172 202 1
173 192 3
174 163 2
175 156 1
176 176 1
177 194 4
178 238 5
179 232 17
180 162 1
181 194 41
182 176 1
183 205 1
184 162 1
185 242 6
186 240 1
187 200 1
188 196 1
189 176 1
190 225 2
191 244 1
192 205 2
193 256 22
194 208 1
195 254 63
196 243 26
197 217 2
198 223 1
199 236 1
200 241 1
201 260 20
202 260 1
203 245 4
204 244 1
205 245 1
206 268 5
207 257 19
208 191 1
209 243 2
210 257 1
211 257 1
212 253 1
213 259 1
214 232 1
215 252 1
216 258 1
217 253 2
218 220 13
219 205 1
220 253 1
221 259 14
222 266 1
223 230 1
224 262 2
225 257 1
226 234 3
227 256 1
228 254 1
229 250 1
230 216 1
231 240 6
232 180 1
233 257 19
234 265 1
235 253 4
236 246 1
237 230 4
238 254 1
239 276 6
240 267 1
241 263 9
242 292 2
243 263 7
244 274 29
245 268 3
246 293 6
247 280 2
248 266 1
249 217 1
250 268 1
251 254 2
252 240 1
253 292 2
254 308 9
255 284 69
256 298 1
257 292 24
258 315 42
259 302 2
260 294 18
261 318 22
262 308 1
263 280 22
264 262 17
265 288 1
266 274 2
267 294 3
268 302 2
269 318 10
270 302 1
271 259 1
272 236 2
273 293 1
274 318 1
275 308 32
276 259 1
277 318 7
278 294 2
279 262 1
280 254 1
281 309 27
282 318 1
283 318 1
284 280 1
285 330 101
286 294 1
287 315 1
288 294 1
289 311 3
290 309 1
291 277 1
292 294 1
293 346 29
294 341 8
295 322 28
296 262 1
297 318 1
298 271 1
299 302 2
300 325 13
301 302 1
302 322 17
303 299 11
304 302 1
305 360 45
306 306 1
307 284 2
308 311 1
309 304 43
310 284 29
311 337 1
312 341 5
313 288 1
314 350 2
315 304 1
316 372 44
317 346 1
318 344 1
319 364 44
320 364 1
321 360 2
322 346 1
323 348 47
324 357 1
325 299 1
326 301 15
327 280 1
328 322 1
329 344 1
330 313 1
331 369 103
332 357 1
333 364 1
334 301 1
335 361 1
336 302 1
337 364 2
338 370 2
339 330 1
340 294 1
341 386 1
342 389 64
343 344 1
344 364 1
345 355 5
346 351 1
347 377 32
348 354 1
349 351 48
350 336 1
351 388 10
352 341 50
353 398 1
354 320 1
355 350 7
356 401 7
357 344 1
358 377 3
359 354 1
360 355 1
361 389 48
362 386 2
363 325 1
364 392 1
365 400 54
366 388 1
367 354 1
368 384 4
369 417 1
370 400 104
371 399 3
372 374 1
373 404 45
374 388 1
375 354 2
376 364 3
377 364 1
378 421 36
379 421 1
380 398 1
381 431 1
382 401 1
383 354 1
384 421 1
385 388 5
386 375 2
387 423 5
388 386 1
389 425 19
390 421 113
391 399 1
392 385 1
393 415 15
394 400 1
395 392 1
396 367 1
397 388 1
398 423 1
399 439 3
400 429 6
401 421 160
402 392 10
403 421 1
404 423 1
405 421 46
406 401 1
407 399 1
408 367 1
409 447 1
410 450 1
411 431 2
412 467 1
413 367 1
414 467 1
415 431 1
416 434 18
417 434 24
418 481 3
419 392 2
420 421 1
421 417 1
422 0 360
423 431 1
424 453 9
425 423 1
426 438 21
427 479 8
428 416 1
429 434 1
430 426 7
431 486 1
432 477 6
433 462 1
434 450 1
435 439 45
436 455 1
437 415 1
438 450 4
439 416 22
440 459 51
441 444 1
442 472 74
443 425 1
444 486 1
445 0 2
446 410 1
447 472 1
448 479 2
449 452 1
450 439 1
451 0 92
452 512 1
453 437 3
454 457 10
455 450 85
456 470 3
457 434 1
458 488 45
459 439 1
460 0 265
461 455 1
462 415 1
463 475 2
464 470 2
465 418 1
466 441 2
467 441 1
468 470 4
469 0 1
470 472 1
471 512 13
472 475 1
473 0 78
474 490 1
475 486 1
476 441 4
477 479 1
478 441 65
479 486 3
480 484 20
481 502 1
482 504 6
483 479 1
484 463 1
485 457 34
486 512 1
487 492 61
488 452 1
489 477 58
490 0 1
491 481 2
492 472 1
493 459 107
494 0 1
495 0 10
496 454 84
497 504 1
498 550 1
499 521 1
500 441 1
501 479 6
502 467 1
503 470 3
504 486 1
505 484 11
506 521 19
507 504 1
508 488 12
509 478 1
510 486 49
511 459 106
512 0 1
513 505 18
514 0 1
515 465 1
516 479 1
517 502 1
518 486 1
519 492 45
520 478 1
521 507 1
522 509 21
523 504 2
524 486 1
525 543 8
526 486 1
527 543 1
528 531 37
529 486 1
530 500 1
531 510 2
532 518 44
533 0 187
534 494 9
535 500 4
536 507 2
537 507 8
538 543 1
539 484 1
540 484 1
541 554 2
542 534 1
543 531 1
544 552 13
545 532 91
546 531 2
547 532 14
548 495 83
549 524 1
550 531 2
551 512 2
552 543 1
553 547 39
554 524 1
555 509 27
556 510 103
557 557 2
558 527 36
559 590 1
560 536 6
561 552 8
562 624 1
563 559 4
564 531 1
565 524 5
566 534 1
567 552 1
568 581 1
569 569 1
570 533 8
571 576 1
572 557 20
573 555 5
574 540 1
575 534 1
576 547 1
577 591 2
578 557 1
579 547 3
580 530 1
581 559 1
582 532 81
583 522 1
584 554 3
585 543 1
586 555 1
587 546 7
588 569 1
589 546 2
590 535 1
591 624 3
592 571 19
593 536 1
594 546 1
595 555 2
596 552 1
597 615 1
598 572 1
599 552 15
600 555 1
601 546 1
602 620 1
603 614 1
604 545 1
605 555 93
606 590 1
607 544 1
608 547 38
609 544 30
610 547 1
611 554 21
612 546 2
613 569 2
614 544 59
615 591 16
616 614 3
617 594 1
618 658 1
619 556 1
620 581 1
621 564 3
622 578 2
623 560 4
624 549 1
625 614 10
626 583 2
627 557 1
628 588 1
629 639 3
630 612 1
631 562 3
632 610 19
633 560 3
634 614 1
635 557 11
636 564 1
637 598 1
638 632 1
639 572 3
640 608 9
641 621 1
642 624 1
643 654 1
644 586 6
645 569 3
646 613 58
647 604 92
648 639 4
649 598 13
650 581 36
651 608 1
652 615 1
653 634 9
654 638 2
655 648 2
656 581 42
657 622 2
658 607 1
659 663 6
660 620 1
661 607 36
662 631 5
663 608 1
664 648 7
665 630 2
666 628 1
667 608 14
668 658 1
669 631 1
670 610 1
671 608 3
672 643 5
673 661 3
674 632 1
675 611 1
676 622 1
677 672 1
678 639 1
679 625 1
680 628 1
681 656 1
682 608 1
683 646 4
684 652 1
685 671 4
686 631 11
687 644 2
688 658 2
689 645 4
690 660 1
691 634 1
692 624 4
693 660 34
694 672 1
695 631 1
696 645 53
697 648 1
698 649 34
699 648 1
700 655 41
701 653 1
702 684 2
703 646 2
704 661 1
705 646 85
706 648 1
707 664 1
708 649 1
709 682 3
710 652 7
711 647 3
712 658 1
713 691 3
714 666 2
715 688 3
716 697 11
717 666 11
718 686 1
719 704 43
720 697 2
721 692 6
722 684 1
723 670 2
724 709 5
725 704 41
726 687 1
727 699 15
728 697 1
729 697 1
730 710 2
731 699 1
732 723 3
733 697 12
734 724 7
735 726 10
736 695 52
737 723 1
738 692 27
739 685 10
740 715 1
741 702 1
742 697 6
743 712 1
744 750 1
745 726 1
746 715 1
747 770 1
748 724 33
749 715 6
750 715 1
751 708 2
752 714 1
753 701 1
754 759 2
755 747 30
756 786 3
757 712 1
758 714 1
759 741 1
760 768 3
761 699 24
762 733 3
763 715 1
764 713 1
765 729 1
766 754 2
767 733 3
768 718 42
769 720 4
770 709 1
771 772 2
772 732 1
773 737 24
774 741 2
775 731 2
776 720 1
777 734 8
778 741 1
779 738 8
780 754 26
781 726 2
782 719 1
783 716 10
784 772 1
785 741 1
786 726 1
787 815 4
788 734 1
789 778 6
790 761 1
791 748 3
792 722 1
793 732 9
794 735 51
795 737 1
796 732 1
797 753 1
798 766 1
799 767 19
800 793 38
801 788 1
802 737 1
803 772 1
804 754 1
805 760 1
806 813 5
807 782 9
808 776 1
809 755 2
810 778 1
811 738 1
812 747 1
813 760 21
814 793 6
815 788 1
816 772 5
817 747 1
818 773 1
819 767 8
820 779 1
821 748 2
822 760 1
823 772 13
824 772 1
825 765 1
826 808 1
827 779 24
828 766 1
829 834 1
830 767 14
831 833 1
832 761 1
833 776 6
834 805 2
835 805 2
836 788 1
837 799 1
838 774 1
839 799 1
840 846 4
841 881 1
842 788 1
843 812 1
844 793 6
845 818 3
846 780 1
847 799 35
848 826 13
849 790 1
850 788 1
851 881 2
852 790 1
853 812 14
854 812 5
855 792 8
856 806 8
857 798 18
858 850 1
859 829 13
860 832 4
861 859 1
862 826 10
863 853 4
864 846 4
865 820 1
866 818 4
867 854 2
868 839 3
869 865 3
870 822 12
871 843 3
872 854 1
873 843 2
874 832 1
875 869 1
876 881 1
877 854 2
878 868 1
879 847 11
880 867 1
881 846 1
882 869 9
883 881 1
884 861 3
885 846 20
886 856 16
887 855 6
888 858 4
889 859 1
890 867 1
891 844 2
892 846 5
893 855 1
894 847 1
895 861 1
896 858 8
897 869 1
898 856 1
899 852 13
900 908 4
901 878 1
902 859 1
903 868 1
904 854 2
905 862 2
906 861 5
907 885 3
908 863 3
909 884 17
910 885 1
911 898 1
912 886 1
913 887 1
914 862 1
915 876 1
916 885 1
917 904 1
918 881 2
919 899 1
920 870 2
921 884 1
922 898 2
923 885 1
924 866 1
925 878 5
926 872 1
927 878 4
928 898 2
929 885 3
930 908 3
931 881 1
932 885 3
933 891 1
934 898 3
935 884 1
936 886 1
937 885 2
938 899 2
939 885 1
940 908 1
941 887 2
942 891 3
943 908 1
944 886 2
945 895 2
946 908 6
947 943 1
948 883 2
949 895 4
950 890 1
951 898 2
952 898 2
953 908 1
954 906 1
955 886 1
956 950 1
957 895 1
958 907 1
959 905 1
960 924 1
961 926 2
962 905 3
963 937 1
964 907 1
965 931 2
966 928 1
967 903 1
968 924 1
969 940 1
970 906 1
971 948 1
972 921 1
973 924 1
974 944 1
975 941 1
976 929 1
977 919 1
978 927 1
979 945 5
980 926 1
981 978 1
982 978 1
983 917 1
984 960 1
985 947 1
986 924 1
987 948 1
988 929 1
989 928 1
990 961 1
991 933 1
992 978 1
993 948 1
994 933 1
995 978 1
996 964 1
997 936 1
998 951 1
999 961 1
1000 941 1
