200
1 0 0
2 20 1
3 15 1
4 17 1
5 41 1
6 31 1
7 17 1
8 20 1
9 21 1
10 17 1
11 44 1
12 16 1
13 15 1
14 31 1
15 47 1
16 50 3
17 56 3
18 55 4
19 44 1
20 44 1
21 52 3
22 50 2
23 50 1
24 16 1
25 44 1
26 41 1
27 52 1
28 44 1
29 55 1
30 41 1
31 55 1
32 54 3
33 47 1
34 50 1
35 45 1
36 55 1
37 52 1
38 70 1
39 50 1
40 56 1
41 41 1
42 56 5
43 47 1
44 55 1
45 83 6
46 75 2
47 67 1
48 75 7
49 56 1
50 47 1
51 75 9
52 75 1
53 79 6
54 56 1
55 79 4
56 75 12
57 91 14
58 75 1
59 55 1
60 75 1
61 56 1
62 47 1
63 75 2
64 75 1
65 47 1
66 56 1
67 83 1
68 91 5
69 86 1
70 62 1
71 102 2
72 91 1
73 75 1
74 79 1
75 82 1
76 0 41
77 55 1
78 75 1
79 55 1
80 0 13
81 0 1
82 91 1
83 0 2
84 0 8
85 67 1
86 91 1
87 0 2
88 102 1
89 0 1
90 0 5
91 0 1
92 0 33
93 91 1
94 67 1
95 107 3
96 75 2
97 79 1
98 67 1
99 89 2
100 102 1
101 0 1
102 95 1
103 91 9
104 0 8
105 94 1
106 0 2
107 98 1
108 0 14
109 0 11
110 0 1
111 108 2
112 0 5
113 0 5
114 122 1
115 108 2
116 0 10
117 0 1
118 0 18
119 0 1
120 117 1
121 94 1
122 0 1
123 89 2
124 102 2
125 107 9
126 103 1
127 0 7
128 0 1
129 103 1
130 0 1
131 0 2
132 0 3
133 102 2
134 114 1
135 103 1
136 110 1
137 124 1
138 107 1
139 108 5
140 103 4
141 108 1
142 111 3
143 111 1
144 105 1
145 112 4
146 124 2
147 144 2
148 141 2
149 159 1
150 117 14
151 124 1
152 115 7
153 126 2
154 117 1
155 117 1
156 115 2
157 126 3
158 123 1
159 126 1
160 138 4
161 149 5
162 124 4
163 149 1
164 144 1
165 131 1
166 149 1
167 131 1
168 130 1
169 149 1
170 139 1
171 149 1
172 132 1
173 147 1
174 139 1
175 151 1
176 160 1
177 161 1
178 139 1
179 152 1
180 149 1
181 151 1
182 159 1
183 145 1
184 149 1
185 149 1
186 146 1
187 160 1
188 149 1
189 159 1
190 161 1
191 160 1
192 151 3
193 155 1
194 156 2
195 151 1
196 161 1
197 193 1
198 191 1
199 191 1
200 160 1
