1000
1 0 0
2 33 1
3 46 1
4 65 1
5 35 1
6 32 3
7 70 1
8 49 1
9 62 1
10 5 1
11 45 1
12 46 2
13 46 1
14 49 1
15 40 1
16 62 1
17 70 1
18 33 1
19 46 1
20 33 1
21 35 1
22 5 1
23 46 1
24 11 1
25 75 1
26 46 1
27 45 6
28 46 1
29 63 1
30 71 1
31 54 1
32 85 1
33 70 4
34 26 5
35 63 1
36 94 3
37 54 1
38 63 1
39 33 1
40 86 1
41 102 2
42 85 1
43 83 1
44 95 1
45 102 1
46 91 9
47 94 18
48 49 1
49 67 1
50 94 4
51 97 1
52 54 1
53 79 1
54 45 1
55 67 4
56 97 1
57 94 1
58 85 1
59 63 1
60 106 1
61 89 1
62 119 1
63 108 3
64 119 5
65 105 1
66 79 2
67 98 1
68 46 8
69 46 1
70 95 1
71 87 7
72 136 2
73 125 1
74 87 1
75 108 1
76 108 2
77 94 1
78 98 1
79 94 1
80 138 4
81 98 1
82 67 1
83 130 1
84 108 2
85 125 1
86 150 4
87 125 2
88 138 11
89 102 1
90 108 2
91 119 1
92 108 11
93 125 1
94 138 1
95 155 29
96 150 5
97 125 1
98 102 4
99 116 4
100 108 1
101 67 1
102 102 1
103 143 10
104 138 1
105 97 1
106 147 2
107 158 2
108 109 1
109 170 24
110 150 2
111 147 1
112 128 1
113 116 1
114 115 1
115 136 1
116 95 2
117 146 6
118 170 1
119 108 1
120 169 9
121 119 1
122 150 2
123 91 1
124 169 1
125 164 1
126 177 7
127 164 1
128 161 1
129 87 2
130 169 1
131 164 2
132 121 1
133 191 1
134 178 1
135 146 1
136 156 1
137 187 4
138 138 1
139 189 19
140 155 1
141 178 1
142 157 1
143 156 1
144 173 11
145 158 1
146 181 1
147 202 8
148 170 4
149 161 1
150 155 1
151 211 14
152 187 1
153 161 1
154 170 1
155 177 1
156 213 32
157 213 3
158 179 2
159 214 4
160 211 1
161 194 1
162 222 4
163 195 1
164 216 1
165 213 5
166 222 1
167 210 1
168 183 2
169 167 1
170 239 12
171 219 32
172 209 1
173 213 1
174 181 12
175 183 1
176 222 1
177 226 1
178 209 9
179 214 5
180 227 3
181 225 1
182 234 14
183 189 1
184 227 16
185 211 1
186 223 1
187 170 1
188 221 6
189 217 1
190 234 21
191 223 1
192 209 2
193 225 1
194 217 1
195 202 2
196 178 2
197 258 1
198 234 1
199 254 1
200 253 1
201 221 1
202 209 1
203 262 11
204 223 1
205 209 1
206 222 1
207 236 2
208 223 1
209 224 2
210 265 15
211 222 2
212 250 17
213 220 1
214 267 42
215 270 10
216 222 1
217 255 2
218 258 4
219 263 1
220 266 33
221 265 2
222 252 8
223 281 11
224 183 12
225 244 3
226 269 3
227 260 2
228 278 24
229 223 1
230 278 1
231 208 1
232 223 1
233 281 1
234 252 1
235 251 37
236 206 1
237 252 3
238 288 1
239 265 1
240 284 13
241 252 1
242 288 1
243 296 1
244 217 1
245 274 4
246 261 3
247 264 1
248 264 1
249 281 1
250 255 1
251 306 18
252 252 38
253 306 52
254 269 2
255 269 2
256 279 4
257 258 1
258 308 1
259 299 7
260 267 1
261 312 3
262 227 4
263 298 12
264 301 2
265 323 3
266 294 19
267 294 34
268 306 44
269 306 1
270 307 10
271 330 11
272 299 1
273 223 2
274 312 1
275 296 6
276 269 1
277 323 1
278 297 1
279 296 31
280 320 7
281 293 1
282 328 14
283 269 1
284 223 3
285 306 14
286 312 1
287 293 1
288 306 1
289 299 3
290 323 1
291 293 1
292 328 1
293 245 1
294 333 17
295 323 54
296 328 1
297 299 39
298 279 2
299 293 13
300 324 56
301 336 6
302 306 3
303 278 5
304 333 1
305 245 1
306 320 2
307 348 138
308 330 11
309 345 2
310 274 1
311 341 1
312 306 3
313 347 6
314 306 1
315 300 2
316 316 1
317 339 2
318 299 5
319 272 1
320 345 1
321 331 10
322 314 1
323 317 4
324 374 60
325 372 57
326 384 2
327 283 1
328 333 1
329 351 17
330 283 1
331 331 23
332 350 35
333 369 1
334 366 20
335 311 1
336 311 1
337 355 7
338 325 1
339 322 3
340 373 3
341 341 1
342 365 3
343 389 1
344 348 1
345 300 3
346 396 5
347 345 1
348 387 7
349 387 141
350 302 4
351 379 37
352 387 18
353 363 1
354 331 1
355 396 1
356 371 9
357 305 1
358 389 1
359 350 1
360 397 1
361 404 4
362 387 1
363 366 1
364 396 3
365 348 1
366 391 5
367 374 22
368 360 3
369 363 1
370 387 2
371 375 1
372 372 11
373 414 69
374 414 4
375 417 90
376 374 2
377 338 1
378 387 1
379 367 1
380 403 38
381 374 1
382 355 1
383 415 1
384 388 2
385 398 3
386 344 1
387 338 1
388 442 171
389 374 3
390 396 43
391 404 1
392 447 6
393 367 1
394 371 1
395 442 1
396 365 1
397 454 53
398 349 2
399 432 4
400 442 1
401 462 2
402 344 1
403 374 1
404 389 40
405 447 6
406 423 1
407 457 2
408 406 1
409 433 1
410 349 1
411 462 3
412 423 1
413 454 1
414 442 1
415 462 80
416 456 2
417 417 1
418 461 92
419 425 1
420 423 1
421 432 1
422 403 1
423 445 1
424 455 4
425 442 1
426 442 3
427 445 1
428 425 1
429 414 6
430 445 1
431 400 1
432 455 1
433 456 7
434 445 2
435 383 1
436 442 1
437 410 1
438 445 1
439 442 1
440 442 1
441 464 7
442 432 1
443 0 276
444 462 3
445 482 3
446 485 7
447 444 2
448 464 13
449 463 1
450 456 1
451 443 2
452 456 1
453 410 1
454 476 2
455 0 55
456 440 6
457 476 42
458 428 3
459 496 1
460 428 2
461 469 1
462 482 93
463 442 94
464 495 2
465 467 27
466 477 12
467 446 1
468 456 29
469 0 75
470 462 5
471 477 1
472 468 72
473 476 26
474 0 1
475 469 3
476 491 1
477 471 71
478 472 18
479 453 1
480 502 1
481 464 5
482 496 1
483 0 193
484 516 1
485 496 1
486 532 8
487 459 1
488 520 1
489 467 1
490 450 1
491 480 4
492 465 11
493 474 1
494 495 1
495 474 1
496 521 4
497 522 5
498 517 1
499 0 1
500 468 1
501 491 7
502 496 1
503 509 2
504 456 1
505 491 1
506 464 1
507 509 1
508 477 3
509 472 1
510 0 123
511 472 4
512 516 1
513 0 1
514 525 3
515 468 1
516 513 1
517 490 3
518 507 2
519 535 1
520 513 1
521 522 3
522 532 5
523 532 10
524 472 2
525 0 274
526 524 153
527 532 1
528 477 1
529 531 91
530 509 1
531 549 1
532 482 96
533 590 25
534 500 2
535 525 1
536 575 2
537 525 1
538 522 1
539 510 3
540 491 1
541 509 6
542 509 1
543 500 1
544 524 57
545 531 4
546 524 4
547 520 1
548 538 2
549 509 2
550 500 2
551 509 99
552 574 5
553 590 1
554 557 18
555 528 26
556 509 10
557 600 3
558 572 19
559 525 119
560 524 1
561 500 1
562 547 1
563 553 5
564 574 30
565 556 1
566 562 2
567 525 26
568 551 4
569 533 1
570 580 1
571 523 1
572 558 1
573 554 22
574 525 2
575 558 115
576 590 3
577 524 58
578 556 1
579 617 33
580 528 64
581 584 5
582 554 1
583 543 56
584 597 2
585 553 11
586 558 1
587 598 1
588 594 1
589 565 1
590 540 5
591 578 31
592 555 9
593 553 1
594 544 1
595 600 4
596 544 2
597 583 1
598 622 3
599 554 2
600 578 1
601 612 9
602 545 3
603 566 14
604 591 1
605 558 1
606 579 1
607 584 1
608 548 1
609 550 1
610 580 3
611 562 1
612 584 2
613 622 13
614 572 2
615 567 1
616 550 96
617 550 1
618 574 79
619 622 1
620 609 1
621 566 10
622 566 1
623 563 29
624 567 2
625 612 1
626 579 61
627 562 1
628 584 1
629 579 1
630 601 1
631 645 1
632 590 1
633 576 27
634 589 1
635 641 2
636 589 1
637 622 1
638 646 3
639 591 7
640 622 1
641 594 1
642 582 55
643 617 34
644 611 1
645 576 24
646 625 58
647 622 4
648 573 1
649 576 6
650 609 1
651 601 1
652 622 1
653 594 1
654 613 1
655 617 1
656 612 2
657 622 3
658 589 1
659 584 1
660 644 11
661 602 13
662 600 1
663 645 1
664 617 3
665 625 1
666 589 1
667 632 2
668 595 1
669 615 6
670 615 89
671 620 1
672 634 1
673 641 6
674 637 1
675 645 1
676 625 1
677 644 10
678 622 1
679 644 2
680 641 41
681 617 7
682 655 1
683 632 24
684 645 54
685 642 33
686 620 8
687 648 4
688 638 5
689 641 5
690 623 1
691 729 1
692 637 1
693 656 2
694 668 5
695 679 39
696 648 1
697 703 2
698 638 1
699 687 1
700 672 1
701 659 2
702 669 1
703 687 3
704 730 8
705 684 1
706 730 1
707 684 10
708 713 2
709 669 17
710 663 1
711 659 6
712 659 2
713 685 4
714 684 20
715 676 9
716 739 5
717 678 1
718 660 12
719 672 3
720 672 1
721 669 18
722 666 1
723 706 1
724 703 2
725 663 1
726 669 52
727 706 1
728 683 28
729 703 3
730 735 5
731 727 15
732 686 3
733 684 1
734 730 1
735 680 1
736 713 17
737 739 3
738 730 1
739 680 4
740 727 12
741 706 1
742 683 25
743 679 1
744 707 1
745 739 2
746 685 2
747 730 1
748 682 23
749 680 1
750 688 4
751 739 1
752 730 1
753 692 1
754 685 1
755 700 1
756 708 5
757 693 4
758 735 2
759 731 2
760 714 8
761 694 38
762 696 1
763 715 2
764 725 39
765 725 1
766 715 1
767 712 1
768 775 1
769 712 1
770 702 2
771 711 1
772 729 2
773 720 17
774 723 1
775 710 2
776 812 4
777 718 2
778 706 6
779 712 1
780 710 3
781 812 1
782 728 1
783 812 2
784 708 11
785 715 1
786 725 11
787 736 1
788 805 1
789 728 1
790 756 1
791 717 11
792 730 1
793 735 9
794 729 1
795 812 9
796 736 1
797 744 1
798 755 1
799 762 1
800 763 1
801 772 2
802 745 1
803 738 3
804 757 1
805 760 15
806 741 24
807 755 1
808 747 22
809 755 2
810 782 1
811 759 1
812 749 2
813 763 37
814 759 6
815 749 1
816 777 2
817 805 1
818 758 1
819 829 2
820 777 2
821 775 1
822 775 1
823 756 1
824 756 1
825 819 1
826 804 1
827 779 2
828 777 1
829 790 3
830 760 22
831 805 15
832 872 1
833 872 1
834 818 1
835 794 2
836 811 1
837 772 11
838 804 11
839 772 3
840 771 1
841 769 1
842 829 1
843 774 1
844 785 1
845 859 1
846 783 10
847 834 1
848 805 2
849 790 7
850 794 4
851 792 8
852 776 1
853 785 9
854 800 1
855 794 1
856 829 1
857 850 1
858 887 1
859 807 1
860 872 2
861 805 2
862 807 2
863 802 1
864 808 1
865 807 1
866 802 1
867 815 1
868 828 1
869 804 2
870 826 1
871 829 13
872 794 1
873 830 5
874 805 1
875 805 1
876 807 17
877 829 4
878 812 17
879 812 3
880 887 3
881 836 1
882 850 3
883 836 9
884 877 14
885 845 2
886 813 5
887 828 1
888 830 8
889 845 7
890 852 4
891 838 2
892 837 10
893 879 1
894 830 1
895 877 1
896 848 6
897 850 3
898 847 1
899 860 1
900 849 3
901 861 1
902 852 4
903 876 3
904 870 12
905 882 1
906 891 5
907 889 1
908 875 10
909 887 2
910 878 1
911 875 2
912 903 5
913 883 13
914 905 2
915 884 1
916 882 4
917 895 5
918 868 1
919 903 3
920 879 1
921 877 1
922 875 4
923 921 1
924 912 11
925 881 2
926 889 2
927 885 1
928 885 1
929 918 2
930 887 1
931 878 1
932 905 1
933 905 1
934 885 2
935 911 2
936 957 1
937 946 1
938 899 2
939 882 3
940 921 1
941 912 1
942 888 6
943 957 2
944 907 9
945 908 1
946 890 1
947 896 2
948 891 4
949 941 1
950 903 2
951 915 2
952 902 1
953 943 3
954 901 2
955 941 1
956 921 1
957 910 1
958 923 7
959 953 1
960 902 1
961 901 1
962 943 1
963 913 1
964 950 1
965 947 3
966 924 1
967 903 1
968 957 1
969 923 1
970 923 1
971 915 1
972 916 1
973 923 1
974 942 1
975 911 2
976 916 3
977 925 1
978 928 1
979 975 1
980 937 1
981 938 1
982 934 1
983 933 1
984 943 4
985 975 1
986 941 3
987 964 2
988 938 1
989 952 1
990 952 1
991 983 1
992 974 1
993 985 1
994 986 1
995 957 1
996 985 1
997 949 1
998 998 1
999 983 2
1000 957 1
