500
1 0 0
2 70 1
3 13 1
4 26 1
5 13 1
6 13 1
7 70 1
8 42 1
9 29 1
10 13 1
11 14 1
12 67 1
13 70 1
14 105 5
15 42 2
16 23 1
17 105 1
18 30 1
19 23 1
20 105 1
21 101 1
22 105 1
23 35 1
24 105 5
25 70 1
26 23 1
27 115 2
28 105 1
29 101 1
30 115 2
31 105 2
32 67 1
33 70 1
34 137 2
35 70 1
36 105 2
37 101 1
38 70 1
39 105 1
40 105 1
41 101 1
42 105 1
43 135 5
44 101 1
45 70 1
46 70 1
47 105 1
48 105 1
49 101 1
50 135 1
51 42 1
52 33 1
53 105 1
54 70 1
55 101 1
56 23 1
57 101 1
58 70 1
59 105 1
60 105 1
61 101 1
62 101 1
63 70 1
64 70 1
65 98 1
66 67 1
67 101 1
68 165 5
69 67 1
70 165 1
71 135 14
72 105 1
73 105 1
74 162 1
75 135 1
76 115 3
77 135 1
78 135 1
79 105 1
80 105 1
81 135 1
82 135 1
83 105 1
84 75 1
85 105 1
86 105 1
87 135 1
88 105 1
89 115 1
90 135 1
91 105 1
92 101 1
93 105 1
94 162 1
95 135 1
96 115 1
97 105 1
98 105 1
99 183 2
100 135 1
101 101 1
102 155 17
103 105 1
104 115 1
105 165 1
106 196 47
107 75 1
108 101 1
109 115 1
110 105 1
111 135 1
112 135 1
113 105 1
114 162 1
115 105 1
116 155 17
117 105 1
118 155 1
119 105 1
120 135 1
121 105 1
122 105 1
123 155 1
124 155 1
125 199 1
126 101 1
127 162 1
128 155 1
129 115 1
130 199 1
131 115 1
132 101 1
133 170 1
134 135 1
135 155 1
136 205 36
137 199 1
138 155 3
139 155 1
140 155 1
141 155 1
142 162 1
143 135 1
144 115 1
145 157 1
146 155 1
147 153 1
148 135 1
149 155 1
150 155 1
151 155 1
152 170 1
153 183 1
154 165 2
155 155 1
156 0 62
157 155 1
158 0 2
159 199 1
160 155 1
161 115 1
162 162 1
163 192 12
164 192 1
165 155 1
166 192 13
167 186 1
168 115 1
169 165 1
170 186 1
171 213 6
172 192 1
173 155 1
174 155 1
175 217 1
176 155 1
177 162 1
178 186 1
179 170 2
180 192 1
181 155 1
182 199 1
183 0 1
184 196 4
185 186 1
186 192 1
187 0 10
188 189 1
189 178 1
190 0 4
191 0 1
192 155 1
193 0 41
194 155 1
195 155 1
196 0 1
197 0 55
198 0 1
199 189 1
200 213 11
201 223 1
202 186 1
203 170 1
204 162 1
205 186 1
206 0 37
207 162 1
208 192 2
209 0 1
210 189 1
211 162 1
212 186 1
213 0 1
214 0 27
215 162 1
216 0 1
217 0 1
218 213 6
219 0 1
220 0 3
221 217 1
222 199 1
223 0 1
224 0 10
225 155 1
226 199 1
227 223 1
228 192 2
229 217 1
230 251 1
231 0 1
232 213 1
233 0 1
234 0 1
235 217 1
236 192 1
237 0 1
238 192 1
239 274 3
240 0 5
241 262 1
242 196 1
243 0 1
244 186 1
245 262 1
246 0 1
247 0 1
248 0 1
249 0 5
250 292 1
251 0 5
252 274 3
253 165 1
254 165 1
255 0 1
256 0 2
257 199 1
258 0 1
259 0 1
260 0 1
261 217 1
262 0 1
263 0 8
264 0 1
265 199 1
266 283 1
267 0 1
268 192 2
269 192 1
270 0 1
271 207 1
272 262 1
273 199 1
274 0 6
275 0 36
276 192 1
277 0 10
278 0 1
279 0 1
280 213 2
281 283 1
282 192 1
283 0 1
284 0 3
285 219 1
286 0 1
287 186 1
288 0 6
289 227 1
290 196 1
291 274 1
292 223 4
293 239 4
294 0 2
295 196 1
296 0 27
297 359 1
298 248 2
299 0 2
300 262 1
301 0 2
302 0 3
303 223 1
304 300 1
305 0 1
306 262 3
307 223 1
308 0 4
309 238 1
310 274 5
311 238 1
312 276 4
313 0 1
314 0 1
315 0 2
316 0 2
317 0 9
318 0 2
319 219 1
320 291 1
321 0 1
322 276 1
323 0 2
324 223 1
325 0 1
326 0 21
327 305 1
328 0 2
329 0 1
330 0 20
331 0 4
332 0 1
333 248 2
334 276 4
335 0 3
336 0 1
337 250 4
338 292 1
339 316 1
340 292 1
341 267 1
342 274 5
343 0 4
344 0 2
345 274 1
346 251 1
347 295 3
348 0 10
349 0 1
350 343 1
351 274 2
352 368 2
353 274 6
354 316 3
355 291 2
356 274 1
357 279 1
358 255 1
359 311 2
360 325 7
361 333 1
362 309 2
363 352 1
364 274 8
365 325 1
366 295 4
367 305 1
368 329 8
369 295 16
370 273 5
371 325 3
372 359 2
373 359 1
374 309 1
375 346 1
376 325 2
377 329 1
378 287 5
379 293 1
380 295 3
381 325 1
382 329 3
383 298 1
384 329 7
385 367 1
386 311 1
387 297 1
388 301 2
389 309 1
390 316 3
391 317 1
392 325 2
393 307 3
394 341 3
395 353 1
396 368 7
397 314 1
398 352 3
399 315 1
400 336 3
401 361 1
402 325 4
403 401 1
404 350 1
405 333 2
406 316 1
407 330 2
408 322 1
409 334 2
410 330 1
411 347 4
412 353 1
413 327 1
414 363 2
415 359 1
416 342 1
417 347 1
418 341 1
419 367 1
420 346 1
421 410 1
422 332 1
423 368 1
424 342 2
425 347 1
426 359 1
427 367 1
428 347 1
429 347 1
430 351 1
431 347 1
432 363 1
433 352 1
434 363 1
435 368 2
436 365 1
437 377 1
438 367 1
439 368 1
440 377 1
441 354 1
442 377 1
443 363 1
444 383 1
445 404 1
446 367 1
447 369 1
448 358 1
449 368 1
450 367 1
451 369 1
452 363 1
453 363 1
454 371 1
455 367 1
456 365 1
457 383 1
458 368 1
459 369 1
460 365 1
461 383 1
462 369 1
463 370 1
464 377 1
465 395 1
466 383 1
467 379 1
468 370 1
469 401 1
470 383 1
471 383 1
472 375 1
473 379 1
474 397 1
475 434 1
476 381 1
477 381 1
478 483 1
479 393 1
480 401 1
481 387 1
482 395 1
483 389 1
484 410 2
485 413 1
486 389 1
487 391 1
488 395 1
489 395 1
490 395 1
491 392 1
492 392 1
493 393 1
494 399 1
495 395 1
496 423 1
497 408 1
498 397 1
499 399 1
500 406 1
