500
1 0 0
2 22 1
3 90 1
4 22 1
5 59 2
6 42 1
7 4 1
8 59 1
9 22 1
10 73 1
11 31 1
12 84 1
13 65 1
14 59 1
15 62 1
16 49 1
17 90 1
18 59 2
19 54 1
20 92 1
21 109 1
22 91 1
23 106 4
24 72 2
25 17 1
26 59 1
27 92 1
28 109 1
29 59 1
30 59 1
31 109 1
32 106 2
33 84 1
34 39 2
35 33 1
36 109 1
37 73 1
38 92 1
39 102 2
40 59 3
41 38 1
42 59 1
43 109 2
44 59 1
45 102 1
46 133 1
47 92 1
48 92 1
49 54 1
50 106 2
51 59 1
52 59 1
53 106 1
54 109 1
55 122 3
56 142 1
57 59 1
58 73 1
59 146 1
60 149 22
61 59 1
62 108 1
63 157 2
64 96 1
65 139 1
66 108 2
67 92 1
68 92 1
69 149 1
70 106 1
71 109 1
72 108 1
73 159 3
74 102 4
75 23 1
76 141 1
77 59 1
78 106 1
79 142 1
80 108 1
81 142 1
82 92 1
83 142 1
84 59 1
85 173 3
86 102 1
87 106 1
88 106 1
89 59 1
90 106 1
91 173 3
92 102 2
93 149 10
94 92 1
95 108 1
96 149 1
97 149 2
98 109 1
99 108 1
100 149 1
101 109 1
102 142 1
103 169 11
104 106 1
105 135 1
106 139 1
107 149 17
108 106 1
109 172 14
110 184 12
111 146 1
112 108 1
113 109 1
114 166 1
115 211 1
116 108 1
117 172 3
118 149 1
119 108 1
120 108 1
121 149 1
122 166 1
123 149 4
124 108 1
125 157 1
126 157 2
127 116 1
128 149 1
129 173 1
130 173 1
131 168 2
132 169 1
133 166 1
134 206 2
135 149 1
136 149 2
137 149 1
138 125 1
139 149 1
140 184 3
141 165 1
142 184 2
143 201 8
144 161 1
145 163 1
146 108 1
147 184 3
148 200 1
149 168 1
150 0 69
151 161 1
152 162 1
153 149 1
154 168 1
155 184 1
156 0 1
157 142 1
158 0 6
159 169 1
160 0 4
161 184 1
162 193 4
163 172 3
164 0 2
165 149 1
166 0 2
167 190 4
168 172 2
169 0 10
170 0 14
171 201 2
172 0 2
173 0 26
174 193 14
175 203 1
176 0 2
177 190 1
178 0 1
179 184 1
180 171 1
181 0 1
182 116 1
183 0 1
184 0 2
185 0 25
186 190 1
187 285 2
188 162 1
189 0 1
190 0 1
191 0 13
192 0 1
193 0 1
194 0 34
195 184 1
196 0 5
197 130 1
198 172 2
199 186 1
200 206 1
201 0 2
202 0 17
203 193 5
204 225 2
205 0 1
206 0 1
207 193 5
208 201 4
209 142 1
210 168 1
211 0 2
212 231 3
213 0 1
214 0 1
215 193 1
216 173 1
217 197 1
218 231 1
219 195 1
220 190 1
221 0 15
222 183 1
223 0 1
224 0 1
225 173 1
226 0 3
227 0 2
228 231 3
229 168 1
230 175 1
231 168 1
232 0 23
233 161 1
234 206 1
235 0 1
236 193 4
237 235 1
238 256 1
239 0 1
240 227 1
241 168 1
242 0 1
243 173 1
244 256 1
245 167 1
246 201 2
247 168 1
248 0 1
249 0 5
250 190 1
251 220 2
252 173 1
253 256 1
254 170 1
255 227 1
256 0 1
257 220 6
258 0 5
259 0 2
260 190 1
261 202 1
262 257 2
263 0 2
264 0 4
265 0 1
266 0 6
267 257 1
268 0 4
269 0 13
270 250 1
271 195 1
272 258 1
273 173 1
274 172 1
275 231 2
276 207 1
277 220 1
278 202 1
279 265 1
280 190 2
281 207 1
282 286 3
283 195 1
284 226 1
285 190 1
286 268 5
287 0 7
288 303 1
289 207 1
290 0 2
291 231 3
292 231 1
293 0 11
294 202 1
295 231 2
296 268 1
297 0 3
298 292 1
299 202 1
300 231 3
301 302 1
302 0 3
303 309 2
304 0 2
305 0 1
306 268 1
307 195 1
308 211 1
309 0 9
310 0 37
311 220 3
312 0 5
313 0 1
314 268 2
315 0 1
316 257 1
317 309 5
318 220 1
319 220 1
320 310 1
321 0 1
322 0 46
323 235 1
324 210 1
325 235 1
326 309 11
327 285 2
328 321 3
329 261 1
330 0 3
331 0 3
332 0 1
333 231 4
334 0 1
335 0 5
336 245 1
337 265 2
338 321 5
339 256 1
340 0 2
341 0 10
342 248 3
343 0 2
344 309 2
345 248 1
346 262 1
347 309 4
348 279 1
349 274 1
350 265 2
351 301 2
352 256 1
353 321 6
354 263 1
355 0 2
356 268 1
357 263 1
358 263 1
359 294 1
360 370 1
361 267 1
362 268 2
363 321 2
364 267 1
365 267 1
366 309 10
367 286 1
368 289 1
369 316 3
370 296 1
371 281 2
372 292 1
373 292 1
374 321 1
375 299 2
376 286 2
377 296 1
378 325 5
379 290 1
380 292 5
381 290 1
382 292 2
383 325 1
384 321 2
385 309 2
386 308 7
387 321 4
388 321 1
389 310 1
390 385 2
391 396 5
392 308 1
393 321 1
394 321 5
395 321 1
396 311 2
397 321 11
398 321 1
399 311 1
400 326 1
401 334 2
402 316 1
403 390 1
404 337 1
405 311 1
406 313 1
407 332 1
408 336 1
409 352 1
410 321 1
411 340 4
412 325 3
413 332 1
414 325 1
415 329 2
416 340 4
417 321 1
418 327 1
419 327 1
420 365 5
421 332 1
422 337 1
423 330 1
424 365 1
425 352 1
426 339 1
427 386 2
428 337 1
429 330 1
430 415 1
431 346 1
432 346 1
433 341 1
434 343 1
435 346 1
436 340 1
437 365 1
438 334 1
439 334 1
440 337 1
441 415 1
442 341 1
443 349 1
444 368 1
445 352 1
446 352 1
447 350 1
448 379 1
449 377 1
450 354 1
451 342 1
452 379 1
453 368 1
454 365 1
455 377 2
456 390 1
457 352 1
458 396 1
459 385 1
460 419 1
461 362 1
462 386 1
463 393 1
464 361 1
465 379 2
466 385 1
467 365 1
468 384 1
469 393 1
470 415 1
471 454 1
472 377 1
473 375 1
474 410 1
475 383 1
476 464 1
477 389 1
478 400 1
479 374 1
480 393 1
481 396 2
482 414 1
483 385 1
484 396 1
485 390 1
486 393 1
487 381 1
488 480 1
489 395 1
490 385 1
491 426 1
492 419 1
493 390 1
494 396 1
495 410 1
496 419 1
497 410 1
498 411 1
499 411 1
500 419 1
