300
1 0 0
2 49 1
3 8 1
4 18 1
5 32 1
6 68 1
7 51 1
8 37 1
9 62 2
10 64 1
11 57 2
12 18 1
13 37 1
14 10 1
15 57 1
16 62 1
17 18 1
18 33 1
19 62 6
20 68 1
21 66 1
22 41 1
23 32 1
24 76 1
25 37 1
26 62 1
27 78 1
28 18 1
29 29 1
30 57 2
31 62 1
32 62 1
33 57 3
34 57 2
35 37 1
36 51 1
37 62 1
38 97 6
39 18 1
40 62 1
41 57 1
42 97 4
43 64 1
44 57 1
45 37 1
46 76 1
47 51 1
48 97 1
49 57 1
50 97 2
51 68 1
52 94 4
53 41 1
54 108 1
55 64 1
56 41 1
57 97 1
58 97 14
59 98 2
60 97 1
61 82 1
62 94 1
63 97 18
64 58 1
65 113 4
66 66 1
67 119 4
68 94 1
69 113 5
70 97 1
71 74 1
72 97 1
73 66 1
74 75 1
75 104 2
76 89 2
77 129 3
78 88 1
79 62 2
80 112 1
81 108 1
82 111 1
83 99 2
84 88 1
85 113 2
86 97 1
87 62 1
88 68 1
89 115 3
90 104 3
91 97 1
92 97 1
93 115 1
94 115 1
95 129 7
96 97 1
97 97 1
98 0 61
99 104 4
100 129 3
101 140 1
102 152 1
103 0 1
104 147 1
105 0 11
106 161 1
107 109 1
108 97 1
109 129 3
110 163 5
111 140 1
112 158 2
113 97 4
114 0 12
115 109 1
116 0 7
117 0 1
118 104 1
119 0 1
120 0 6
121 0 13
122 0 1
123 112 1
124 115 1
125 0 1
126 112 1
127 0 1
128 84 1
129 0 1
130 0 17
131 140 1
132 143 1
133 140 1
134 0 1
135 98 1
136 97 1
137 0 1
138 0 1
139 109 1
140 143 1
141 120 11
142 0 1
143 140 1
144 163 3
145 119 1
146 109 1
147 0 1
148 163 5
149 120 1
150 163 1
151 147 1
152 140 1
153 158 3
154 0 2
155 140 1
156 163 1
157 140 1
158 147 1
159 0 16
160 0 1
161 0 1
162 169 2
163 0 2
164 0 44
165 163 1
166 153 1
167 0 13
168 158 5
169 0 1
170 0 8
171 0 1
172 0 1
173 194 1
174 147 1
175 167 1
176 140 1
177 194 1
178 0 9
179 0 4
180 194 1
181 0 11
182 0 5
183 0 1
184 0 1
185 0 1
186 140 1
187 158 1
188 0 1
189 0 1
190 0 1
191 163 5
192 0 7
193 178 3
194 158 1
195 163 18
196 0 2
197 194 1
198 194 2
199 152 1
200 0 11
201 0 1
202 218 1
203 167 1
204 158 3
205 167 1
206 0 1
207 0 1
208 194 1
209 190 1
210 163 1
211 163 2
212 192 1
213 180 6
214 0 5
215 163 1
216 0 1
217 192 1
218 199 3
219 166 10
220 0 6
221 162 1
222 167 1
223 166 2
224 180 4
225 169 4
226 191 6
227 169 1
228 181 2
229 177 2
230 234 1
231 194 3
232 177 3
233 225 1
234 177 3
235 190 3
236 212 1
237 194 4
238 213 3
239 197 1
240 181 2
241 218 6
242 194 3
243 199 7
244 195 1
245 212 1
246 213 1
247 212 1
248 212 1
249 223 1
250 212 1
251 203 2
252 223 1
253 234 1
254 210 1
255 217 2
256 257 1
257 219 5
258 225 3
259 224 3
260 223 1
261 218 2
262 225 1
263 222 1
264 227 1
265 260 1
266 242 1
267 241 1
268 242 1
269 230 1
270 230 1
271 228 1
272 237 1
273 240 1
274 233 1
275 231 1
276 239 1
277 231 1
278 240 1
279 257 1
280 233 1
281 236 1
282 242 1
283 236 1
284 236 1
285 256 1
286 240 1
287 242 1
288 241 1
289 242 1
290 237 1
291 240 1
292 256 1
293 258 2
294 292 1
295 240 1
296 242 1
297 256 1
298 256 1
299 250 1
300 254 1
