300
1 0 0
2 57 1
3 63 2
4 37 1
5 35 1
6 68 1
7 7 1
8 37 2
9 46 1
10 63 1
11 35 1
12 37 1
13 23 1
14 24 1
15 2 1
16 23 1
17 47 1
18 37 1
19 55 1
20 55 1
21 37 1
22 70 1
23 71 1
24 37 3
25 65 3
26 68 1
27 53 1
28 63 1
29 63 1
30 65 1
31 73 1
32 46 1
33 63 1
34 63 1
35 37 1
36 81 3
37 69 1
38 96 13
39 63 1
40 37 1
41 46 1
42 24 1
43 96 1
44 75 1
45 53 1
46 37 1
47 103 4
48 81 2
49 96 1
50 96 1
51 81 1
52 53 1
53 81 1
54 96 6
55 96 1
56 102 4
57 53 1
58 96 2
59 96 1
60 55 1
61 53 1
62 96 1
63 65 1
64 105 9
65 78 1
66 96 7
67 96 1
68 94 1
69 70 3
70 102 2
71 128 5
72 128 2
73 94 1
74 128 2
75 123 1
76 103 2
77 96 1
78 94 1
79 103 2
80 128 1
81 81 1
82 103 9
83 96 1
84 103 1
85 96 1
86 96 1
87 138 1
88 65 1
89 122 2
90 94 1
91 138 1
92 102 1
93 96 1
94 96 1
95 122 5
96 96 1
97 0 49
98 96 1
99 134 2
100 96 1
101 138 1
102 138 1
103 142 9
104 0 20
105 123 1
106 0 10
107 96 1
108 98 1
109 102 1
110 96 1
111 134 2
112 88 1
113 0 1
114 158 1
115 138 1
116 96 1
117 138 1
118 147 1
119 142 2
120 96 1
121 138 1
122 134 1
123 0 8
124 142 7
125 134 1
126 0 1
127 103 1
128 123 1
129 0 11
130 0 1
131 138 1
132 142 3
133 161 1
134 142 1
135 0 7
136 0 1
137 0 1
138 0 2
139 161 12
140 123 1
141 168 3
142 0 1
143 0 36
144 140 1
145 0 1
146 142 1
147 118 1
148 161 2
149 138 1
150 0 2
151 110 1
152 0 6
153 137 1
154 161 2
155 0 1
156 0 1
157 164 1
158 0 1
159 142 6
160 0 1
161 0 1
162 0 38
163 0 9
164 0 5
165 0 2
166 0 1
167 0 7
168 131 1
169 0 24
170 123 1
171 142 1
172 162 3
173 142 3
174 0 1
175 161 7
176 0 7
177 138 1
178 123 1
179 142 1
180 153 1
181 158 1
182 142 1
183 162 5
184 140 1
185 0 1
186 131 1
187 0 13
188 161 11
189 158 1
190 187 1
191 0 21
192 138 1
193 158 2
194 0 1
195 151 4
196 0 6
197 187 2
198 182 1
199 161 2
200 151 1
201 149 1
202 204 2
203 174 4
204 171 1
205 168 16
206 174 2
207 187 1
208 163 4
209 187 1
210 172 1
211 168 3
212 182 1
213 182 1
214 168 1
215 166 2
216 166 4
217 175 6
218 186 7
219 217 2
220 182 1
221 190 11
222 171 1
223 172 1
224 204 7
225 194 1
226 217 1
227 186 5
228 187 1
229 217 1
230 204 2
231 195 1
232 187 1
233 187 2
234 194 1
235 187 1
236 223 1
237 190 2
238 190 4
239 190 3
240 204 1
241 216 1
242 220 2
243 194 1
244 192 1
245 195 2
246 241 1
247 204 1
248 202 1
249 218 1
250 198 1
251 196 1
252 216 1
253 220 1
254 223 1
255 195 1
256 195 1
257 202 1
258 204 1
259 207 1
260 220 1
261 202 1
262 215 1
263 207 1
264 216 1
265 201 1
266 207 1
267 215 1
268 205 1
269 204 1
270 210 1
271 217 1
272 220 1
273 223 1
274 210 1
275 216 1
276 220 1
277 226 1
278 214 1
279 220 1
280 216 1
281 217 1
282 220 1
283 220 1
284 215 1
285 223 1
286 236 1
287 232 1
288 237 1
289 220 1
290 226 1
291 223 1
292 229 1
293 223 1
294 226 1
295 226 1
296 237 1
297 244 1
298 237 1
299 238 1
300 238 1
