500
1 0 0
2 24 1
3 24 1
4 44 1
5 39 4
6 4 1
7 28 1
8 24 1
9 27 1
10 19 1
11 4 1
12 46 1
13 55 1
14 52 1
15 27 1
16 21 1
17 46 1
18 60 1
19 46 1
20 69 3
21 56 1
22 56 5
23 44 1
24 55 1
25 55 4
26 56 1
27 44 1
28 46 3
29 56 2
30 4 1
31 61 1
32 69 2
33 19 1
34 56 2
35 49 1
36 48 1
37 31 1
38 44 1
39 71 1
40 61 5
41 69 1
42 86 1
43 21 3
44 55 1
45 86 5
46 71 1
47 86 7
48 85 1
49 61 2
50 90 3
51 86 1
52 69 1
53 64 2
54 49 1
55 93 1
56 96 8
57 84 12
58 61 1
59 84 1
60 33 1
61 90 2
62 87 14
63 86 1
64 86 1
65 61 3
66 96 1
67 85 1
68 87 1
69 61 1
70 102 9
71 84 1
72 101 3
73 84 1
74 42 2
75 99 1
76 103 1
77 101 1
78 69 1
79 100 1
80 96 1
81 111 1
82 92 1
83 101 1
84 86 1
85 101 17
86 113 3
87 115 18
88 89 16
89 111 1
90 113 18
91 113 6
92 99 1
93 100 2
94 120 2
95 107 1
96 123 1
97 115 11
98 89 1
99 73 1
100 121 3
101 131 4
102 123 24
103 123 11
104 143 3
105 143 1
106 102 1
107 103 1
108 125 2
109 122 1
110 121 1
111 117 1
112 136 3
113 129 1
114 147 28
115 147 1
116 147 30
117 84 1
118 147 2
119 101 1
120 131 1
121 152 3
122 133 5
123 161 2
124 141 38
125 164 2
126 143 11
127 141 1
128 143 1
129 149 1
130 139 2
131 125 1
132 164 6
133 124 1
134 125 6
135 153 1
136 143 1
137 141 4
138 143 2
139 143 1
140 148 3
141 125 1
142 181 44
143 123 1
144 163 21
145 149 1
146 148 1
147 164 2
148 185 64
149 174 11
150 185 3
151 148 1
152 148 4
153 171 4
154 147 2
155 137 1
156 164 1
157 160 1
158 171 1
159 181 1
160 151 3
161 159 2
162 175 3
163 181 1
164 210 22
165 180 14
166 181 1
167 146 1
168 171 1
169 183 5
170 148 1
171 168 1
172 201 7
173 164 2
174 168 1
175 199 12
176 185 4
177 191 2
178 200 3
179 211 1
180 210 2
181 218 16
182 206 48
183 176 1
184 201 6
185 177 2
186 206 72
187 211 1
188 200 1
189 202 1
190 168 1
191 201 2
192 221 8
193 168 1
194 206 1
195 184 1
196 202 1
197 219 4
198 246 1
199 180 1
200 206 13
201 191 5
202 225 16
203 210 4
204 206 40
205 206 1
206 221 1
207 0 176
208 172 1
209 196 1
210 179 1
211 226 32
212 218 3
213 196 1
214 203 22
215 219 3
216 210 2
217 190 1
218 237 1
219 213 21
220 229 8
221 0 1
222 235 10
223 210 1
224 237 1
225 202 1
226 245 28
227 0 74
228 237 4
229 235 1
230 225 10
231 196 1
232 225 1
233 227 1
234 245 1
235 0 3
236 203 16
237 235 3
238 246 7
239 203 1
240 0 1
241 214 1
242 214 1
243 215 1
244 252 1
245 246 1
246 226 41
247 275 15
248 270 1
249 0 2
250 246 1
251 0 1
252 261 1
253 270 3
254 234 1
255 218 1
256 245 11
257 235 1
258 227 1
259 236 1
260 275 1
261 229 1
262 0 16
263 227 1
264 255 5
265 246 4
266 269 109
267 255 5
268 265 36
269 234 1
270 0 112
271 285 6
272 248 1
273 236 1
274 270 1
275 261 1
276 267 18
277 263 1
278 316 1
279 263 1
280 0 113
281 266 4
282 285 3
283 252 1
284 261 2
285 265 69
286 261 10
287 265 1
288 261 1
289 269 2
290 323 1
291 264 3
292 280 1
293 275 1
294 290 1
295 302 1
296 323 1
297 263 1
298 265 1
299 267 17
300 265 1
301 284 13
302 290 1
303 281 2
304 263 1
305 279 53
306 288 1
307 314 1
308 279 6
309 283 1
310 315 1
311 323 1
312 284 1
313 284 35
314 298 13
315 280 2
316 300 2
317 325 2
318 307 5
319 323 1
320 300 10
321 279 53
322 284 19
323 330 3
324 319 5
325 327 1
326 319 3
327 317 1
328 304 52
329 327 29
330 317 1
331 328 5
332 319 1
333 322 2
334 328 1
335 298 3
336 313 8
337 327 1
338 313 1
339 317 2
340 320 1
341 313 1
342 344 1
343 328 18
344 330 1
345 312 34
346 338 1
347 349 4
348 328 1
349 321 3
350 342 8
351 313 2
352 321 1
353 320 2
354 332 1
355 321 2
356 346 2
357 344 13
358 320 49
359 357 3
360 321 12
361 327 20
362 357 1
363 357 9
364 344 9
365 352 1
366 362 1
367 328 3
368 334 1
369 335 7
370 342 9
371 357 1
372 356 1
373 344 1
374 358 1
375 334 1
376 369 2
377 349 2
378 368 6
379 356 10
380 354 1
381 362 2
382 348 1
383 349 1
384 360 1
385 357 7
386 348 1
387 344 9
388 346 1
389 360 15
390 356 1
391 375 1
392 380 1
393 411 1
394 357 9
395 350 1
396 362 5
397 363 1
398 359 11
399 377 1
400 377 1
401 360 3
402 358 1
403 357 18
404 384 6
405 355 1
406 377 1
407 377 1
408 421 1
409 369 6
410 363 7
411 376 1
412 378 9
413 366 1
414 366 1
415 386 8
416 416 4
417 402 8
418 377 1
419 403 5
420 395 4
421 388 11
422 388 3
423 408 1
424 393 1
425 421 1
426 393 2
427 393 1
428 393 1
429 411 1
430 393 3
431 408 3
432 400 1
433 402 9
434 408 1
435 400 1
436 411 3
437 416 3
438 397 5
439 397 5
440 414 6
441 409 1
442 411 3
443 418 4
444 415 3
445 441 1
446 420 7
447 409 5
448 430 1
449 439 1
450 414 1
451 437 2
452 439 1
453 420 2
454 438 1
455 430 1
456 445 4
457 436 1
458 419 3
459 425 1
460 457 1
461 420 1
462 435 1
463 435 1
464 466 2
465 438 1
466 438 1
467 432 8
468 437 1
469 436 1
470 429 2
471 442 1
472 446 1
473 438 1
474 455 3
475 445 1
476 441 1
477 442 1
478 443 1
479 437 1
480 442 1
481 439 2
482 439 1
483 466 1
484 443 1
485 466 1
486 466 1
487 446 1
488 457 1
489 473 1
490 452 1
491 446 1
492 463 1
493 445 1
494 466 1
495 446 1
496 450 1
497 480 1
498 473 1
499 469 1
500 466 1
