200
1 0 0
2 43 1
3 14 1
4 34 1
5 45 1
6 34 1
7 44 2
8 42 1
9 29 1
10 46 1
11 46 1
12 6 1
13 34 1
14 14 1
15 46 3
16 46 1
17 42 1
18 46 1
19 46 1
20 39 1
21 39 1
22 34 1
23 29 2
24 24 1
25 66 2
26 38 1
27 66 1
28 39 1
29 44 1
30 66 6
31 45 1
32 37 1
33 66 1
34 66 1
35 67 5
36 67 1
37 46 1
38 66 2
39 73 2
40 73 4
41 29 1
42 67 1
43 52 3
44 79 2
45 66 4
46 52 4
47 79 10
48 59 1
49 64 1
50 66 1
51 45 1
52 66 1
53 73 14
54 66 1
55 52 1
56 66 1
57 22 1
58 52 1
59 29 1
60 66 2
61 64 1
62 79 1
63 66 1
64 65 1
65 79 3
66 79 2
67 0 26
68 86 11
69 66 1
70 71 1
71 76 3
72 52 2
73 70 1
74 0 24
75 86 4
76 70 1
77 0 6
78 52 1
79 67 1
80 0 20
81 73 2
82 83 1
83 86 5
84 0 2
85 98 2
86 52 1
87 0 22
88 67 1
89 73 1
90 67 1
91 0 1
92 82 1
93 113 1
94 114 1
95 0 1
96 114 1
97 76 2
98 0 8
99 0 13
100 0 1
101 80 1
102 113 1
103 74 1
104 114 1
105 79 1
106 0 5
107 74 2
108 0 3
109 96 1
110 114 1
111 82 1
112 84 1
113 82 1
114 97 3
115 117 7
116 82 1
117 97 1
118 0 27
119 0 12
120 97 1
121 126 1
122 114 1
123 0 24
124 0 3
125 0 1
126 86 1
127 118 11
128 97 2
129 98 1
130 117 2
131 152 2
132 117 1
133 98 9
134 117 1
135 114 1
136 126 2
137 106 1
138 122 1
139 126 1
140 105 4
141 117 3
142 122 1
143 164 1
144 122 1
145 107 1
146 122 1
147 117 1
148 107 1
149 122 1
150 117 1
151 122 1
152 117 1
153 122 9
154 122 1
155 117 1
156 126 2
157 122 1
158 122 1
159 117 5
160 135 1
161 132 6
162 117 3
163 126 1
164 130 1
165 152 4
166 122 3
167 126 1
168 123 1
169 126 1
170 122 2
171 123 1
172 165 1
173 158 2
174 126 1
175 140 1
176 132 1
177 129 1
178 169 1
179 127 1
180 172 1
181 160 1
182 140 1
183 139 1
184 160 1
185 132 1
186 139 1
187 164 1
188 152 1
189 152 1
190 160 1
191 139 1
192 155 1
193 160 1
194 158 1
195 160 1
196 164 1
197 158 1
198 165 1
199 161 1
200 161 1
