300
1 0 0
2 19 1
3 26 1
4 28 1
5 20 1
6 33 1
7 36 1
8 24 1
9 19 1
10 30 1
11 19 1
12 23 1
13 40 1
14 40 1
15 42 1
16 23 1
17 24 1
18 36 1
19 41 1
20 49 4
21 43 2
22 58 1
23 42 1
24 43 3
25 39 3
26 49 1
27 35 2
28 28 1
29 63 3
30 47 1
31 43 2
32 58 1
33 35 1
34 36 2
35 43 1
36 64 4
37 42 6
38 58 1
39 58 1
40 74 4
41 77 3
42 78 2
43 68 11
44 71 11
45 64 1
46 43 1
47 60 1
48 68 2
49 68 12
50 71 6
51 68 1
52 68 1
53 43 1
54 64 2
55 36 1
56 71 1
57 74 1
58 58 1
59 62 10
60 58 1
61 42 2
62 80 1
63 48 11
64 68 4
65 77 8
66 58 1
67 53 1
68 77 1
69 91 33
70 68 1
71 58 1
72 111 20
73 91 1
74 71 1
75 108 6
76 96 1
77 77 1
78 108 14
79 106 4
80 113 1
81 113 2
82 91 1
83 58 1
84 91 5
85 83 4
86 113 1
87 91 1
88 91 1
89 78 1
90 91 1
91 110 1
92 127 44
93 100 1
94 111 1
95 84 3
96 124 12
97 121 5
98 95 1
99 127 1
100 108 2
101 127 2
102 110 1
103 95 10
104 127 1
105 127 1
106 102 1
107 127 5
108 102 1
109 123 23
110 99 1
111 96 3
112 137 28
113 127 1
114 111 5
115 135 1
116 94 1
117 123 1
118 111 1
119 94 1
120 125 1
121 135 1
122 123 7
123 102 1
124 135 32
125 125 19
126 127 25
127 128 1
128 0 82
129 102 3
130 148 1
131 121 1
132 102 1
133 102 2
134 137 2
135 158 5
136 0 35
137 127 1
138 0 31
139 134 1
140 134 1
141 125 1
142 133 1
143 154 7
144 0 1
145 148 1
146 0 1
147 0 1
148 167 1
149 151 5
150 148 1
151 160 1
152 142 6
153 0 7
154 125 1
155 0 28
156 154 1
157 185 1
158 125 1
159 124 6
160 125 1
161 168 9
162 160 1
163 168 2
164 0 4
165 134 2
166 169 1
167 128 1
168 163 3
169 0 38
170 168 7
171 148 1
172 132 1
173 168 1
174 0 2
175 0 1
176 177 5
177 160 4
178 152 6
179 175 3
180 160 1
181 0 1
182 178 1
183 178 1
184 199 1
185 168 16
186 189 11
187 0 67
188 160 1
189 186 1
190 154 18
191 167 1
192 199 1
193 176 3
194 154 1
195 164 1
196 175 1
197 169 5
198 168 1
199 168 1
200 185 6
201 185 1
202 192 2
203 162 1
204 189 6
205 199 3
206 186 5
207 184 15
208 186 22
209 173 1
210 186 1
211 186 36
212 185 1
213 185 1
214 186 1
215 201 1
216 210 2
217 218 1
218 210 10
219 196 4
220 203 5
221 218 2
222 204 1
223 207 1
224 207 19
225 234 1
226 204 1
227 205 2
228 207 1
229 232 4
230 205 2
231 220 1
232 210 3
233 234 8
234 206 1
235 206 13
236 234 1
237 234 1
238 242 1
239 210 17
240 223 8
241 210 3
242 242 1
243 219 4
244 232 2
245 232 1
246 215 1
247 264 1
248 238 2
249 264 1
250 217 9
251 238 1
252 242 1
253 238 3
254 223 3
255 238 1
256 234 1
257 223 5
258 223 1
259 223 1
260 238 3
261 226 1
262 238 2
263 228 3
264 231 2
265 239 7
266 264 1
267 256 2
268 229 1
269 238 2
270 249 7
271 238 1
272 238 1
273 240 2
274 243 1
275 247 1
276 259 1
277 256 1
278 256 1
279 252 1
280 269 1
281 269 1
282 249 1
283 262 1
284 298 1
285 253 1
286 252 1
287 264 2
288 269 1
289 262 1
290 253 1
291 261 1
292 264 1
293 269 3
294 286 1
295 259 1
296 263 1
297 266 1
298 272 1
299 292 2
300 268 1
