100
1 0 0
2 0 6
3 9 2
4 84 2
5 37 1
6 59 1
7 0 6
8 23 1
9 14 1
10 0 9
11 9 1
12 84 3
13 11 1
14 0 11
15 95 5
16 51 1
17 0 22
18 37 1
19 1 3
20 69 1
21 6 1
22 78 1
23 23 1
24 16 5
25 79 1
26 1 1
27 16 1
28 23 1
29 84 4
30 0 1
31 95 1
32 35 1
33 69 1
34 13 3
35 45 1
36 16 3
37 14 1
38 84 3
39 9 1
40 0 1
41 41 3
42 0 4
43 78 1
44 16 2
45 0 1
46 16 2
47 95 1
48 0 1
49 95 1
50 51 4
51 28 1
52 0 6
53 59 1
54 84 1
55 84 1
56 16 1
57 49 1
58 0 1
59 23 1
60 13 3
61 13 1
62 69 1
63 6 1
64 40 1
65 33 1
66 77 1
67 14 1
68 11 1
69 13 1
70 16 5
71 18 1
72 9 1
73 1 1
74 49 1
75 6 1
76 14 1
77 16 1
78 6 2
79 9 3
80 13 2
81 95 1
82 86 1
83 18 1
84 28 1
85 0 17
86 2 1
87 84 2
88 35 1
89 40 1
90 98 1
91 33 1
92 43 1
93 3 1
94 69 1
95 28 1
96 0 12
97 16 1
98 49 1
99 95 2
100 0 1
