300
1 0 0
2 18 1
3 21 3
4 21 1
5 21 1
6 2 1
7 19 1
8 45 1
9 2 1
10 14 1
11 18 1
12 12 1
13 48 2
14 33 1
15 48 2
16 37 1
17 18 1
18 43 1
19 49 4
20 43 2
21 49 1
22 56 7
23 21 1
24 48 1
25 45 1
26 43 1
27 49 1
28 36 1
29 56 1
30 56 1
31 37 1
32 43 1
33 39 1
34 53 2
35 53 1
36 38 1
37 58 2
38 62 3
39 53 2
40 62 2
41 48 1
42 56 1
43 54 1
44 58 6
45 49 1
46 72 3
47 62 1
48 56 1
49 73 8
50 74 8
51 62 1
52 63 1
53 62 1
54 85 6
55 71 2
56 48 1
57 79 12
58 63 1
59 85 9
60 71 1
61 73 1
62 85 1
63 89 9
64 74 3
65 74 1
66 77 1
67 106 1
68 76 1
69 74 1
70 79 1
71 93 1
72 78 4
73 89 5
74 86 12
75 79 19
76 89 1
77 89 2
78 74 3
79 101 5
80 89 33
81 86 1
82 89 1
83 72 1
84 74 1
85 77 1
86 119 17
87 101 16
88 115 1
89 73 1
90 124 62
91 101 2
92 112 1
93 73 1
94 124 2
95 124 1
96 74 1
97 89 1
98 86 2
99 90 1
100 124 1
101 124 1
102 135 24
103 89 4
104 112 1
105 124 1
106 89 1
107 115 2
108 89 1
109 124 1
110 124 1
111 120 1
112 112 1
113 129 5
114 121 1
115 137 1
116 139 6
117 112 1
118 89 1
119 136 1
120 137 18
121 102 3
122 135 2
123 97 1
124 89 1
125 0 73
126 89 1
127 133 1
128 129 1
129 0 1
130 149 8
131 0 1
132 0 1
133 147 2
134 124 2
135 145 1
136 0 41
137 157 2
138 0 20
139 120 1
140 147 11
141 145 1
142 0 1
143 129 1
144 139 1
145 139 2
146 135 13
147 135 1
148 157 15
149 115 2
150 145 9
151 132 1
152 157 1
153 147 1
154 0 1
155 0 2
156 177 1
157 0 4
158 0 19
159 177 1
160 0 1
161 0 1
162 172 1
163 154 1
164 0 11
165 186 1
166 148 1
167 144 1
168 139 1
169 183 1
170 188 1
171 145 1
172 0 25
173 199 2
174 174 1
175 156 3
176 0 44
177 179 1
178 196 3
179 0 1
180 0 38
181 0 14
182 171 24
183 175 1
184 163 2
185 175 1
186 198 1
187 201 3
188 198 1
189 181 8
190 181 1
191 175 41
192 181 3
193 163 8
194 199 2
195 190 12
196 186 1
197 190 4
198 198 1
199 188 5
200 194 11
201 174 1
202 190 7
203 179 9
204 201 1
205 208 11
206 181 11
207 179 2
208 180 1
209 180 12
210 193 1
211 179 1
212 179 24
213 204 1
214 202 1
215 192 4
216 202 2
217 188 1
218 198 1
219 202 1
220 192 1
221 190 17
222 202 4
223 192 2
224 204 6
225 191 1
226 191 1
227 204 1
228 199 6
229 222 1
230 204 2
231 206 1
232 205 9
233 205 1
234 214 3
235 201 2
236 236 4
237 220 12
238 211 23
239 227 1
240 220 4
241 221 1
242 215 1
243 252 1
244 227 1
245 235 1
246 221 2
247 248 2
248 227 3
249 231 8
250 233 1
251 223 4
252 223 1
253 236 6
254 229 1
255 237 17
256 245 1
257 237 5
258 247 1
259 254 1
260 236 1
261 233 1
262 256 1
263 247 1
264 234 1
265 254 1
266 248 1
267 287 1
268 235 2
269 252 2
270 239 3
271 252 1
272 254 1
273 254 1
274 254 1
275 254 1
276 254 2
277 254 1
278 254 1
279 250 3
280 254 1
281 248 4
282 267 1
283 254 5
284 246 1
285 252 1
286 256 1
287 268 1
288 256 2
289 297 1
290 275 1
291 278 1
292 282 1
293 278 1
294 280 1
295 269 1
296 280 1
297 269 1
298 282 3
299 297 1
300 280 1
