1000
1 0 0
2 29 1
3 36 1
4 18 1
5 54 1
6 42 1
7 21 1
8 29 1
9 29 1
10 21 1
11 26 1
12 42 1
13 42 2
14 21 1
15 59 1
16 12 1
17 62 1
18 67 1
19 72 3
20 18 1
21 60 1
22 31 4
23 56 1
24 68 1
25 70 1
26 73 1
27 74 2
28 77 1
29 65 1
30 65 4
31 61 1
32 67 5
33 72 1
34 56 1
35 61 1
36 70 1
37 75 2
38 72 1
39 74 1
40 100 1
41 75 1
42 73 1
43 80 5
44 65 1
45 72 1
46 86 1
47 70 1
48 86 1
49 65 1
50 107 1
51 72 1
52 67 1
53 65 1
54 73 1
55 84 2
56 74 1
57 109 3
58 96 1
59 80 1
60 103 2
61 118 3
62 74 3
63 124 2
64 60 1
65 100 1
66 109 9
67 70 1
68 133 8
69 84 2
70 73 1
71 140 5
72 123 1
73 137 9
74 129 6
75 143 8
76 109 4
77 132 1
78 92 2
79 109 1
80 72 1
81 147 7
82 137 1
83 100 1
84 129 1
85 144 5
86 146 1
87 154 3
88 73 1
89 129 1
90 134 1
91 154 1
92 98 1
93 130 4
94 153 1
95 100 1
96 129 1
97 144 2
98 129 1
99 166 2
100 157 1
101 143 5
102 139 1
103 167 1
104 170 3
105 130 1
106 129 1
107 156 1
108 129 2
109 155 1
110 162 18
111 140 1
112 92 1
113 162 1
114 129 1
115 129 1
116 143 1
117 148 1
118 170 1
119 172 4
120 162 7
121 170 1
122 129 1
123 153 1
124 154 2
125 147 3
126 159 1
127 146 1
128 146 1
129 154 1
130 184 17
131 119 6
132 177 1
133 171 2
134 153 9
135 175 2
136 171 1
137 153 1
138 184 11
139 144 1
140 196 2
141 198 7
142 154 1
143 176 1
144 196 15
145 198 9
146 202 1
147 178 4
148 181 11
149 178 2
150 154 1
151 153 1
152 186 1
153 184 1
154 181 14
155 186 10
156 196 2
157 174 2
158 202 2
159 167 1
160 194 2
161 172 1
162 194 1
163 194 27
164 184 1
165 172 1
166 203 1
167 181 3
168 219 3
169 171 1
170 175 1
171 219 6
172 208 5
173 201 7
174 219 1
175 198 3
176 182 4
177 184 2
178 198 2
179 225 7
180 214 1
181 231 1
182 225 34
183 181 5
184 194 1
185 237 34
186 208 1
187 240 12
188 219 1
189 219 1
190 190 1
191 202 3
192 231 1
193 218 1
194 219 1
195 212 40
196 184 1
197 241 20
198 231 1
199 250 22
200 219 1
201 219 1
202 194 8
203 232 7
204 244 2
205 231 1
206 190 1
207 225 1
208 240 2
209 245 7
210 237 1
211 219 1
212 243 1
213 237 42
214 241 1
215 224 2
216 273 1
217 244 3
218 219 1
219 256 3
220 234 19
221 241 1
222 241 1
223 240 1
224 218 1
225 244 3
226 283 43
227 270 1
228 252 1
229 207 1
230 270 1
231 251 1
232 288 5
233 239 10
234 240 1
235 244 20
236 212 1
237 313 1
238 287 78
239 270 1
240 252 13
241 269 17
242 309 24
243 252 1
244 216 2
245 263 32
246 289 8
247 309 1
248 309 1
249 282 1
250 308 1
251 289 23
252 300 2
253 283 17
254 309 1
255 252 1
256 232 1
257 269 6
258 309 1
259 244 1
260 309 1
261 297 2
262 269 2
263 292 1
264 267 33
265 289 1
266 289 1
267 232 1
268 282 35
269 282 1
270 301 35
271 335 4
272 269 2
273 269 1
274 290 2
275 269 1
276 260 1
277 308 1
278 291 1
279 269 1
280 219 1
281 319 1
282 282 15
283 308 54
284 305 61
285 239 2
286 269 1
287 269 1
288 333 83
289 348 6
290 340 34
291 340 3
292 340 2
293 313 5
294 308 1
295 292 1
296 281 14
297 295 1
298 295 12
299 287 1
300 269 1
301 287 3
302 338 37
303 244 1
304 313 1
305 292 1
306 358 64
307 244 1
308 282 1
309 355 60
310 362 30
311 256 1
312 308 2
313 256 1
314 297 9
315 301 1
316 350 1
317 358 1
318 269 1
319 271 1
320 358 44
321 311 1
322 353 1
323 362 1
324 319 2
325 305 1
326 319 40
327 333 1
328 313 1
329 267 1
330 323 1
331 305 1
332 261 1
333 350 1
334 380 85
335 292 1
336 361 5
337 358 1
338 398 2
339 325 38
340 361 1
341 393 40
342 359 1
343 361 1
344 325 1
345 284 1
346 358 4
347 393 1
348 360 1
349 361 7
350 386 1
351 384 3
352 388 1
353 393 1
354 367 3
355 353 1
356 398 61
357 406 1
358 337 1
359 393 116
360 389 6
361 359 2
362 419 15
363 419 32
364 358 1
365 378 1
366 376 1
367 420 2
368 420 4
369 359 1
370 419 1
371 405 1
372 420 6
373 345 3
374 391 19
375 389 1
376 392 1
377 384 2
378 391 1
379 371 5
380 366 1
381 419 86
382 413 1
383 393 1
384 378 2
385 414 9
386 359 1
387 384 3
388 386 1
389 430 3
390 422 8
391 426 1
392 430 22
393 420 2
394 426 195
395 388 1
396 398 1
397 426 1
398 420 1
399 463 65
400 463 1
401 437 1
402 426 1
403 426 1
404 453 2
405 378 1
406 459 2
407 372 2
408 463 1
409 426 3
410 427 1
411 454 12
412 453 1
413 443 1
414 466 2
415 373 18
416 403 1
417 433 1
418 443 1
419 414 1
420 485 135
421 435 16
422 422 1
423 410 11
424 453 1
425 422 1
426 453 1
427 469 203
428 393 35
429 383 1
430 414 1
431 479 32
432 485 1
433 427 1
434 414 5
435 449 2
436 463 18
437 391 1
438 433 3
439 473 1
440 435 1
441 430 5
442 469 1
443 469 1
444 500 3
445 458 1
446 459 1
447 456 1
448 427 25
449 434 1
450 480 3
451 408 2
452 488 1
453 479 1
454 464 6
455 447 24
456 485 45
457 508 2
458 494 1
459 440 2
460 0 7
461 484 1
462 488 1
463 437 1
464 512 86
465 427 7
466 488 1
467 472 3
468 498 1
469 459 1
470 0 225
471 469 1
472 485 1
473 480 4
474 497 14
475 531 1
476 473 10
477 414 1
478 520 1
479 482 1
480 482 40
481 454 11
482 473 1
483 455 44
484 479 2
485 495 8
486 0 183
487 450 1
488 483 1
489 508 4
490 520 1
491 480 1
492 520 1
493 480 1
494 430 1
495 479 3
496 469 9
497 541 1
498 538 15
499 440 2
500 484 5
501 541 4
502 475 1
503 0 1
504 0 2
505 469 9
506 473 1
507 531 1
508 494 1
509 545 27
510 0 1
511 482 1
512 479 1
513 0 89
514 459 1
515 459 1
516 484 1
517 0 1
518 499 1
519 523 1
520 480 1
521 508 4
522 529 1
523 503 1
524 542 2
525 0 1
526 536 29
527 525 2
528 482 1
529 0 164
530 475 6
531 0 1
532 499 3
533 0 1
534 525 14
535 475 1
536 475 1
537 564 77
538 529 1
539 508 16
540 559 32
541 549 2
542 575 10
543 541 4
544 529 2
545 575 1
546 539 31
547 525 12
548 549 1
549 0 315
550 565 9
551 542 1
552 512 2
553 0 2
554 0 1
555 0 1
556 504 8
557 529 1
558 536 1
559 591 1
560 561 38
561 526 1
562 528 95
563 0 1
564 545 3
565 548 78
566 546 11
567 549 1
568 549 1
569 540 1
570 576 1
571 533 13
572 559 1
573 528 66
574 549 1
575 0 3
576 570 12
577 563 2
578 600 1
579 586 2
580 549 1
581 555 3
582 580 2
583 581 1
584 528 2
585 559 2
586 536 46
587 626 4
588 555 1
589 601 1
590 548 2
591 584 1
592 602 22
593 565 1
594 559 2
595 561 55
596 548 6
597 607 3
598 612 1
599 543 1
600 561 1
601 585 27
602 607 2
603 606 23
604 549 1
605 551 1
606 555 2
607 572 65
608 615 18
609 585 1
610 552 1
611 600 24
612 555 1
613 585 13
614 594 51
615 548 228
616 610 19
617 578 1
618 613 50
619 585 1
620 594 1
621 586 1
622 596 2
623 585 2
624 610 2
625 641 2
626 574 2
627 617 47
628 610 2
629 652 2
630 595 2
631 585 1
632 606 41
633 614 2
634 591 20
635 583 1
636 644 2
637 594 1
638 624 1
639 594 1
640 612 1
641 644 8
642 663 8
643 607 1
644 595 1
645 614 102
646 605 1
647 600 1
648 641 5
649 635 1
650 621 1
651 663 1
652 595 2
653 607 11
654 589 1
655 644 1
656 593 1
657 632 1
658 640 6
659 633 15
660 644 1
661 614 53
662 614 5
663 614 64
664 626 42
665 614 1
666 651 1
667 612 10
668 617 1
669 644 84
670 628 1
671 647 4
672 652 3
673 617 1
674 631 1
675 622 1
676 623 1
677 631 38
678 625 1
679 696 1
680 627 1
681 660 1
682 696 2
683 633 4
684 629 1
685 668 1
686 670 1
687 652 5
688 657 1
689 640 1
690 631 1
691 668 1
692 644 5
693 670 1
694 657 4
695 671 1
696 658 3
697 666 7
698 671 1
699 696 3
700 718 1
701 686 2
702 658 9
703 658 2
704 676 34
705 668 3
706 661 4
707 668 78
708 676 3
709 660 51
710 698 1
711 700 1
712 662 63
713 714 1
714 686 1
715 666 2
716 698 1
717 663 32
718 725 3
719 725 4
720 711 7
721 703 33
722 711 5
723 681 1
724 670 1
725 695 1
726 716 19
727 693 1
728 686 1
729 701 3
730 701 1
731 707 2
732 682 3
733 744 1
734 708 50
735 705 1
736 695 1
737 792 1
738 718 1
739 691 4
740 693 2
741 706 77
742 740 2
743 716 11
744 740 20
745 758 2
746 701 4
747 725 2
748 763 20
749 721 4
750 720 1
751 725 1
752 725 1
753 705 1
754 717 1
755 733 1
756 704 1
757 704 1
758 759 1
759 759 16
760 743 18
761 728 1
762 702 1
763 711 50
764 733 25
765 705 1
766 719 1
767 725 6
768 720 31
769 740 1
770 730 1
771 725 1
772 716 1
773 733 1
774 719 5
775 717 1
776 740 44
777 758 11
778 758 1
779 746 1
780 767 1
781 718 1
782 810 1
783 728 1
784 763 2
785 731 2
786 762 1
787 738 3
788 790 1
789 776 1
790 792 3
791 748 3
792 743 1
793 775 14
794 742 10
795 763 1
796 740 9
797 739 1
798 766 3
799 762 29
800 733 22
801 762 3
802 763 1
803 758 1
804 784 1
805 813 1
806 762 1
807 776 3
808 789 1
809 767 1
810 762 15
811 806 2
812 745 1
813 773 3
814 747 19
815 745 2
816 773 1
817 741 1
818 793 2
819 766 2
820 783 1
821 809 1
822 786 1
823 775 29
824 792 9
825 786 1
826 839 1
827 767 6
828 776 6
829 799 1
830 789 1
831 767 22
832 832 1
833 798 20
834 798 8
835 809 1
836 793 7
837 790 1
838 826 2
839 862 1
840 822 4
841 839 1
842 827 1
843 813 4
844 867 1
845 795 8
846 799 20
847 826 2
848 839 1
849 812 2
850 797 2
851 833 7
852 814 1
853 818 1
854 835 1
855 809 1
856 800 2
857 823 8
858 813 8
859 817 1
860 813 2
861 889 1
862 813 1
863 832 8
864 809 7
865 813 1
866 842 3
867 822 1
868 827 2
869 809 4
870 835 3
871 813 1
872 879 1
873 830 21
874 822 16
875 822 3
876 845 7
877 826 1
878 850 2
879 827 2
880 856 6
881 862 1
882 822 4
883 832 10
884 859 1
885 865 1
886 873 14
887 837 1
888 850 1
889 845 12
890 857 7
891 835 2
892 849 1
893 844 7
894 881 2
895 872 13
896 850 2
897 862 5
898 846 1
899 865 1
900 850 1
901 863 4
902 856 1
903 848 1
904 930 1
905 881 1
906 889 1
907 855 1
908 863 1
909 924 1
910 863 1
911 869 1
912 882 1
913 917 2
914 879 4
915 882 1
916 874 2
917 877 1
918 882 6
919 869 1
920 930 1
921 885 2
922 894 1
923 868 3
924 882 1
925 896 4
926 917 2
927 875 6
928 900 3
929 873 1
930 888 4
931 894 10
932 895 1
933 894 1
934 889 1
935 872 7
936 937 6
937 890 1
938 885 11
939 878 1
940 888 2
941 929 1
942 935 3
943 892 5
944 888 4
945 888 1
946 930 5
947 912 1
948 889 3
949 926 3
950 892 1
951 893 1
952 945 1
953 937 3
954 913 3
955 917 1
956 915 1
957 942 1
958 941 1
959 925 1
960 926 1
961 942 1
962 942 1
963 922 2
964 927 2
965 920 1
966 945 1
967 929 2
968 953 1
969 945 1
970 935 1
971 934 1
972 934 3
973 937 1
974 941 1
975 924 2
976 926 1
977 930 1
978 934 2
979 942 1
980 945 1
981 930 1
982 935 1
983 943 1
984 974 1
985 977 1
986 939 1
987 991 1
988 971 1
989 948 1
990 953 1
991 971 1
992 943 2
993 952 1
994 947 1
995 948 1
996 962 1
997 966 1
998 963 1
999 952 1
1000 947 1
