1000
1 0 0
2 8 1
3 35 1
4 58 1
5 72 1
6 43 1
7 43 1
8 40 1
9 10 2
10 74 1
11 61 3
12 74 1
13 35 2
14 30 1
15 40 1
16 76 2
17 15 1
18 94 1
19 61 1
20 57 1
21 72 1
22 87 1
23 73 1
24 67 1
25 69 1
26 78 1
27 81 1
28 87 1
29 68 1
30 99 1
31 75 4
32 49 1
33 99 1
34 74 1
35 81 1
36 72 4
37 30 1
38 63 1
39 88 1
40 58 1
41 87 3
42 108 1
43 102 1
44 117 3
45 91 2
46 59 1
47 74 1
48 108 1
49 114 1
50 88 7
51 72 1
52 91 1
53 30 1
54 97 1
55 81 1
56 81 1
57 117 1
58 108 2
59 49 4
60 117 2
61 120 1
62 109 5
63 12 1
64 88 2
65 94 1
66 92 1
67 92 1
68 77 2
69 117 2
70 111 2
71 124 6
72 138 1
73 115 14
74 137 2
75 128 5
76 94 8
77 79 3
78 75 3
79 133 2
80 94 4
81 81 1
82 147 8
83 81 1
84 44 1
85 97 4
86 58 1
87 109 1
88 130 7
89 109 15
90 49 1
91 130 1
92 128 4
93 72 5
94 117 1
95 146 15
96 126 1
97 117 1
98 111 7
99 72 1
100 143 3
101 81 1
102 70 1
103 151 2
104 84 1
105 146 1
106 92 1
107 88 4
108 143 1
109 133 5
110 164 23
111 167 1
112 141 10
113 135 1
114 115 4
115 147 2
116 143 19
117 109 1
118 175 11
119 70 2
120 126 1
121 133 2
122 145 1
123 145 1
124 87 1
125 145 7
126 92 1
127 113 3
128 130 1
129 177 10
130 157 1
131 179 10
132 161 1
133 106 1
134 180 10
135 118 1
136 106 2
137 70 2
138 177 3
139 84 2
140 163 1
141 180 1
142 149 11
143 97 1
144 175 24
145 177 1
146 184 10
147 193 18
148 189 13
149 175 1
150 165 12
151 169 1
152 192 3
153 146 1
154 190 1
155 188 1
156 136 1
157 188 1
158 207 2
159 184 1
160 184 1
161 196 1
162 183 2
163 197 1
164 147 2
165 205 24
166 207 16
167 168 1
168 203 2
169 165 3
170 183 2
171 226 1
172 183 1
173 168 1
174 206 1
175 193 1
176 228 37
177 207 1
178 219 15
179 217 1
180 245 11
181 228 12
182 226 1
183 206 1
184 227 6
185 227 13
186 212 1
187 245 1
188 245 1
189 210 3
190 204 14
191 215 2
192 219 1
193 236 4
194 255 20
195 250 1
196 206 1
197 212 4
198 253 2
199 201 1
200 206 1
201 228 1
202 245 2
203 213 1
204 245 3
205 217 15
206 258 25
207 273 5
208 255 20
209 257 1
210 219 1
211 236 4
212 245 1
213 221 7
214 243 2
215 257 1
216 243 3
217 222 1
218 259 17
219 238 1
220 273 18
221 222 1
222 274 8
223 277 3
224 196 1
225 237 1
226 245 1
227 236 3
228 251 20
229 287 51
230 255 1
231 263 1
232 268 1
233 255 1
234 212 1
235 281 1
236 255 1
237 273 12
238 251 2
239 264 2
240 196 1
241 281 1
242 257 1
243 248 1
244 276 6
245 281 1
246 280 21
247 287 1
248 260 1
249 261 2
250 311 1
251 288 2
252 263 23
253 296 2
254 267 3
255 280 1
256 296 44
257 301 1
258 298 5
259 279 26
260 274 18
261 298 2
262 277 4
263 263 1
264 311 26
265 265 3
266 272 4
267 277 1
268 302 5
269 291 2
270 335 1
271 252 1
272 257 1
273 311 5
274 316 36
275 297 27
276 290 1
277 317 7
278 304 9
279 317 1
280 335 27
281 331 27
282 326 4
283 296 1
284 335 1
285 335 1
286 267 1
287 261 1
288 316 53
289 316 3
290 326 1
291 345 3
292 280 4
293 300 1
294 290 1
295 291 1
296 354 3
297 343 49
298 336 36
299 332 8
300 327 1
301 366 2
302 311 2
303 314 6
304 335 1
305 337 11
306 295 1
307 316 1
308 331 1
309 338 2
310 366 2
311 359 1
312 364 72
313 326 1
314 309 1
315 297 7
316 326 1
317 377 94
318 345 9
319 377 1
320 358 1
321 371 1
322 351 1
323 331 1
324 336 21
325 304 1
326 335 1
327 348 8
328 366 2
329 296 1
330 377 1
331 308 1
332 385 32
333 383 9
334 359 1
335 345 1
336 311 37
337 343 60
338 374 12
339 335 3
340 335 1
341 295 1
342 345 1
343 377 1
344 363 110
345 336 2
346 350 18
347 382 1
348 368 1
349 382 9
350 411 1
351 323 20
352 366 2
353 297 1
354 344 1
355 383 4
356 331 1
357 345 1
358 368 1
359 383 2
360 366 5
361 331 1
362 366 1
363 345 1
364 409 112
365 399 74
366 350 1
367 407 15
368 390 1
369 391 3
370 388 1
371 364 1
372 387 2
373 345 1
374 383 1
375 429 13
376 411 1
377 422 1
378 409 98
379 359 1
380 399 1
381 363 1
382 359 1
383 409 11
384 425 18
385 385 1
386 409 34
387 399 1
388 410 4
389 404 3
390 423 1
391 424 2
392 393 8
393 429 1
394 440 9
395 429 1
396 431 2
397 387 1
398 444 2
399 426 9
400 433 77
401 383 1
402 429 4
403 388 1
404 430 1
405 391 4
406 397 1
407 410 2
408 430 16
409 430 1
410 464 256
411 430 14
412 401 3
413 417 1
414 433 1
415 395 1
416 423 1
417 441 1
418 464 2
419 449 1
420 429 1
421 433 1
422 430 1
423 475 2
424 463 4
425 428 5
426 463 24
427 463 10
428 440 1
429 450 7
430 460 22
431 444 37
432 410 7
433 464 2
434 461 81
435 430 1
436 433 1
437 464 2
438 424 1
439 466 1
440 464 14
441 439 13
442 471 2
443 464 1
444 436 1
445 445 43
446 468 44
447 464 1
448 486 1
449 423 1
450 463 2
451 398 8
452 460 1
453 464 1
454 406 1
455 463 1
456 474 1
457 432 1
458 444 1
459 430 1
460 478 1
461 489 24
462 483 82
463 429 1
464 493 42
465 0 282
466 481 1
467 468 2
468 430 1
469 499 50
470 480 1
471 428 1
472 425 5
473 464 1
474 481 1
475 431 2
476 483 4
477 475 1
478 498 1
479 431 2
480 424 1
481 440 2
482 509 3
483 464 1
484 0 87
485 444 1
486 444 1
487 504 3
488 493 1
489 499 1
490 507 25
491 509 4
492 518 1
493 551 3
494 504 44
495 468 2
496 468 1
497 557 1
498 553 1
499 492 2
500 517 104
501 518 1
502 518 1
503 507 50
504 509 1
505 502 48
506 471 1
507 486 1
508 0 199
509 533 1
510 541 11
511 490 1
512 502 1
513 518 1
514 507 1
515 471 1
516 518 1
517 521 1
518 554 149
519 539 8
520 0 4
521 490 1
522 552 2
523 518 1
524 0 50
525 507 106
526 509 1
527 499 1
528 494 1
529 507 10
530 533 1
531 499 51
532 554 2
533 524 98
534 517 44
535 490 1
536 518 1
537 550 1
538 509 1
539 560 8
540 553 10
541 557 1
542 530 50
543 538 1
544 533 39
545 550 1
546 552 2
547 531 1
548 524 7
549 507 6
550 553 1
551 566 8
552 538 6
553 532 8
554 570 25
555 0 377
556 533 1
557 570 1
558 550 5
559 597 3
560 552 1
561 532 89
562 597 1
563 554 13
564 523 49
565 558 1
566 545 1
567 597 10
568 528 9
569 613 1
570 577 1
571 541 37
572 553 3
573 593 1
574 519 3
575 579 1
576 567 6
577 541 1
578 583 2
579 560 79
580 562 9
581 543 36
582 554 14
583 533 1
584 592 7
585 570 8
586 539 1
587 554 3
588 543 1
589 570 1
590 583 1
591 558 1
592 563 1
593 553 9
594 551 2
595 578 63
596 547 2
597 563 45
598 578 15
599 567 1
600 548 5
601 543 1
602 552 1
603 571 1
604 580 35
605 557 1
606 547 3
607 563 2
608 557 1
609 552 1
610 562 1
611 547 1
612 579 7
613 592 1
614 583 2
615 570 1
616 554 195
617 599 1
618 615 95
619 560 1
620 562 2
621 571 1
622 584 1
623 615 1
624 626 1
625 583 1
626 599 3
627 584 5
628 638 3
629 641 1
630 566 1
631 594 59
632 581 12
633 575 1
634 674 1
635 611 2
636 603 34
637 567 1
638 573 2
639 635 11
640 630 2
641 581 1
642 630 13
643 657 1
644 596 42
645 575 4
646 615 82
647 630 1
648 586 2
649 611 2
650 630 1
651 661 2
652 698 1
653 615 1
654 584 1
655 635 1
656 643 1
657 605 1
658 631 9
659 631 1
660 611 2
661 698 1
662 594 3
663 596 2
664 625 1
665 605 1
666 645 1
667 627 2
668 635 1
669 595 1
670 606 1
671 631 1
672 643 40
673 630 2
674 615 15
675 641 5
676 645 29
677 637 1
678 645 1
679 685 2
680 619 1
681 638 7
682 657 4
683 617 94
684 635 7
685 647 1
686 644 3
687 630 32
688 625 1
689 671 2
690 657 2
691 641 6
692 630 5
693 657 1
694 666 1
695 701 1
696 626 1
697 626 2
698 630 2
699 681 3
700 634 1
701 635 13
702 680 3
703 674 2
704 700 1
705 701 1
706 639 1
707 645 48
708 706 2
709 671 37
710 675 27
711 645 2
712 648 1
713 678 1
714 659 1
715 662 1
716 696 1
717 674 1
718 650 1
719 672 1
720 683 1
721 680 3
722 683 1
723 683 1
724 673 1
725 706 1
726 691 1
727 720 1
728 673 1
729 683 1
730 690 1
731 673 12
732 675 1
733 686 1
734 691 3
735 683 1
736 709 26
737 683 1
738 708 34
739 689 1
740 707 1
741 686 30
742 682 5
743 682 88
744 690 1
745 688 1
746 690 3
747 730 2
748 730 1
749 745 1
750 740 1
751 700 8
752 697 1
753 740 1
754 702 1
755 708 2
756 783 1
757 700 3
758 741 1
759 720 1
760 706 44
761 745 1
762 710 1
763 783 1
764 735 1
765 733 2
766 770 1
767 735 2
768 735 1
769 730 2
770 778 1
771 771 12
772 737 32
773 730 4
774 730 2
775 777 1
776 770 1
777 750 5
778 741 2
779 740 13
780 740 2
781 801 1
782 764 1
783 742 52
784 801 18
785 759 1
786 771 2
787 770 1
788 740 12
789 770 6
790 735 21
791 783 1
792 793 2
793 750 2
794 759 3
795 737 1
796 759 1
797 741 1
798 801 1
799 782 30
800 768 1
801 742 35
802 816 21
803 843 2
804 776 3
805 756 1
806 770 1
807 798 1
808 746 1
809 788 1
810 754 1
811 756 1
812 776 1
813 771 3
814 759 35
815 759 2
816 792 1
817 800 34
818 822 1
819 779 1
820 759 1
821 782 1
822 770 1
823 783 14
824 843 1
825 771 14
826 766 1
827 788 1
828 798 22
829 802 1
830 772 3
831 798 1
832 835 1
833 863 1
834 773 1
835 782 20
836 822 12
837 803 1
838 785 1
839 827 21
840 803 1
841 835 1
842 778 11
843 788 3
844 816 4
845 846 6
846 791 1
847 789 20
848 816 7
849 813 8
850 787 11
851 814 1
852 854 6
853 870 1
854 798 5
855 838 20
856 846 2
857 841 1
858 812 1
859 812 1
860 846 6
861 816 1
862 813 3
863 813 23
864 851 5
865 841 2
866 841 1
867 846 3
868 842 1
869 824 13
870 835 8
871 862 14
872 829 2
873 835 1
874 889 1
875 844 1
876 862 1
877 869 4
878 878 1
879 866 2
880 834 18
881 886 1
882 844 3
883 868 1
884 834 1
885 842 1
886 870 1
887 841 6
888 846 2
889 854 13
890 847 5
891 849 2
892 868 10
893 844 1
894 847 1
895 849 8
896 848 7
897 869 1
898 863 1
899 870 9
900 901 1
901 869 1
902 853 4
903 862 7
904 879 3
905 879 4
906 894 2
907 904 1
908 863 2
909 859 5
910 855 1
911 861 2
912 868 1
913 864 1
914 888 4
915 871 1
916 903 1
917 879 10
918 913 1
919 887 1
920 895 1
921 876 1
922 870 2
923 869 1
924 901 2
925 923 1
926 876 2
927 903 1
928 886 2
929 888 4
930 902 1
931 888 1
932 913 1
933 881 1
934 881 1
935 895 2
936 890 1
937 886 1
938 886 1
939 898 2
940 898 2
941 898 4
942 888 2
943 888 1
944 925 1
945 895 2
946 902 5
947 889 3
948 894 2
949 895 1
950 907 1
951 891 3
952 891 1
953 928 3
954 916 6
955 894 3
956 891 5
957 972 1
958 962 1
959 955 3
960 913 1
961 967 1
962 905 1
963 966 2
964 954 1
965 939 1
966 947 1
967 908 4
968 953 5
969 958 1
970 904 2
971 921 1
972 910 1
973 916 3
974 988 1
975 938 1
976 927 1
977 946 1
978 992 1
979 955 1
980 958 1
981 946 1
982 992 1
983 950 1
984 941 1
985 952 2
986 954 1
987 945 2
988 966 1
989 940 3
990 988 1
991 934 1
992 984 1
993 967 3
994 950 1
995 944 1
996 969 1
997 945 1
998 945 1
999 972 1
1000 986 1
