300
1 0 0
2 28 1
3 28 1
4 7 1
5 23 1
6 28 1
7 29 2
8 32 2
9 36 1
10 36 1
11 24 1
12 35 1
13 38 1
14 23 1
15 6 1
16 35 1
17 39 1
18 45 1
19 30 1
20 45 1
21 34 1
22 39 1
23 35 1
24 34 3
25 36 2
26 47 1
27 30 1
28 43 1
29 52 4
30 47 3
31 52 3
32 52 1
33 54 3
34 55 1
35 54 5
36 46 4
37 64 5
38 50 1
39 56 2
40 50 3
41 48 1
42 56 1
43 52 1
44 56 2
45 46 1
46 73 3
47 67 6
48 65 5
49 56 2
50 67 1
51 77 5
52 77 1
53 77 10
54 79 1
55 63 10
56 65 2
57 73 10
58 80 1
59 73 1
60 65 1
61 73 2
62 56 2
63 77 1
64 87 11
65 93 6
66 98 9
67 77 1
68 83 12
69 87 1
70 89 1
71 60 1
72 78 1
73 61 1
74 100 18
75 54 1
76 93 1
77 78 1
78 93 19
79 91 4
80 111 2
81 67 4
82 78 1
83 98 1
84 98 13
85 100 1
86 96 1
87 100 1
88 98 13
89 98 1
90 112 2
91 104 1
92 101 6
93 80 1
94 112 29
95 80 1
96 73 1
97 116 2
98 100 1
99 130 38
100 100 1
101 111 33
102 120 13
103 128 1
104 130 1
105 133 3
106 104 1
107 132 1
108 100 7
109 93 1
110 91 1
111 111 1
112 131 41
113 0 32
114 93 1
115 118 1
116 126 1
117 107 5
118 111 1
119 148 2
120 116 1
121 0 27
122 107 1
123 129 1
124 111 1
125 111 1
126 144 1
127 100 3
128 111 1
129 138 2
130 101 6
131 0 40
132 0 52
133 158 2
134 129 4
135 131 10
136 116 1
137 126 1
138 120 13
139 144 4
140 134 1
141 142 1
142 156 1
143 165 2
144 137 2
145 134 7
146 134 1
147 144 1
148 0 2
149 137 6
150 0 1
151 148 3
152 0 1
153 0 23
154 150 1
155 0 2
156 137 4
157 164 5
158 0 4
159 181 3
160 0 1
161 155 3
162 0 1
163 160 1
164 138 1
165 0 53
166 156 3
167 150 1
168 157 2
169 152 21
170 160 1
171 0 1
172 188 1
173 0 1
174 143 1
175 0 57
176 181 2
177 147 1
178 157 1
179 0 1
180 168 20
181 200 1
182 164 6
183 188 1
184 152 1
185 192 3
186 184 1
187 164 39
188 167 1
189 193 10
190 201 1
191 154 1
192 188 1
193 198 21
194 179 15
195 175 1
196 164 2
197 186 1
198 174 1
199 186 28
200 179 1
201 204 26
202 192 8
203 200 1
204 186 6
205 174 55
206 188 1
207 179 3
208 201 1
209 184 1
210 188 1
211 201 1
212 201 2
213 188 1
214 188 1
215 188 1
216 186 1
217 192 8
218 192 1
219 193 4
220 188 1
221 195 1
222 201 2
223 204 15
224 186 2
225 218 1
226 198 6
227 206 2
228 203 4
229 203 1
230 218 2
231 204 13
232 200 23
233 236 1
234 230 1
235 222 2
236 222 1
237 231 2
238 231 1
239 230 1
240 211 1
241 216 3
242 230 1
243 231 1
244 216 4
245 231 1
246 225 5
247 231 1
248 223 1
249 222 11
250 245 1
251 221 1
252 259 3
253 226 1
254 245 2
255 258 1
256 243 1
257 248 4
258 227 2
259 230 8
260 231 15
261 229 1
262 227 1
263 234 1
264 245 1
265 248 1
266 256 2
267 240 1
268 230 1
269 231 1
270 240 1
271 248 1
272 259 1
273 248 1
274 243 1
275 243 1
276 258 1
277 259 1
278 258 1
279 283 1
280 251 1
281 251 1
282 258 1
283 259 1
284 259 6
285 248 2
286 258 1
287 259 1
288 248 1
289 283 1
290 284 1
291 283 1
292 253 1
293 258 1
294 258 1
295 256 1
296 259 1
297 283 2
298 265 1
299 257 1
300 296 1
