700
1 0 0
2 37 1
3 10 1
4 32 1
5 34 1
6 54 1
7 43 1
8 36 1
9 32 1
10 32 2
11 42 2
12 49 1
13 38 1
14 58 1
15 25 1
16 37 1
17 32 1
18 46 1
19 37 1
20 32 1
21 9 1
22 65 1
23 58 1
24 60 1
25 46 1
26 76 2
27 65 1
28 71 2
29 71 1
30 52 1
31 48 1
32 68 1
33 70 7
34 46 2
35 83 2
36 52 1
37 69 2
38 58 4
39 88 2
40 46 1
41 65 1
42 64 1
43 88 3
44 88 2
45 69 1
46 65 1
47 81 19
48 69 1
49 67 2
50 81 2
51 95 1
52 65 1
53 81 4
54 27 1
55 70 2
56 87 3
57 52 1
58 33 1
59 95 7
60 88 1
61 55 2
62 77 1
63 85 1
64 65 1
65 70 3
66 124 7
67 64 1
68 46 4
69 46 3
70 114 5
71 114 13
72 119 4
73 131 1
74 121 1
75 94 2
76 113 1
77 118 3
78 98 2
79 74 1
80 137 1
81 110 1
82 108 32
83 46 1
84 150 3
85 104 1
86 140 2
87 87 1
88 46 5
89 122 9
90 108 1
91 131 1
92 122 1
93 131 1
94 124 1
95 154 3
96 124 9
97 67 1
98 151 1
99 114 4
100 139 1
101 114 1
102 81 6
103 137 1
104 131 1
105 137 3
106 159 1
107 151 1
108 159 1
109 164 36
110 104 1
111 114 4
112 144 1
113 68 1
114 142 2
115 159 28
116 151 1
117 148 1
118 134 1
119 167 5
120 159 5
121 142 1
122 108 2
123 151 11
124 98 1
125 151 19
126 154 2
127 110 1
128 124 1
129 151 1
130 151 1
131 166 1
132 101 5
133 166 1
134 171 1
135 167 2
136 151 1
137 164 1
138 175 7
139 175 1
140 176 2
141 159 3
142 118 1
143 159 4
144 159 1
145 165 2
146 110 1
147 183 1
148 171 1
149 176 2
150 177 1
151 171 6
152 185 37
153 164 1
154 154 1
155 175 7
156 177 1
157 137 1
158 166 1
159 194 1
160 200 44
161 125 1
162 185 1
163 176 1
164 164 1
165 189 40
166 180 3
167 201 4
168 180 8
169 150 1
170 171 3
171 150 1
172 197 12
173 176 1
174 200 1
175 177 1
176 184 16
177 216 7
178 194 4
179 180 1
180 200 1
181 211 13
182 194 1
183 169 1
184 195 2
185 212 17
186 216 39
187 201 1
188 212 1
189 169 1
190 200 42
191 213 1
192 201 1
193 214 1
194 209 1
195 214 7
196 211 3
197 200 1
198 221 13
199 209 2
200 222 1
201 219 91
202 214 8
203 211 1
204 213 1
205 200 1
206 198 1
207 213 1
208 216 1
209 229 1
210 219 4
211 189 1
212 256 18
213 238 19
214 214 5
215 228 26
216 213 1
217 238 48
218 201 1
219 229 1
220 265 96
221 214 1
222 237 14
223 265 2
224 233 1
225 264 28
226 265 1
227 241 1
228 261 6
229 224 27
230 257 5
231 237 4
232 265 1
233 258 1
234 281 2
235 214 2
236 265 1
237 230 3
238 257 19
239 274 69
240 227 1
241 229 2
242 236 2
243 265 1
244 214 1
245 290 1
246 287 1
247 291 1
248 265 1
249 238 1
250 281 1
251 291 1
252 227 3
253 240 1
254 304 1
255 234 1
256 257 6
257 297 19
258 274 55
259 317 3
260 287 1
261 251 1
262 268 12
263 322 1
264 265 1
265 288 29
266 309 105
267 227 1
268 287 1
269 257 13
270 319 1
271 255 3
272 274 1
273 287 1
274 317 1
275 322 130
276 303 1
277 261 3
278 274 3
279 258 1
280 303 1
281 303 1
282 310 4
283 276 2
284 286 1
285 251 1
286 294 1
287 319 2
288 313 5
289 310 30
290 257 11
291 313 2
292 314 4
293 270 2
294 261 2
295 277 2
296 274 1
297 282 1
298 336 20
299 307 1
300 303 1
301 255 2
302 314 1
303 293 1
304 348 7
305 0 2
306 349 13
307 322 1
308 329 2
309 289 3
310 0 148
311 317 35
312 336 1
313 291 1
314 305 8
315 0 6
316 319 1
317 332 1
318 309 41
319 317 1
320 352 31
321 303 1
322 289 1
323 336 133
324 303 1
325 339 2
326 0 1
327 329 3
328 0 1
329 300 1
330 289 6
331 0 1
332 308 2
333 365 26
334 324 1
335 332 1
336 331 1
337 0 191
338 309 1
339 354 1
340 305 4
341 292 1
342 319 26
343 0 8
344 339 1
345 332 23
346 326 1
347 355 1
348 367 1
349 373 22
350 348 14
351 326 1
352 365 1
353 0 117
354 377 1
355 0 97
356 344 13
357 377 1
358 372 1
359 355 1
360 377 1
361 363 1
362 0 36
363 354 1
364 344 2
365 365 1
366 376 32
367 0 1
368 354 94
369 355 9
370 367 1
371 355 1
372 0 4
373 342 7
374 367 90
375 344 7
376 365 1
377 336 36
378 400 6
379 371 1
380 400 1
381 341 24
382 341 1
383 376 1
384 0 86
385 367 1
386 365 1
387 365 1
388 352 85
389 361 1
390 376 1
391 368 8
392 376 1
393 400 1
394 374 6
395 387 1
396 390 1
397 380 2
398 361 33
399 417 20
400 387 1
401 419 17
402 400 1
403 377 1
404 361 1
405 383 2
406 415 1
407 419 1
408 380 21
409 371 2
410 400 3
411 373 10
412 417 1
413 390 1
414 377 1
415 390 1
416 400 4
417 372 5
418 373 57
419 417 2
420 398 19
421 441 1
422 390 1
423 416 1
424 383 83
425 393 4
426 387 1
427 416 1
428 390 1
429 390 1
430 390 1
431 393 1
432 442 2
433 416 1
434 410 9
435 409 2
436 416 1
437 415 2
438 397 2
439 424 1
440 404 1
441 387 81
442 424 2
443 397 30
444 408 1
445 433 3
446 433 1
447 396 1
448 417 33
449 407 20
450 461 1
451 455 1
452 431 1
453 436 1
454 418 1
455 440 1
456 423 38
457 444 1
458 433 1
459 437 1
460 440 69
461 486 1
462 470 2
463 471 1
464 486 1
465 423 44
466 442 25
467 433 3
468 434 1
469 442 1
470 498 1
471 448 18
472 476 2
473 455 1
474 485 1
475 442 1
476 465 2
477 481 3
478 444 1
479 440 10
480 464 1
481 447 7
482 447 24
483 448 1
484 470 11
485 447 1
486 483 3
487 491 5
488 465 22
489 480 1
490 455 7
491 481 1
492 459 64
493 455 4
494 470 1
495 464 2
496 464 40
497 455 23
498 455 1
499 496 3
500 480 1
501 459 4
502 485 1
503 491 3
504 475 1
505 498 1
506 466 1
507 487 21
508 481 19
509 519 1
510 496 17
511 483 3
512 483 3
513 496 2
514 466 1
515 502 2
516 470 3
517 495 15
518 480 1
519 491 12
520 486 2
521 480 1
522 511 2
523 480 1
524 478 9
525 574 1
526 489 2
527 480 1
528 483 1
529 491 43
530 506 20
531 489 3
532 574 1
533 489 1
534 549 1
535 494 1
536 515 2
537 574 1
538 492 2
539 492 1
540 507 18
541 518 1
542 500 3
543 509 1
544 535 1
545 495 24
546 516 5
547 509 11
548 585 1
549 509 1
550 529 2
551 537 1
552 509 1
553 509 2
554 541 1
555 516 1
556 556 1
557 510 2
558 518 1
559 516 1
560 512 1
561 529 1
562 521 1
563 539 2
564 588 1
565 518 8
566 529 1
567 514 1
568 525 1
569 529 13
570 518 1
571 516 7
572 552 1
573 529 1
574 544 1
575 539 9
576 574 1
577 541 1
578 530 1
579 523 8
580 530 1
581 546 10
582 545 3
583 528 13
584 529 1
585 528 29
586 539 4
587 580 4
588 570 4
589 539 2
590 574 2
591 545 1
592 592 3
593 604 10
594 585 2
595 568 12
596 604 1
597 562 1
598 604 2
599 594 1
600 574 2
601 614 1
602 614 1
603 544 22
604 570 1
605 584 23
606 594 2
607 624 1
608 581 1
609 619 1
610 564 6
611 570 1
612 564 1
613 578 7
614 580 5
615 582 12
616 592 6
617 604 9
618 584 2
619 581 1
620 584 2
621 594 1
622 594 1
623 584 1
624 613 1
625 615 5
626 587 3
627 602 2
628 612 4
629 586 3
630 593 1
631 602 1
632 605 1
633 624 1
634 653 2
635 589 1
636 624 1
637 658 1
638 609 1
639 612 1
640 602 2
641 602 7
642 591 2
643 614 8
644 594 6
645 602 3
646 602 2
647 599 1
648 616 2
649 597 1
650 602 4
651 609 2
652 613 2
653 616 5
654 640 5
655 609 1
656 644 1
657 613 1
658 640 1
659 665 2
660 612 1
661 681 1
662 609 1
663 614 1
664 625 1
665 643 1
666 642 7
667 617 1
668 639 1
669 644 1
670 626 1
671 653 1
672 625 1
673 649 1
674 641 1
675 652 2
676 684 1
677 616 1
678 633 1
679 628 2
680 643 4
681 665 1
682 627 3
683 665 1
684 624 1
685 652 2
686 690 1
687 651 1
688 649 2
689 678 1
690 695 1
691 665 2
692 653 1
693 695 1
694 687 1
695 650 1
696 679 3
697 674 1
698 647 1
699 645 1
700 681 1
