500
1 0 0
2 70 2
3 58 1
4 13 1
5 61 1
6 89 1
7 33 1
8 1 1
9 33 1
10 70 1
11 92 1
12 22 1
13 70 1
14 90 2
15 92 2
16 96 1
17 69 1
18 70 1
19 33 1
20 52 1
21 26 1
22 28 1
23 102 2
24 89 1
25 90 1
26 89 1
27 90 2
28 90 1
29 123 2
30 14 1
31 118 1
32 89 1
33 89 1
34 127 6
35 89 1
36 67 1
37 127 1
38 43 1
39 70 1
40 123 1
41 123 1
42 127 1
43 93 1
44 33 2
45 140 1
46 90 1
47 90 1
48 99 1
49 102 1
50 90 1
51 69 1
52 92 1
53 129 2
54 89 1
55 100 1
56 129 2
57 89 1
58 127 1
59 129 2
60 93 1
61 70 1
62 129 2
63 129 1
64 129 1
65 96 1
66 90 1
67 144 1
68 129 2
69 96 1
70 129 3
71 129 8
72 90 1
73 93 1
74 90 1
75 92 1
76 129 1
77 123 1
78 129 1
79 129 1
80 127 1
81 102 1
82 129 1
83 127 1
84 89 1
85 93 1
86 123 1
87 89 1
88 55 1
89 129 1
90 153 12
91 154 15
92 102 1
93 154 6
94 154 5
95 127 1
96 129 1
97 163 4
98 129 2
99 90 1
100 185 3
101 175 2
102 176 1
103 161 6
104 89 1
105 97 1
106 173 1
107 99 1
108 123 1
109 129 1
110 154 1
111 129 1
112 129 1
113 131 1
114 153 1
115 129 1
116 90 1
117 123 1
118 153 1
119 154 2
120 160 1
121 209 1
122 129 1
123 123 1
124 171 10
125 162 1
126 163 1
127 185 1
128 154 15
129 153 1
130 218 42
131 129 1
132 161 3
133 131 1
134 154 1
135 154 1
136 153 1
137 129 1
138 176 1
139 129 1
140 129 1
141 154 2
142 153 1
143 175 1
144 209 1
145 153 2
146 153 1
147 127 1
148 153 1
149 175 1
150 153 1
151 153 2
152 187 1
153 171 1
154 0 28
155 0 51
156 197 1
157 129 1
158 154 1
159 209 1
160 175 1
161 207 2
162 0 10
163 207 2
164 207 7
165 197 1
166 127 1
167 153 1
168 163 1
169 175 1
170 207 1
171 196 1
172 0 15
173 0 1
174 197 2
175 176 1
176 207 14
177 187 4
178 0 2
179 171 2
180 218 1
181 0 1
182 196 1
183 197 1
184 0 1
185 175 1
186 222 7
187 187 1
188 0 11
189 175 1
190 0 1
191 154 1
192 187 1
193 247 3
194 222 2
195 150 1
196 196 1
197 0 8
198 0 10
199 0 1
200 0 1
201 197 1
202 0 1
203 175 1
204 0 1
205 175 1
206 153 1
207 197 1
208 0 30
209 0 7
210 218 10
211 0 2
212 187 1
213 0 1
214 197 1
215 209 1
216 222 2
217 196 2
218 196 1
219 0 61
220 0 1
221 178 1
222 175 1
223 0 22
224 209 1
225 273 2
226 218 1
227 271 1
228 222 1
229 222 1
230 0 1
231 153 1
232 0 1
233 196 1
234 0 1
235 177 1
236 0 1
237 197 1
238 185 1
239 0 1
240 0 1
241 0 1
242 0 1
243 0 9
244 0 1
245 0 1
246 209 1
247 0 1
248 0 20
249 242 1
250 218 1
251 209 1
252 0 2
253 0 1
254 0 1
255 0 1
256 207 2
257 187 1
258 0 13
259 222 1
260 175 1
261 0 2
262 171 1
263 0 1
264 242 2
265 185 1
266 0 2
267 208 5
268 284 8
269 218 1
270 0 3
271 175 1
272 0 19
273 218 1
274 0 20
275 0 2
276 0 1
277 0 1
278 187 1
279 218 1
280 222 2
281 208 1
282 260 1
283 242 1
284 209 1
285 0 46
286 247 5
287 192 1
288 215 1
289 265 1
290 218 1
291 0 13
292 222 1
293 222 1
294 209 1
295 273 1
296 257 1
297 218 1
298 0 1
299 193 1
300 0 1
301 0 1
302 192 1
303 210 1
304 0 1
305 247 2
306 0 3
307 0 1
308 273 2
309 267 1
310 0 1
311 242 3
312 224 1
313 207 1
314 255 1
315 216 1
316 257 2
317 0 1
318 284 13
319 257 1
320 257 1
321 222 1
322 0 1
323 0 14
324 266 1
325 0 3
326 222 1
327 222 1
328 257 1
329 0 1
330 0 13
331 0 10
332 0 3
333 0 1
334 267 1
335 266 1
336 304 1
337 273 1
338 257 1
339 267 1
340 273 4
341 271 10
342 242 1
343 0 2
344 0 2
345 284 4
346 285 1
347 267 1
348 273 2
349 267 1
350 0 4
351 257 1
352 257 1
353 339 1
354 247 5
355 284 3
356 267 1
357 257 1
358 251 1
359 267 1
360 247 4
361 263 1
362 344 1
363 347 1
364 273 1
365 273 4
366 284 4
367 290 4
368 401 1
369 269 2
370 271 1
371 329 2
372 257 2
373 386 1
374 266 2
375 271 1
376 284 5
377 273 1
378 271 3
379 273 1
380 284 5
381 274 1
382 279 1
383 271 2
384 330 4
385 305 1
386 305 1
387 290 3
388 284 3
389 290 1
390 290 1
391 290 2
392 310 2
393 285 2
394 317 2
395 285 1
396 330 1
397 322 2
398 290 1
399 409 1
400 329 5
401 322 1
402 317 7
403 317 1
404 330 4
405 317 1
406 329 1
407 315 1
408 340 2
409 307 1
410 340 5
411 322 6
412 353 2
413 322 2
414 322 2
415 324 1
416 340 1
417 344 1
418 317 1
419 324 1
420 329 3
421 339 2
422 331 1
423 329 1
424 366 1
425 331 1
426 419 1
427 340 1
428 353 1
429 349 1
430 366 1
431 344 1
432 343 1
433 359 1
434 342 1
435 353 1
436 401 1
437 364 2
438 349 1
439 377 1
440 354 1
441 366 1
442 386 1
443 370 1
444 375 1
445 349 1
446 365 1
447 377 1
448 354 1
449 359 1
450 373 1
451 359 1
452 383 1
453 399 1
454 375 1
455 365 1
456 365 1
457 379 1
458 379 1
459 383 1
460 364 1
461 371 1
462 375 1
463 375 1
464 368 1
465 379 1
466 383 1
467 399 1
468 382 1
469 379 1
470 419 1
471 399 1
472 387 1
473 411 1
474 410 1
475 399 1
476 401 1
477 390 1
478 410 1
479 392 1
480 393 1
481 387 1
482 403 1
483 401 1
484 409 1
485 488 1
486 391 1
487 396 1
488 401 1
489 403 2
490 410 1
491 413 1
492 410 1
493 409 1
494 407 1
495 401 1
496 412 1
497 410 1
498 409 1
499 436 1
500 420 1
