500
1 0 0
2 29 1
3 63 4
4 29 2
5 48 2
6 3 1
7 63 1
8 78 1
9 115 1
10 33 1
11 63 1
12 63 1
13 29 1
14 115 1
15 63 1
16 2 1
17 115 1
18 33 1
19 29 1
20 29 1
21 78 1
22 63 1
23 80 1
24 4 1
25 48 3
26 2 1
27 48 1
28 63 1
29 24 1
30 63 10
31 33 1
32 63 1
33 121 1
34 135 4
35 63 1
36 117 1
37 63 2
38 137 4
39 37 1
40 80 1
41 63 1
42 63 1
43 132 1
44 37 1
45 63 1
46 48 1
47 115 1
48 63 1
49 156 8
50 29 1
51 63 1
52 29 1
53 2 1
54 137 1
55 132 3
56 78 1
57 140 1
58 78 1
59 63 1
60 132 1
61 63 1
62 29 1
63 37 1
64 173 42
65 63 1
66 24 1
67 162 3
68 117 1
69 63 1
70 63 1
71 54 1
72 115 1
73 137 1
74 63 1
75 63 1
76 54 1
77 137 1
78 66 1
79 151 7
80 135 1
81 151 4
82 36 1
83 63 1
84 63 1
85 136 1
86 140 1
87 156 1
88 119 1
89 115 1
90 97 1
91 117 1
92 114 1
93 63 1
94 63 1
95 157 1
96 151 2
97 66 1
98 140 2
99 135 1
100 119 1
101 162 1
102 157 1
103 117 1
104 137 1
105 137 2
106 114 1
107 78 1
108 157 1
109 131 1
110 132 1
111 104 1
112 119 1
113 137 1
114 63 1
115 162 3
116 137 9
117 151 1
118 162 5
119 162 1
120 173 4
121 95 1
122 137 2
123 129 1
124 135 1
125 135 1
126 137 1
127 80 1
128 137 1
129 137 1
130 173 2
131 162 1
132 162 2
133 173 10
134 162 1
135 135 1
136 162 12
137 162 3
138 178 26
139 162 1
140 162 1
141 173 6
142 162 1
143 162 1
144 162 1
145 162 1
146 162 1
147 171 1
148 78 1
149 178 1
150 162 1
151 151 1
152 178 18
153 132 1
154 115 1
155 156 1
156 135 1
157 0 13
158 188 6
159 178 1
160 171 1
161 171 1
162 162 1
163 0 43
164 0 2
165 132 2
166 151 1
167 164 1
168 115 1
169 135 1
170 163 1
171 156 1
172 194 6
173 190 1
174 0 69
175 173 1
176 171 1
177 156 1
178 255 1
179 0 47
180 247 1
181 140 1
182 0 1
183 173 1
184 0 1
185 187 4
186 173 1
187 247 1
188 0 5
189 0 10
190 190 1
191 0 3
192 188 1
193 173 1
194 272 1
195 0 8
196 217 1
197 184 1
198 0 1
199 136 1
200 162 1
201 0 1
202 171 1
203 0 2
204 151 1
205 0 4
206 0 1
207 0 1
208 0 1
209 0 1
210 0 2
211 184 1
212 0 1
213 0 1
214 0 1
215 157 2
216 214 1
217 0 1
218 235 6
219 236 1
220 0 3
221 0 1
222 234 5
223 0 1
224 0 1
225 204 1
226 0 4
227 0 1
228 235 1
229 235 1
230 184 1
231 0 1
232 225 2
233 209 1
234 0 20
235 0 9
236 0 24
237 0 2
238 188 2
239 0 1
240 204 2
241 231 1
242 0 6
243 0 1
244 0 1
245 217 1
246 233 2
247 0 2
248 233 3
249 202 1
250 0 3
251 0 1
252 221 1
253 233 1
254 272 1
255 0 1
256 260 2
257 0 6
258 217 1
259 0 2
260 235 4
261 235 8
262 276 1
263 0 1
264 0 5
265 283 5
266 0 4
267 235 1
268 217 1
269 272 1
270 233 1
271 272 1
272 241 1
273 290 12
274 0 2
275 0 1
276 235 1
277 289 6
278 194 1
279 233 1
280 221 1
281 237 1
282 233 1
283 217 1
284 0 7
285 0 1
286 0 1
287 219 1
288 272 1
289 0 17
290 0 35
291 0 49
292 0 1
293 0 4
294 290 2
295 219 1
296 233 4
297 0 1
298 0 1
299 233 3
300 235 1
301 0 1
302 272 1
303 289 1
304 221 1
305 0 1
306 272 1
307 259 1
308 331 2
309 233 2
310 289 3
311 292 2
312 221 1
313 0 14
314 259 1
315 234 1
316 241 2
317 225 1
318 264 1
319 272 1
320 0 5
321 289 1
322 0 8
323 292 1
324 264 1
325 233 1
326 249 2
327 234 1
328 283 1
329 234 1
330 241 1
331 272 1
332 0 18
333 239 1
334 256 5
335 0 3
336 288 8
337 264 1
338 290 4
339 246 1
340 290 8
341 264 1
342 331 1
343 0 8
344 241 1
345 245 1
346 352 1
347 359 1
348 331 4
349 260 5
350 259 1
351 288 3
352 321 6
353 289 8
354 289 1
355 288 1
356 265 3
357 263 1
358 276 1
359 272 2
360 290 8
361 290 5
362 273 1
363 258 1
364 359 1
365 289 1
366 263 1
367 337 1
368 289 5
369 263 2
370 276 2
371 348 1
372 276 1
373 288 1
374 289 1
375 298 1
376 288 2
377 339 1
378 288 1
379 359 1
380 293 1
381 290 4
382 331 2
383 312 1
384 309 1
385 351 1
386 290 3
387 289 3
388 295 1
389 312 2
390 289 4
391 312 1
392 290 2
393 295 2
394 335 4
395 331 1
396 312 1
397 298 1
398 351 1
399 401 1
400 339 2
401 339 2
402 351 2
403 352 3
404 310 1
405 331 1
406 312 2
407 335 1
408 359 2
409 347 1
410 315 1
411 307 1
412 312 3
413 331 1
414 312 3
415 337 1
416 339 1
417 319 1
418 319 1
419 308 1
420 309 1
421 321 1
422 331 1
423 319 1
424 319 1
425 331 1
426 331 1
427 333 1
428 342 1
429 342 1
430 335 1
431 402 1
432 339 1
433 333 1
434 325 1
435 335 1
436 367 1
437 400 1
438 334 1
439 333 1
440 342 1
441 334 1
442 350 1
443 359 1
444 331 1
445 331 1
446 333 1
447 348 1
448 342 1
449 347 1
450 348 1
451 337 1
452 350 1
453 347 1
454 342 1
455 342 1
456 351 1
457 348 1
458 342 1
459 473 1
460 407 1
461 360 1
462 360 1
463 352 1
464 360 1
465 352 2
466 464 1
467 355 1
468 358 1
469 355 1
470 359 1
471 360 1
472 367 1
473 368 1
474 367 2
475 386 1
476 369 1
477 380 1
478 413 1
479 381 1
480 380 1
481 375 1
482 393 1
483 389 1
484 393 1
485 402 1
486 385 1
487 389 1
488 411 1
489 413 1
490 380 1
491 389 1
492 393 1
493 386 1
494 411 1
495 392 1
496 385 1
497 391 1
498 405 1
499 399 1
500 388 1
