700
1 0 0
2 60 1
3 58 1
4 20 1
5 57 4
6 31 1
7 58 1
8 49 1
9 59 1
10 24 1
11 4 1
12 58 1
13 20 1
14 20 1
15 48 1
16 42 1
17 40 1
18 72 1
19 24 1
20 24 1
21 81 4
22 52 1
23 4 1
24 49 1
25 59 4
26 56 1
27 78 1
28 69 1
29 42 1
30 69 1
31 86 1
32 42 3
33 69 1
34 86 1
35 69 1
36 31 1
37 81 1
38 84 1
39 73 1
40 86 1
41 57 2
42 42 1
43 93 7
44 87 1
45 4 1
46 69 1
47 59 1
48 69 1
49 52 2
50 81 4
51 52 1
52 92 1
53 81 6
54 60 2
55 70 1
56 59 1
57 72 2
58 60 8
59 81 4
60 84 8
61 89 13
62 57 1
63 81 1
64 84 1
65 81 1
66 81 1
67 88 1
68 81 1
69 81 1
70 109 7
71 108 2
72 53 1
73 110 4
74 93 2
75 108 1
76 108 1
77 103 1
78 81 1
79 110 2
80 81 1
81 52 1
82 122 27
83 49 1
84 92 1
85 109 12
86 84 1
87 99 4
88 98 2
89 122 2
90 111 14
91 60 1
92 112 1
93 93 3
94 133 13
95 133 1
96 103 1
97 111 1
98 109 2
99 128 3
100 113 6
101 110 1
102 113 1
103 111 13
104 137 3
105 133 1
106 109 1
107 97 1
108 110 1
109 134 5
110 134 23
111 133 42
112 110 33
113 137 2
114 102 12
115 144 1
116 145 1
117 113 1
118 113 1
119 99 1
120 153 1
121 135 1
122 133 1
123 158 30
124 113 1
125 144 1
126 179 1
127 182 1
128 187 1
129 177 5
130 111 4
131 158 1
132 176 1
133 173 2
134 189 61
135 160 29
136 158 3
137 135 1
138 145 7
139 163 1
140 133 1
141 128 1
142 137 1
143 113 1
144 165 2
145 129 3
146 201 9
147 184 1
148 158 1
149 187 1
150 169 1
151 160 1
152 133 1
153 132 1
154 189 2
155 184 1
156 158 1
157 193 1
158 189 1
159 204 72
160 177 1
161 158 31
162 188 1
163 207 1
164 206 2
165 158 1
166 191 3
167 171 1
168 193 1
169 193 1
170 210 2
171 178 1
172 204 2
173 207 1
174 206 3
175 189 1
176 158 1
177 216 2
178 221 7
179 196 4
180 222 2
181 178 1
182 178 1
183 191 2
184 206 12
185 227 3
186 201 1
187 206 1
188 204 3
189 158 2
190 227 66
191 217 1
192 198 8
193 143 1
194 213 6
195 193 1
196 183 1
197 222 5
198 204 1
199 183 10
200 221 1
201 227 1
202 221 14
203 191 1
204 238 1
205 246 79
206 206 1
207 228 20
208 239 3
209 198 1
210 229 1
211 227 3
212 201 1
213 222 1
214 235 7
215 222 1
216 217 1
217 239 3
218 259 3
219 239 1
220 191 1
221 201 1
222 237 23
223 226 11
224 222 1
225 239 1
226 201 1
227 229 13
228 257 127
229 227 45
230 236 16
231 227 1
232 193 1
233 239 1
234 227 1
235 227 1
236 261 12
237 228 18
238 276 24
239 240 2
240 288 11
241 295 3
242 226 1
243 281 2
244 295 1
245 271 1
246 228 5
247 277 80
248 261 1
249 271 1
250 271 2
251 245 4
252 227 5
253 239 1
254 295 1
255 261 7
256 242 1
257 228 1
258 277 129
259 284 1
260 289 4
261 229 1
262 276 29
263 281 2
264 272 1
265 304 1
266 289 1
267 235 4
268 250 1
269 271 1
270 236 1
271 261 1
272 309 7
273 250 2
274 277 1
275 261 1
276 257 1
277 304 54
278 323 211
279 261 1
280 271 1
281 311 1
282 254 6
283 251 1
284 290 1
285 294 2
286 249 1
287 293 1
288 262 1
289 313 12
290 334 6
291 266 3
292 261 1
293 281 1
294 334 2
295 340 3
296 309 6
297 339 1
298 261 1
299 251 1
300 290 1
301 339 1
302 251 2
303 261 2
304 261 1
305 313 56
306 313 1
307 301 1
308 348 1
309 302 1
310 340 15
311 345 1
312 321 2
313 345 1
314 323 99
315 361 1
316 335 1
317 333 1
318 359 1
319 309 1
320 360 2
321 340 1
322 345 4
323 361 1
324 0 329
325 323 1
326 319 1
327 335 1
328 321 1
329 335 1
330 0 1
331 338 1
332 332 1
333 366 2
334 365 4
335 0 10
336 343 28
337 344 1
338 339 1
339 335 21
340 360 5
341 375 20
342 361 1
343 323 17
344 313 29
345 355 2
346 379 7
347 355 1
348 333 1
349 368 2
350 368 1
351 366 2
352 338 8
353 366 1
354 333 1
355 335 2
356 359 7
357 0 96
358 335 1
359 0 31
360 338 11
361 376 8
362 408 4
363 339 1
364 342 16
365 366 1
366 351 7
367 393 8
368 379 4
369 404 4
370 372 8
371 355 1
372 358 1
373 363 15
374 356 1
375 356 6
376 391 32
377 378 16
378 334 1
379 408 17
380 404 12
381 356 1
382 372 1
383 355 1
384 355 1
385 354 1
386 366 1
387 375 1
388 367 1
389 0 232
390 356 87
391 367 2
392 408 34
393 350 1
394 375 9
395 359 2
396 365 2
397 408 1
398 376 5
399 388 2
400 369 7
401 388 1
402 372 1
403 391 1
404 358 29
405 413 87
406 425 1
407 372 1
408 399 2
409 404 57
410 375 1
411 372 3
412 390 1
413 444 1
414 388 198
415 388 1
416 376 2
417 404 12
418 388 29
419 374 5
420 410 1
421 395 1
422 410 1
423 397 4
424 425 1
425 389 1
426 422 3
427 404 1
428 394 1
429 413 110
430 399 4
431 389 85
432 416 11
433 403 27
434 398 1
435 417 28
436 429 3
437 431 10
438 415 1
439 418 1
440 407 1
441 469 4
442 403 1
443 432 1
444 469 1
445 418 2
446 436 8
447 458 1
448 440 3
449 428 89
450 418 1
451 448 1
452 430 1
453 448 1
454 428 1
455 458 1
456 458 2
457 448 2
458 428 1
459 448 12
460 432 2
461 435 1
462 445 7
463 434 3
464 456 1
465 434 21
466 447 1
467 487 20
468 461 1
469 430 36
470 478 6
471 434 2
472 507 1
473 435 1
474 480 3
475 499 1
476 448 44
477 461 1
478 428 18
479 487 14
480 448 1
481 466 4
482 448 1
483 430 47
484 436 1
485 434 1
486 432 23
487 482 1
488 468 35
489 466 3
490 447 1
491 475 39
492 461 1
493 466 12
494 511 1
495 455 1
496 458 6
497 448 24
498 448 1
499 461 1
500 461 2
501 492 11
502 462 2
503 448 1
504 482 9
505 464 2
506 459 1
507 473 2
508 490 38
509 488 1
510 475 1
511 488 1
512 529 3
513 464 18
514 529 1
515 458 1
516 477 14
517 500 2
518 470 1
519 475 1
520 495 5
521 478 6
522 475 2
523 477 3
524 529 6
525 507 3
526 478 1
527 516 1
528 511 1
529 529 1
530 507 33
531 496 1
532 485 22
533 482 36
534 524 1
535 496 22
536 503 5
537 515 1
538 504 1
539 503 3
540 523 2
541 501 1
542 571 1
543 535 1
544 500 8
545 535 1
546 506 1
547 534 19
548 512 10
549 543 1
550 512 7
551 529 2
552 529 1
553 515 11
554 515 1
555 523 1
556 529 7
557 535 1
558 531 9
559 520 5
560 531 1
561 535 1
562 529 2
563 532 25
564 519 1
565 565 1
566 523 2
567 543 1
568 519 2
569 519 1
570 547 1
571 522 2
572 532 10
573 543 1
574 571 1
575 546 1
576 521 1
577 558 1
578 531 8
579 552 8
580 531 1
581 534 2
582 529 1
583 531 1
584 524 1
585 546 17
586 531 1
587 558 2
588 543 3
589 539 1
590 580 1
591 529 6
592 529 1
593 529 1
594 547 1
595 543 1
596 561 1
597 552 2
598 562 17
599 557 3
600 549 6
601 538 2
602 571 3
603 558 1
604 547 1
605 547 6
606 555 5
607 550 1
608 596 1
609 555 1
610 567 1
611 587 1
612 627 2
613 570 1
614 557 4
615 562 2
616 562 5
617 557 1
618 577 3
619 590 1
620 597 12
621 587 1
622 571 4
623 577 1
624 577 1
625 577 2
626 629 1
627 578 7
628 584 16
629 619 1
630 619 9
631 586 1
632 598 1
633 597 4
634 629 1
635 590 4
636 627 4
637 599 1
638 627 1
639 599 2
640 599 2
641 619 1
642 601 2
643 600 1
644 605 4
645 613 3
646 634 1
647 626 1
648 604 2
649 598 1
650 626 2
651 615 1
652 627 7
653 604 3
654 615 2
655 629 1
656 652 1
657 621 2
658 629 3
659 617 2
660 611 1
661 667 1
662 614 1
663 634 1
664 657 2
665 615 1
666 635 1
667 644 1
668 643 3
669 651 4
670 624 1
671 621 1
672 632 3
673 629 1
674 667 1
675 634 1
676 629 1
677 635 1
678 626 2
679 627 1
680 626 1
681 639 1
682 671 1
683 649 1
684 644 1
685 671 1
686 658 1
687 663 1
688 635 1
689 638 1
690 653 1
691 641 1
692 656 1
693 697 1
694 647 1
695 695 1
696 651 2
697 652 1
698 668 3
699 677 1
700 697 1
