300
1 0 0
2 55 1
3 40 1
4 62 1
5 21 1
6 12 1
7 12 1
8 46 1
9 46 1
10 35 1
11 16 1
12 55 1
13 46 3
14 55 1
15 46 1
16 46 1
17 73 2
18 46 1
19 46 1
20 33 1
21 62 1
22 55 2
23 55 1
24 33 1
25 46 1
26 62 1
27 62 1
28 55 1
29 39 1
30 33 1
31 36 1
32 46 1
33 39 1
34 92 4
35 92 1
36 73 2
37 92 2
38 46 1
39 57 1
40 72 3
41 72 2
42 46 1
43 46 1
44 53 1
45 46 1
46 64 1
47 92 22
48 46 1
49 46 1
50 100 1
51 55 1
52 92 1
53 72 1
54 55 2
55 46 1
56 106 12
57 92 1
58 100 2
59 92 1
60 55 1
61 92 1
62 100 1
63 92 5
64 92 1
65 95 2
66 92 1
67 92 3
68 66 1
69 92 1
70 100 1
71 113 1
72 92 1
73 92 7
74 120 5
75 100 1
76 103 1
77 95 2
78 46 1
79 92 1
80 46 1
81 92 1
82 121 1
83 92 1
84 100 1
85 100 1
86 46 1
87 127 1
88 92 1
89 120 1
90 100 1
91 92 1
92 93 1
93 0 60
94 0 2
95 66 1
96 0 6
97 121 1
98 0 1
99 120 1
100 100 1
101 141 12
102 121 1
103 95 1
104 106 3
105 92 1
106 120 1
107 0 16
108 120 1
109 92 1
110 0 1
111 0 1
112 103 1
113 120 1
114 141 2
115 76 1
116 141 1
117 121 1
118 120 1
119 0 18
120 121 1
121 118 14
122 0 7
123 130 1
124 0 1
125 0 1
126 0 1
127 121 1
128 141 4
129 0 1
130 159 1
131 146 3
132 0 3
133 0 1
134 120 1
135 120 1
136 0 1
137 0 1
138 0 1
139 0 1
140 151 1
141 0 4
142 0 30
143 0 1
144 0 7
145 146 10
146 0 1
147 0 29
148 170 1
149 0 1
150 141 4
151 141 1
152 143 4
153 0 1
154 100 1
155 146 1
156 118 1
157 118 1
158 0 1
159 0 1
160 141 2
161 146 2
162 0 2
163 170 1
164 169 1
165 140 3
166 118 1
167 127 1
168 0 1
169 0 1
170 0 21
171 0 6
172 192 1
173 144 1
174 0 1
175 141 1
176 177 1
177 144 3
178 0 9
179 130 1
180 0 1
181 141 1
182 127 1
183 143 2
184 151 2
185 0 5
186 0 1
187 131 2
188 141 1
189 144 1
190 144 2
191 0 6
192 190 1
193 0 2
194 146 11
195 0 2
196 149 1
197 149 1
198 144 2
199 149 1
200 169 14
201 177 2
202 184 1
203 199 1
204 146 1
205 193 3
206 182 1
207 0 9
208 169 2
209 177 1
210 199 1
211 161 1
212 0 2
213 170 2
214 0 14
215 0 16
216 160 1
217 199 1
218 184 1
219 164 2
220 199 1
221 169 3
222 170 1
223 218 1
224 177 2
225 176 1
226 199 2
227 184 2
228 214 1
229 190 1
230 177 2
231 214 2
232 214 1
233 213 2
234 193 3
235 176 1
236 183 1
237 229 1
238 199 2
239 204 1
240 256 4
241 190 2
242 214 7
243 186 1
244 199 4
245 214 3
246 190 1
247 193 1
248 200 1
249 193 1
250 206 4
251 193 1
252 193 1
253 241 1
254 189 1
255 197 1
256 194 1
257 213 10
258 199 1
259 204 1
260 206 4
261 212 1
262 207 1
263 214 1
264 213 1
265 211 1
266 223 1
267 271 1
268 230 1
269 220 1
270 226 1
271 239 1
272 256 2
273 256 1
274 233 1
275 220 1
276 259 1
277 243 1
278 237 1
279 259 1
280 225 1
281 249 1
282 243 1
283 249 1
284 295 1
285 232 1
286 256 1
287 249 1
288 233 1
289 256 1
290 241 1
291 243 1
292 240 1
293 241 1
294 241 1
295 244 1
296 239 2
297 259 1
298 244 1
299 241 1
300 241 1
