200
1 0 0
2 47 1
3 30 1
4 24 1
5 30 2
6 48 1
7 24 1
8 30 1
9 11 1
10 16 1
11 48 1
12 53 2
13 53 2
14 48 1
15 4 1
16 30 1
17 53 2
18 24 1
19 24 1
20 12 1
21 30 1
22 30 1
23 64 1
24 53 1
25 57 5
26 53 2
27 25 1
28 55 1
29 48 1
30 48 1
31 55 9
32 64 1
33 55 1
34 70 1
35 55 1
36 53 1
37 53 1
38 52 1
39 71 1
40 53 1
41 55 1
42 48 1
43 48 1
44 30 1
45 48 1
46 53 1
47 69 1
48 80 2
49 80 9
50 57 1
51 53 1
52 64 1
53 69 2
54 87 16
55 55 1
56 89 15
57 53 1
58 69 7
59 65 1
60 80 1
61 89 1
62 64 1
63 87 1
64 74 1
65 88 5
66 69 2
67 70 1
68 96 1
69 80 1
70 89 13
71 87 3
72 82 2
73 82 1
74 92 1
75 93 8
76 87 1
77 103 4
78 88 1
79 76 1
80 87 1
81 0 16
82 74 1
83 103 6
84 74 1
85 89 1
86 82 1
87 103 1
88 0 27
89 113 7
90 0 31
91 80 1
92 0 1
93 87 2
94 0 12
95 117 1
96 74 1
97 76 2
98 74 1
99 82 1
100 74 1
101 93 1
102 74 1
103 117 1
104 0 12
105 0 1
106 93 2
107 0 4
108 130 1
109 117 1
110 80 1
111 105 1
112 106 1
113 0 4
114 0 24
115 0 1
116 0 2
117 87 1
118 113 12
119 115 1
120 117 1
121 87 1
122 0 2
123 112 2
124 0 1
125 0 27
126 0 1
127 124 2
128 106 1
129 136 5
130 0 2
131 136 8
132 124 1
133 136 1
134 0 2
135 106 1
136 117 1
137 0 29
138 130 1
139 117 2
140 117 2
141 142 3
142 142 1
143 124 16
144 136 2
145 136 4
146 128 2
147 117 1
148 142 1
149 142 1
150 124 3
151 113 3
152 130 2
153 112 1
154 136 1
155 113 1
156 121 1
157 117 1
158 130 1
159 136 1
160 142 6
161 136 1
162 140 1
163 122 1
164 136 2
165 124 1
166 126 1
167 136 1
168 124 1
169 128 2
170 124 2
171 130 2
172 129 1
173 170 1
174 133 1
175 142 1
176 136 2
177 140 1
178 144 1
179 175 1
180 145 1
181 138 1
182 139 1
183 149 1
184 143 1
185 142 1
186 144 1
187 142 1
188 144 1
189 150 1
190 150 1
191 149 1
192 159 1
193 151 1
194 159 1
195 169 1
196 159 1
197 159 1
198 159 1
199 163 1
200 168 1
