500
1 0 0
2 58 1
3 78 1
4 60 1
5 94 1
6 69 3
7 69 1
8 41 1
9 5 1
10 69 1
11 26 1
12 49 1
13 55 1
14 29 1
15 69 1
16 60 1
17 39 1
18 29 1
19 29 1
20 78 1
21 62 1
22 75 1
23 5 1
24 69 1
25 58 1
26 69 1
27 69 2
28 69 1
29 94 1
30 115 4
31 43 1
32 70 1
33 69 1
34 78 1
35 78 1
36 69 1
37 115 1
38 69 1
39 124 1
40 127 2
41 115 1
42 91 2
43 69 1
44 91 2
45 69 1
46 70 1
47 69 1
48 58 1
49 117 1
50 91 2
51 84 1
52 75 1
53 69 1
54 117 1
55 69 1
56 117 2
57 69 1
58 69 1
59 130 5
60 125 1
61 127 3
62 117 1
63 127 2
64 69 1
65 69 1
66 86 1
67 109 1
68 78 1
69 91 1
70 151 25
71 139 3
72 58 1
73 130 1
74 151 1
75 115 1
76 140 3
77 69 1
78 115 1
79 154 8
80 115 1
81 143 1
82 119 1
83 78 1
84 115 1
85 130 3
86 127 1
87 151 2
88 115 1
89 84 1
90 78 1
91 130 1
92 151 8
93 139 1
94 127 1
95 140 3
96 109 1
97 102 1
98 137 1
99 106 1
100 115 1
101 137 1
102 147 1
103 151 2
104 119 1
105 115 1
106 119 1
107 151 2
108 119 1
109 151 1
110 160 3
111 115 1
112 137 1
113 151 1
114 137 1
115 130 1
116 161 16
117 137 1
118 160 6
119 130 1
120 151 5
121 154 1
122 115 1
123 140 1
124 151 1
125 141 2
126 160 2
127 137 1
128 164 11
129 161 1
130 151 1
131 151 13
132 151 1
133 137 1
134 151 1
135 151 1
136 151 1
137 161 1
138 161 9
139 161 1
140 161 6
141 161 14
142 160 4
143 141 1
144 161 2
145 161 1
146 127 1
147 160 1
148 151 5
149 140 1
150 151 1
151 160 1
152 0 82
153 161 1
154 160 1
155 0 10
156 160 1
157 151 1
158 170 1
159 151 1
160 161 1
161 0 21
162 0 63
163 151 1
164 151 1
165 0 12
166 140 1
167 208 1
168 177 1
169 0 1
170 0 2
171 192 4
172 0 1
173 160 1
174 151 1
175 140 1
176 0 1
177 0 1
178 161 3
179 208 1
180 0 1
181 161 1
182 161 1
183 0 1
184 0 1
185 147 1
186 137 1
187 140 1
188 0 1
189 161 1
190 140 1
191 192 2
192 0 1
193 0 21
194 0 1
195 0 1
196 0 1
197 140 1
198 0 1
199 211 1
200 151 1
201 0 2
202 211 1
203 161 1
204 208 1
205 223 1
206 275 1
207 177 1
208 161 1
209 229 7
210 211 1
211 0 1
212 224 5
213 139 1
214 242 7
215 213 1
216 0 1
217 238 12
218 169 1
219 200 1
220 192 1
221 0 1
222 192 1
223 0 1
224 147 2
225 0 6
226 151 1
227 216 1
228 0 7
229 0 1
230 0 17
231 229 3
232 151 1
233 0 1
234 0 1
235 229 1
236 211 1
237 192 4
238 0 2
239 0 27
240 213 1
241 151 1
242 161 1
243 0 54
244 208 1
245 170 1
246 0 12
247 0 1
248 213 1
249 0 4
250 192 1
251 208 1
252 0 1
253 0 1
254 0 4
255 170 1
256 216 1
257 213 1
258 0 1
259 192 1
260 0 3
261 242 11
262 0 2
263 216 1
264 242 1
265 227 5
266 236 1
267 242 1
268 0 16
269 0 1
270 192 1
271 0 4
272 229 1
273 190 1
274 192 3
275 291 1
276 238 9
277 275 1
278 192 1
279 0 6
280 216 1
281 242 4
282 0 22
283 0 1
284 0 1
285 281 2
286 242 3
287 0 1
288 264 1
289 208 1
290 0 1
291 0 1
292 242 4
293 213 1
294 248 2
295 0 1
296 229 1
297 312 1
298 213 1
299 0 7
300 216 1
301 216 1
302 0 16
303 0 6
304 216 1
305 242 4
306 192 1
307 270 1
308 248 1
309 242 2
310 238 5
311 216 2
312 0 1
313 242 2
314 227 1
315 309 1
316 0 1
317 216 1
318 0 2
319 242 2
320 242 3
321 216 1
322 260 1
323 237 1
324 0 1
325 275 1
326 0 6
327 260 1
328 275 1
329 242 2
330 267 2
331 264 1
332 0 28
333 229 2
334 230 1
335 242 1
336 0 1
337 236 1
338 229 1
339 230 1
340 308 1
341 242 5
342 242 1
343 267 3
344 259 1
345 260 1
346 236 1
347 260 1
348 264 1
349 260 1
350 281 2
351 260 1
352 260 1
353 245 6
354 245 4
355 301 12
356 281 3
357 281 1
358 301 1
359 325 2
360 281 5
361 245 1
362 275 2
363 267 5
364 281 2
365 267 1
366 317 1
367 253 3
368 267 2
369 264 1
370 259 1
371 267 2
372 281 1
373 301 1
374 284 1
375 281 5
376 260 2
377 261 1
378 270 2
379 260 1
380 278 1
381 285 2
382 298 5
383 275 2
384 278 1
385 280 3
386 273 2
387 278 1
388 278 2
389 331 2
390 302 3
391 304 1
392 354 3
393 304 1
394 302 1
395 291 2
396 331 1
397 331 1
398 331 1
399 302 1
400 355 1
401 298 1
402 293 1
403 354 4
404 331 4
405 304 1
406 301 1
407 331 5
408 309 2
409 319 1
410 331 1
411 340 2
412 319 1
413 407 1
414 309 1
415 310 1
416 359 2
417 331 4
418 325 2
419 318 1
420 331 1
421 331 1
422 325 1
423 349 1
424 353 1
425 331 4
426 331 1
427 329 1
428 342 1
429 328 1
430 352 1
431 340 1
432 354 1
433 332 1
434 358 1
435 388 1
436 354 1
437 331 1
438 340 1
439 352 1
440 342 1
441 402 1
442 362 1
443 352 1
444 353 1
445 374 1
446 354 1
447 354 1
448 362 1
449 370 1
450 352 2
451 362 1
452 374 1
453 359 1
454 359 1
455 449 1
456 361 1
457 382 1
458 362 1
459 374 1
460 353 1
461 366 1
462 403 1
463 355 1
464 366 1
465 363 1
466 381 1
467 367 1
468 375 1
469 374 1
470 377 1
471 406 1
472 381 1
473 406 1
474 381 1
475 380 1
476 391 1
477 381 1
478 424 1
479 424 1
480 402 1
481 389 1
482 406 1
483 403 2
484 389 1
485 384 1
486 384 1
487 385 1
488 391 1
489 387 1
490 417 1
491 482 1
492 415 1
493 424 1
494 416 1
495 410 1
496 406 1
497 394 1
498 402 1
499 416 1
500 416 1
