1000
1 0 0
2 54 1
3 52 1
4 18 1
5 23 1
6 29 1
7 56 1
8 62 2
9 44 1
10 64 1
11 62 1
12 55 1
13 37 1
14 24 1
15 42 1
16 43 1
17 41 1
18 39 1
19 60 2
20 29 1
21 7 1
22 60 1
23 49 1
24 37 2
25 79 2
26 50 1
27 44 1
28 41 1
29 80 1
30 72 3
31 50 1
32 82 1
33 71 1
34 72 1
35 50 1
36 44 1
37 73 1
38 83 4
39 72 1
40 64 2
41 88 1
42 86 3
43 100 2
44 108 2
45 72 4
46 99 1
47 82 1
48 86 1
49 64 1
50 72 2
51 106 4
52 62 1
53 118 2
54 62 1
55 81 2
56 99 2
57 94 2
58 69 1
59 99 1
60 72 1
61 97 4
62 106 1
63 127 6
64 72 1
65 117 5
66 86 1
67 99 1
68 102 1
69 82 1
70 83 2
71 119 1
72 123 2
73 141 14
74 108 2
75 117 1
76 136 1
77 102 1
78 134 1
79 108 1
80 148 5
81 127 2
82 135 3
83 152 10
84 130 7
85 132 1
86 94 1
87 149 6
88 117 1
89 79 2
90 119 1
91 132 1
92 117 1
93 127 1
94 137 1
95 82 6
96 102 1
97 130 1
98 144 5
99 144 1
100 161 6
101 114 3
102 106 2
103 139 4
104 101 1
105 94 1
106 169 1
107 153 8
108 123 1
109 149 6
110 146 1
111 138 1
112 132 1
113 137 1
114 117 1
115 148 4
116 117 1
117 129 1
118 155 11
119 161 3
120 150 4
121 119 1
122 139 1
123 141 1
124 170 4
125 156 1
126 138 1
127 130 1
128 193 10
129 183 1
130 148 2
131 181 10
132 155 1
133 189 4
134 94 1
135 186 2
136 192 4
137 189 2
138 156 4
139 193 5
140 189 6
141 202 1
142 155 16
143 150 1
144 200 1
145 186 7
146 193 1
147 200 2
148 155 1
149 171 12
150 198 13
151 166 6
152 193 1
153 200 11
154 189 9
155 138 1
156 216 30
157 181 6
158 137 1
159 175 1
160 192 1
161 175 1
162 175 10
163 199 1
164 193 1
165 171 1
166 138 1
167 219 7
168 203 1
169 204 1
170 200 2
171 181 5
172 204 15
173 219 1
174 200 1
175 224 2
176 225 13
177 204 1
178 186 1
179 220 1
180 219 23
181 219 1
182 179 22
183 219 1
184 219 2
185 200 1
186 216 1
187 221 11
188 171 1
189 202 1
190 203 25
191 204 1
192 203 2
193 232 6
194 235 19
195 240 1
196 198 1
197 203 1
198 240 1
199 235 15
200 232 3
201 251 20
202 219 1
203 258 3
204 255 33
205 242 19
206 199 1
207 189 3
208 252 1
209 223 1
210 174 1
211 227 1
212 270 1
213 272 1
214 200 1
215 223 1
216 230 1
217 275 32
218 223 1
219 275 1
220 273 37
221 206 2
222 226 12
223 240 1
224 260 6
225 274 3
226 269 14
227 275 13
228 248 2
229 283 1
230 203 1
231 258 2
232 258 5
233 284 10
234 231 2
235 231 1
236 284 35
237 284 2
238 231 1
239 240 5
240 203 1
241 266 9
242 251 1
243 297 20
244 252 1
245 191 1
246 252 1
247 233 1
248 236 1
249 238 4
250 284 1
251 284 1
252 258 30
253 273 4
254 203 1
255 284 1
256 266 37
257 319 1
258 283 1
259 313 43
260 319 1
261 251 7
262 306 1
263 258 1
264 273 1
265 270 1
266 310 1
267 321 47
268 258 1
269 298 1
270 323 15
271 332 3
272 284 1
273 223 2
274 312 43
275 320 4
276 336 47
277 335 1
278 321 1
279 284 1
280 255 1
281 332 1
282 342 1
283 319 1
284 328 3
285 335 53
286 248 1
287 332 1
288 336 1
289 255 1
290 251 1
291 325 1
292 325 1
293 303 1
294 345 1
295 335 1
296 255 1
297 325 1
298 323 21
299 352 2
300 320 1
301 331 2
302 332 1
303 349 1
304 315 2
305 332 1
306 300 1
307 325 2
308 328 1
309 321 1
310 331 1
311 335 2
312 367 1
313 347 44
314 332 44
315 321 4
316 314 3
317 358 1
318 335 1
319 328 1
320 359 4
321 374 6
322 355 54
323 335 1
324 378 37
325 358 1
326 352 6
327 359 1
328 328 1
329 372 7
330 337 2
331 329 1
332 362 6
333 363 52
334 341 1
335 363 6
336 360 60
337 360 49
338 376 3
339 360 1
340 361 2
341 361 1
342 331 2
343 360 2
344 372 1
345 339 1
346 364 2
347 387 1
348 399 46
349 358 1
350 377 2
351 364 1
352 347 1
353 378 9
354 379 1
355 359 1
356 362 55
357 363 1
358 376 6
359 357 5
360 405 7
361 401 113
362 401 5
363 407 64
364 374 61
365 334 5
366 362 1
367 371 1
368 371 2
369 364 1
370 401 1
371 372 1
372 436 24
373 418 11
374 399 1
375 400 68
376 376 1
377 371 20
378 422 3
379 405 47
380 380 2
381 376 3
382 418 1
383 362 1
384 401 1
385 405 1
386 376 1
387 399 2
388 395 2
389 404 1
390 361 1
391 363 1
392 358 1
393 468 1
394 414 1
395 468 1
396 418 4
397 404 1
398 436 7
399 439 1
400 401 50
401 468 70
402 476 171
403 372 1
404 386 1
405 463 3
406 463 61
407 408 1
408 463 66
409 439 3
410 448 1
411 405 3
412 427 1
413 436 1
414 435 1
415 376 5
416 451 1
417 407 1
418 429 36
419 440 17
420 435 1
421 436 1
422 405 1
423 427 4
424 439 3
425 481 1
426 486 1
427 468 1
428 468 14
429 463 1
430 463 37
431 463 35
432 457 2
433 477 2
434 468 1
435 405 1
436 414 3
437 460 34
438 432 1
439 397 6
440 477 15
441 488 18
442 445 1
443 408 1
444 400 1
445 448 1
446 430 33
447 410 1
448 438 1
449 454 3
450 438 1
451 431 1
452 512 2
453 439 1
454 439 2
455 486 5
456 439 1
457 488 1
458 505 11
459 439 2
460 438 1
461 417 35
462 457 1
463 427 1
464 499 205
465 395 1
466 490 4
467 423 1
468 488 1
469 0 89
470 438 1
471 423 1
472 410 1
473 465 1
474 505 1
475 438 1
476 445 2
477 0 172
478 508 21
479 465 1
480 513 25
481 465 1
482 553 2
483 439 1
484 454 1
485 430 1
486 513 2
487 427 7
488 510 1
489 524 21
490 557 1
491 457 6
492 0 1
493 445 29
494 490 1
495 505 1
496 458 1
497 557 1
498 0 1
499 515 1
500 0 206
501 541 4
502 500 1
503 457 1
504 561 1
505 453 1
506 479 22
507 530 1
508 485 1
509 521 23
510 463 1
511 557 2
512 505 1
513 477 3
514 492 28
515 475 1
516 538 2
517 547 1
518 541 1
519 505 1
520 0 1
521 541 1
522 557 25
523 554 1
524 557 1
525 571 33
526 479 1
527 479 1
528 505 1
529 521 1
530 553 1
531 534 8
532 508 1
533 571 1
534 590 1
535 0 171
536 568 1
537 0 128
538 500 2
539 578 3
540 530 1
541 573 1
542 559 9
543 571 1
544 530 1
545 534 36
546 505 4
547 505 1
548 571 20
549 550 1
550 536 113
551 545 3
552 537 1
553 581 1
554 562 4
555 568 3
556 530 3
557 530 1
558 566 31
559 550 1
560 573 10
561 524 11
562 586 2
563 569 14
564 534 59
565 544 1
566 541 1
567 544 33
568 541 1
569 578 6
570 547 16
571 554 1
572 574 57
573 547 1
574 590 15
575 563 58
576 573 3
577 598 1
578 581 3
579 560 10
580 534 66
581 0 230
582 536 13
583 544 1
584 617 1
585 598 1
586 562 9
587 549 75
588 534 1
589 595 1
590 575 1
591 612 54
592 595 1
593 536 1
594 580 1
595 598 1
596 549 37
597 623 1
598 555 2
599 610 5
600 586 71
601 612 1
602 586 1
603 579 2
604 581 1
605 569 1
606 581 6
607 547 1
608 590 7
609 611 59
610 579 1
611 607 6
612 579 61
613 599 70
614 581 1
615 623 1
616 575 1
617 571 1
618 585 2
619 623 1
620 580 90
621 568 1
622 590 30
623 623 3
624 608 55
625 566 1
626 580 1
627 598 1
628 649 1
629 585 4
630 580 1
631 577 2
632 585 1
633 633 1
634 605 5
635 611 1
636 630 1
637 644 1
638 608 3
639 656 3
640 621 29
641 585 1
642 580 136
643 638 1
644 579 1
645 656 5
646 595 34
647 597 1
648 619 2
649 644 1
650 622 2
651 679 1
652 602 1
653 641 1
654 679 1
655 623 48
656 644 1
657 639 11
658 644 1
659 641 2
660 645 31
661 612 14
662 685 1
663 619 87
664 633 3
665 645 2
666 656 1
667 660 12
668 628 3
669 660 1
670 656 1
671 654 14
672 662 82
673 673 1
674 670 8
675 638 1
676 654 1
677 667 1
678 641 132
679 664 1
680 639 17
681 654 25
682 659 30
683 637 2
684 654 7
685 677 2
686 673 5
687 694 2
688 647 1
689 673 1
690 697 1
691 697 1
692 686 1
693 706 1
694 722 1
695 662 3
696 677 1
697 658 1
698 666 11
699 679 2
700 706 1
701 663 1
702 706 1
703 671 24
704 732 3
705 662 1
706 671 56
707 679 6
708 670 1
709 670 1
710 670 1
711 706 1
712 670 1
713 698 1
714 667 1
715 733 2
716 681 29
717 733 1
718 663 1
719 683 2
720 706 1
721 670 1
722 671 1
723 703 2
724 683 1
725 680 1
726 677 127
727 679 1
728 680 19
729 677 1
730 685 3
731 679 5
732 729 1
733 680 4
734 725 46
735 682 1
736 715 21
737 752 1
738 697 1
739 684 1
740 725 1
741 697 6
742 683 3
743 697 1
744 735 1
745 715 5
746 715 1
747 764 4
748 748 1
749 725 7
750 702 23
751 729 1
752 714 1
753 725 70
754 725 1
755 705 55
756 741 1
757 779 1
758 715 1
759 752 22
760 725 1
761 733 42
762 735 2
763 718 1
764 740 3
765 727 18
766 744 2
767 730 4
768 778 7
769 746 1
770 778 1
771 735 17
772 748 5
773 784 1
774 764 12
775 764 1
776 776 4
777 760 6
778 749 13
779 754 37
780 775 2
781 749 8
782 740 2
783 766 1
784 746 2
785 794 25
786 763 1
787 741 1
788 752 46
789 760 3
790 773 2
791 794 5
792 777 1
793 763 1
794 790 4
795 760 31
796 761 1
797 787 2
798 744 2
799 773 1
800 760 1
801 775 1
802 770 8
803 776 1
804 777 1
805 773 1
806 773 1
807 767 5
808 773 1
809 773 1
810 749 1
811 773 1
812 765 1
813 754 17
814 783 1
815 789 1
816 770 6
817 758 21
818 801 5
819 767 1
820 817 1
821 787 40
822 777 10
823 778 27
824 771 4
825 787 2
826 823 2
827 812 3
828 793 2
829 778 1
830 766 2
831 787 1
832 806 4
833 788 1
834 784 1
835 797 1
836 784 22
837 812 7
838 770 2
839 773 3
840 793 1
841 788 1
842 816 1
843 822 1
844 801 1
845 781 1
846 821 2
847 820 10
848 816 3
849 816 1
850 780 7
851 821 6
852 812 1
853 831 1
854 845 1
855 812 2
856 796 1
857 821 1
858 820 14
859 816 1
860 838 2
861 801 1
862 817 3
863 820 15
864 812 3
865 822 3
866 846 1
867 816 10
868 822 18
869 816 4
870 823 1
871 822 1
872 831 1
873 827 1
874 826 2
875 849 6
876 822 3
877 867 12
878 815 5
879 850 1
880 837 1
881 859 1
882 835 3
883 850 1
884 824 1
885 850 3
886 857 7
887 866 7
888 825 1
889 829 1
890 835 17
891 835 1
892 831 1
893 866 1
894 866 1
895 857 2
896 846 1
897 836 6
898 846 7
899 876 8
900 847 2
901 857 3
902 854 1
903 857 1
904 930 2
905 862 7
906 861 1
907 904 1
908 861 1
909 867 1
910 864 2
911 863 1
912 896 1
913 863 1
914 881 1
915 930 6
916 862 7
917 873 1
918 867 4
919 877 4
920 930 1
921 868 3
922 874 5
923 897 4
924 875 2
925 881 1
926 938 1
927 886 1
928 876 3
929 918 2
930 894 1
931 889 16
932 884 2
933 914 4
934 914 1
935 897 2
936 915 2
937 915 1
938 885 6
939 956 2
940 886 5
941 903 1
942 922 3
943 896 4
944 899 1
945 939 1
946 930 1
947 956 1
948 898 7
949 921 1
950 941 1
951 947 4
952 931 1
953 900 2
954 930 3
955 937 1
956 947 1
957 904 5
958 918 1
959 920 1
960 923 1
961 932 1
962 915 2
963 965 1
964 934 1
965 953 1
966 939 2
967 937 1
968 921 1
969 909 1
970 915 1
971 950 1
972 930 1
973 937 1
974 921 1
975 947 1
976 932 1
977 935 1
978 930 1
979 920 1
980 939 1
981 956 1
982 928 1
983 917 3
984 937 1
985 942 1
986 921 1
987 982 1
988 932 1
989 942 1
990 950 1
991 927 1
992 950 1
993 941 1
994 937 1
995 952 1
996 953 1
997 961 1
998 942 1
999 927 1
1000 982 1
