500
1 0 0
2 23 1
3 32 1
4 54 1
5 37 1
6 38 1
7 37 2
8 30 1
9 38 1
10 23 1
11 53 1
12 38 1
13 46 1
14 67 1
15 6 1
16 56 1
17 27 1
18 67 1
19 49 1
20 70 1
21 68 1
22 63 1
23 49 1
24 69 3
25 41 1
26 67 1
27 39 1
28 73 2
29 67 1
30 79 1
31 56 2
32 79 1
33 67 2
34 70 1
35 81 1
36 63 1
37 67 1
38 83 4
39 79 4
40 82 2
41 66 1
42 66 2
43 83 1
44 79 1
45 79 1
46 83 1
47 91 3
48 81 1
49 70 1
50 90 3
51 91 2
52 53 1
53 70 1
54 80 3
55 79 2
56 97 1
57 82 13
58 46 1
59 83 2
60 50 1
61 94 1
62 58 1
63 73 1
64 102 3
65 67 1
66 70 1
67 56 9
68 109 11
69 102 2
70 70 4
71 113 10
72 98 1
73 113 1
74 66 4
75 67 1
76 67 1
77 66 1
78 113 1
79 104 1
80 112 11
81 123 4
82 117 3
83 111 16
84 126 9
85 118 1
86 113 1
87 103 1
88 117 1
89 113 1
90 103 1
91 133 4
92 130 6
93 113 1
94 103 1
95 137 2
96 128 1
97 103 1
98 109 2
99 112 2
100 103 1
101 126 1
102 140 1
103 130 6
104 142 7
105 137 3
106 113 1
107 124 1
108 104 1
109 103 1
110 142 15
111 133 1
112 150 18
113 146 14
114 149 17
115 109 1
116 133 1
117 139 1
118 144 5
119 154 2
120 143 1
121 137 1
122 146 1
123 140 1
124 153 5
125 137 2
126 111 1
127 144 11
128 137 1
129 161 2
130 153 1
131 172 13
132 151 1
133 142 1
134 154 7
135 159 1
136 172 1
137 140 1
138 182 10
139 140 1
140 142 2
141 166 5
142 180 3
143 180 26
144 171 2
145 191 17
146 153 2
147 178 16
148 185 1
149 141 1
150 171 18
151 191 31
152 150 2
153 141 1
154 150 9
155 162 10
156 178 1
157 191 1
158 166 1
159 150 1
160 189 3
161 159 1
162 189 3
163 195 11
164 169 1
165 191 1
166 191 1
167 167 7
168 205 9
169 167 1
170 207 2
171 181 1
172 206 21
173 195 15
174 204 1
175 206 1
176 204 1
177 204 1
178 189 1
179 203 18
180 145 1
181 207 39
182 205 2
183 210 11
184 203 1
185 195 1
186 228 2
187 203 1
188 228 1
189 191 1
190 180 9
191 228 1
192 231 53
193 205 1
194 231 1
195 200 1
196 227 28
197 231 1
198 231 1
199 207 2
200 220 1
201 214 4
202 231 1
203 200 1
204 211 84
205 227 4
206 223 13
207 227 23
208 203 44
209 243 1
210 212 1
211 214 12
212 227 85
213 225 6
214 214 1
215 235 23
216 200 1
217 203 1
218 203 18
219 242 1
220 227 1
221 242 2
222 227 1
223 212 3
224 243 14
225 189 1
226 217 9
227 227 1
228 0 144
229 259 5
230 214 1
231 212 1
232 259 58
233 198 1
234 214 1
235 240 1
236 252 24
237 0 2
238 240 1
239 269 1
240 245 1
241 214 3
242 269 1
243 261 4
244 259 17
245 0 1
246 217 8
247 222 1
248 225 2
249 254 7
250 222 1
251 248 1
252 257 2
253 259 25
254 256 2
255 0 8
256 259 1
257 248 4
258 0 3
259 248 1
260 0 157
261 0 1
262 284 5
263 300 1
264 259 1
265 278 1
266 271 1
267 294 1
268 245 6
269 253 1
270 283 3
271 236 1
272 0 3
273 251 1
274 267 1
275 259 1
276 259 44
277 283 3
278 247 1
279 276 2
280 243 1
281 0 2
282 0 1
283 256 1
284 275 39
285 303 6
286 259 1
287 0 64
288 303 1
289 275 1
290 300 1
291 297 3
292 333 1
293 0 7
294 267 1
295 342 4
296 275 1
297 259 1
298 324 4
299 259 1
300 336 1
301 267 3
302 271 1
303 286 25
304 283 11
305 0 34
306 0 72
307 342 1
308 259 1
309 283 1
310 283 2
311 342 1
312 358 1
313 316 1
314 290 1
315 347 1
316 357 1
317 304 12
318 338 1
319 294 1
320 294 1
321 275 2
322 280 1
323 303 1
324 304 1
325 283 17
326 304 18
327 290 1
328 304 1
329 324 10
330 358 1
331 283 1
332 302 24
333 305 71
334 355 2
335 342 1
336 286 25
337 342 2
338 328 2
339 328 3
340 338 1
341 304 1
342 303 1
343 332 50
344 286 13
345 292 6
346 357 14
347 347 4
348 342 6
349 325 2
350 337 1
351 303 1
352 320 1
353 331 1
354 309 1
355 332 3
356 346 3
357 324 1
358 342 34
359 332 3
360 331 21
361 316 1
362 369 7
363 345 13
364 331 1
365 370 3
366 316 9
367 325 15
368 324 1
369 357 18
370 332 14
371 328 4
372 335 24
373 376 1
374 366 8
375 366 1
376 348 1
377 362 5
378 366 2
379 383 1
380 343 1
381 366 3
382 344 5
383 343 11
384 359 8
385 362 4
386 364 1
387 365 1
388 359 10
389 383 6
390 365 7
391 364 1
392 361 5
393 354 2
394 369 6
395 359 1
396 391 4
397 359 1
398 361 1
399 371 5
400 368 17
401 395 3
402 388 1
403 362 3
404 371 18
405 382 1
406 392 1
407 387 9
408 373 6
409 382 1
410 377 1
411 376 2
412 382 1
413 373 1
414 381 2
415 400 1
416 376 1
417 382 7
418 384 3
419 417 1
420 381 1
421 380 2
422 381 1
423 388 2
424 406 2
425 388 1
426 410 1
427 403 1
428 388 1
429 406 6
430 389 6
431 439 1
432 398 1
433 398 1
434 393 5
435 428 2
436 399 10
437 399 6
438 402 2
439 416 6
440 398 2
441 400 1
442 428 1
443 413 1
444 403 16
445 428 2
446 436 1
447 435 1
448 422 1
449 436 1
450 407 5
451 423 1
452 443 1
453 417 1
454 435 1
455 435 1
456 435 3
457 420 1
458 436 3
459 437 1
460 435 2
461 429 5
462 438 1
463 467 4
464 467 2
465 434 1
466 433 3
467 433 1
468 443 14
469 463 1
470 438 4
471 449 1
472 435 1
473 449 3
474 478 1
475 444 1
476 469 1
477 467 1
478 457 2
479 467 6
480 469 1
481 460 3
482 465 1
483 455 1
484 455 1
485 462 1
486 480 1
487 462 2
488 459 1
489 478 1
490 477 1
491 486 1
492 494 1
493 460 1
494 480 1
495 472 2
496 465 1
497 478 1
498 469 1
499 478 1
500 478 1
