300
1 0 0
2 8 1
3 5 1
4 22 1
5 23 1
6 16 2
7 25 1
8 16 1
9 26 3
10 19 1
11 20 1
12 8 1
13 21 1
14 15 1
15 17 1
16 19 2
17 38 4
18 39 2
19 19 1
20 39 5
21 34 2
22 45 2
23 40 2
24 58 2
25 50 1
26 46 2
27 46 4
28 34 1
29 64 1
30 50 1
31 64 1
32 70 1
33 46 1
34 70 1
35 64 6
36 34 2
37 74 1
38 46 1
39 87 5
40 80 8
41 70 3
42 79 1
43 76 1
44 87 1
45 55 1
46 70 3
47 86 10
48 46 1
49 64 1
50 64 1
51 86 3
52 53 1
53 62 1
54 88 2
55 87 1
56 79 2
57 79 1
58 95 1
59 94 3
60 88 1
61 82 1
62 86 1
63 92 2
64 35 1
65 98 11
66 86 1
67 92 1
68 69 1
69 95 2
70 80 2
71 95 9
72 87 2
73 86 1
74 68 1
75 110 3
76 88 1
77 86 2
78 86 1
79 110 1
80 114 5
81 115 11
82 97 1
83 105 2
84 71 1
85 74 1
86 99 1
87 117 20
88 102 10
89 112 5
90 95 1
91 102 1
92 97 1
93 102 4
94 98 1
95 122 4
96 126 14
97 99 1
98 122 3
99 131 13
100 131 4
101 114 1
102 125 1
103 131 16
104 109 1
105 113 1
106 126 3
107 130 1
108 99 1
109 131 1
110 122 2
111 130 5
112 133 1
113 146 8
114 130 3
115 150 7
116 131 12
117 131 1
118 147 21
119 145 1
120 112 1
121 146 1
122 123 1
123 135 16
124 122 3
125 113 1
126 137 4
127 147 18
128 112 1
129 132 1
130 131 1
131 147 11
132 155 49
133 125 2
134 147 2
135 123 1
136 147 17
137 130 1
138 155 21
139 122 3
140 156 1
141 144 1
142 146 1
143 137 2
144 146 1
145 146 2
146 157 3
147 137 14
148 0 90
149 142 1
150 155 1
151 153 8
152 138 1
153 138 1
154 0 9
155 147 18
156 0 73
157 154 16
158 162 10
159 0 1
160 145 1
161 0 26
162 156 6
163 160 19
164 162 1
165 0 1
166 154 1
167 0 9
168 147 1
169 179 2
170 156 2
171 160 5
172 156 1
173 169 1
174 0 44
175 0 2
176 182 1
177 147 1
178 157 2
179 0 36
180 162 5
181 161 4
182 0 1
183 173 41
184 0 7
185 168 1
186 161 1
187 170 4
188 155 1
189 162 1
190 200 2
191 195 2
192 173 1
193 166 1
194 182 12
195 156 5
196 157 4
197 160 1
198 193 5
199 162 1
200 173 1
201 201 3
202 182 26
203 197 2
204 166 7
205 174 1
206 186 1
207 182 1
208 179 2
209 197 1
210 194 1
211 186 1
212 218 4
213 180 3
214 178 12
215 207 1
216 178 1
217 195 1
218 177 1
219 178 22
220 193 6
221 194 3
222 183 6
223 186 1
224 213 5
225 213 1
226 211 3
227 190 1
228 213 1
229 189 1
230 220 1
231 213 4
232 220 1
233 202 1
234 218 1
235 212 1
236 203 6
237 197 1
238 201 18
239 201 4
240 218 1
241 219 1
242 221 5
243 218 14
244 225 2
245 241 2
246 212 1
247 218 1
248 252 1
249 219 1
250 219 3
251 237 15
252 237 2
253 250 5
254 223 4
255 242 13
256 235 4
257 241 2
258 235 1
259 230 3
260 238 2
261 238 1
262 252 1
263 268 2
264 255 1
265 243 1
266 244 1
267 250 1
268 252 2
269 254 4
270 250 1
271 249 1
272 278 1
273 250 5
274 281 1
275 249 1
276 254 7
277 262 1
278 251 1
279 250 2
280 256 1
281 255 2
282 275 2
283 275 1
284 298 1
285 253 3
286 258 1
287 254 1
288 268 1
289 258 1
290 259 1
291 280 1
292 272 1
293 275 1
294 284 1
295 275 1
296 284 1
297 298 1
298 275 1
299 272 3
300 267 1
