700
1 0 0
2 26 1
3 34 1
4 66 1
5 30 1
6 34 1
7 37 1
8 46 1
9 56 1
10 56 1
11 48 1
12 16 1
13 24 1
14 24 1
15 54 1
16 34 1
17 71 2
18 67 1
19 58 1
20 53 1
21 37 1
22 47 1
23 48 1
24 46 1
25 75 4
26 67 1
27 74 2
28 56 4
29 24 1
30 82 1
31 27 3
32 53 1
33 30 1
34 74 1
35 79 5
36 36 1
37 82 2
38 69 3
39 34 1
40 48 1
41 54 1
42 87 1
43 71 1
44 82 1
45 81 1
46 66 1
47 64 3
48 64 2
49 88 4
50 53 1
51 87 1
52 96 1
53 79 1
54 68 4
55 97 3
56 66 2
57 87 7
58 91 1
59 88 2
60 64 1
61 111 1
62 101 1
63 97 1
64 97 1
65 97 7
66 79 1
67 110 5
68 106 3
69 82 5
70 99 4
71 74 1
72 76 4
73 106 1
74 55 1
75 105 10
76 74 5
77 97 5
78 97 1
79 108 2
80 115 8
81 78 1
82 132 2
83 129 10
84 115 1
85 135 1
86 119 1
87 106 1
88 115 10
89 105 7
90 119 1
91 97 1
92 99 3
93 101 1
94 129 1
95 100 1
96 141 1
97 102 2
98 146 21
99 136 1
100 136 8
101 134 2
102 108 3
103 145 4
104 115 1
105 97 1
106 138 18
107 149 6
108 124 2
109 129 6
110 149 1
111 146 6
112 157 2
113 126 1
114 126 1
115 149 1
116 157 22
117 162 1
118 107 1
119 160 1
120 141 3
121 102 1
122 142 1
123 146 1
124 142 1
125 155 3
126 91 1
127 174 3
128 141 1
129 151 1
130 167 18
131 156 1
132 145 2
133 160 3
134 181 1
135 174 3
136 167 2
137 160 10
138 151 1
139 172 19
140 115 1
141 189 1
142 188 6
143 187 3
144 157 1
145 171 1
146 155 7
147 187 29
148 179 1
149 186 1
150 171 9
151 204 1
152 187 3
153 153 1
154 180 2
155 184 1
156 190 13
157 202 3
158 169 26
159 131 1
160 155 1
161 174 15
162 174 1
163 185 2
164 202 1
165 156 1
166 183 1
167 186 1
168 215 21
169 184 1
170 187 27
171 207 1
172 212 12
173 220 20
174 187 1
175 218 24
176 187 1
177 155 1
178 220 1
179 202 1
180 223 2
181 226 3
182 210 2
183 174 1
184 216 2
185 195 3
186 226 3
187 210 3
188 229 66
189 216 7
190 223 2
191 219 15
192 187 1
193 229 1
194 213 1
195 171 1
196 227 4
197 190 1
198 220 1
199 224 1
200 212 1
201 227 1
202 219 1
203 213 6
204 226 1
205 219 2
206 234 1
207 234 1
208 237 2
209 219 2
210 245 1
211 246 6
212 246 1
213 216 14
214 236 9
215 244 1
216 237 22
217 226 24
218 226 1
219 247 25
220 270 22
221 259 23
222 252 1
223 219 1
224 259 5
225 257 2
226 259 1
227 262 35
228 281 6
229 249 1
230 274 68
231 270 1
232 226 1
233 208 1
234 259 1
235 254 3
236 213 1
237 259 10
238 266 25
239 264 1
240 273 1
241 262 2
242 226 1
243 240 1
244 264 1
245 263 2
246 262 2
247 273 8
248 289 26
249 259 1
250 295 2
251 266 1
252 291 1
253 264 2
254 264 1
255 293 4
256 295 28
257 288 1
258 265 3
259 270 1
260 302 42
261 273 1
262 288 1
263 267 45
264 299 3
265 265 8
266 285 13
267 255 27
268 309 46
269 294 1
270 291 1
271 304 25
272 288 1
273 288 1
274 314 11
275 314 69
276 319 1
277 286 1
278 264 1
279 314 1
280 314 1
281 314 1
282 307 7
283 314 1
284 264 1
285 289 1
286 296 20
287 333 2
288 307 1
289 262 5
290 334 28
291 265 1
292 325 3
293 293 1
294 330 6
295 333 2
296 336 32
297 298 21
298 300 3
299 337 22
300 336 4
301 309 4
302 295 1
303 336 43
304 327 1
305 334 47
306 327 1
307 336 1
308 308 13
309 304 21
310 337 51
311 359 1
312 340 6
313 357 1
314 321 1
315 0 85
316 319 1
317 285 6
318 356 1
319 316 5
320 333 3
321 337 1
322 318 3
323 341 1
324 327 1
325 354 5
326 324 4
327 361 1
328 307 4
329 321 1
330 357 1
331 308 7
332 0 1
333 345 1
334 356 8
335 376 76
336 352 2
337 0 202
338 336 111
339 356 1
340 297 2
341 342 7
342 0 2
343 336 9
344 318 1
345 311 5
346 344 2
347 344 2
348 356 1
349 0 1
350 382 53
351 376 1
352 336 1
353 385 3
354 346 1
355 384 6
356 363 1
357 359 14
358 361 3
359 356 1
360 361 33
361 384 1
362 349 39
363 356 1
364 359 15
365 376 57
366 0 130
367 337 1
368 335 1
369 349 1
370 361 1
371 337 34
372 359 1
373 339 1
374 396 1
375 337 1
376 370 2
377 0 232
378 379 1
379 384 1
380 363 13
381 381 1
382 384 2
383 376 61
384 0 3
385 349 12
386 370 31
387 342 1
388 379 1
389 414 1
390 384 1
391 376 9
392 385 26
393 359 1
394 376 1
395 0 43
396 406 2
397 391 8
398 379 2
399 406 1
400 396 1
401 364 56
402 382 2
403 416 4
404 396 1
405 445 1
406 375 1
407 365 129
408 445 1
409 382 5
410 385 1
411 397 1
412 379 1
413 400 2
414 376 24
415 415 55
416 406 97
417 415 23
418 396 1
419 376 1
420 396 1
421 434 1
422 379 7
423 376 1
424 400 53
425 431 1
426 394 42
427 401 1
428 406 3
429 391 16
430 396 2
431 437 5
432 402 3
433 421 1
434 383 2
435 390 8
436 428 1
437 391 1
438 428 13
439 434 2
440 395 1
441 415 3
442 421 1
443 406 25
444 455 2
445 421 1
446 430 3
447 421 1
448 466 1
449 413 23
450 428 1
451 408 4
452 466 1
453 431 1
454 421 2
455 414 53
456 423 52
457 412 1
458 470 1
459 416 18
460 465 3
461 430 1
462 415 15
463 429 1
464 434 4
465 427 2
466 437 7
467 469 7
468 433 1
469 453 1
470 478 8
471 461 2
472 425 41
473 448 1
474 438 1
475 465 2
476 466 1
477 443 1
478 442 24
479 455 48
480 478 14
481 448 1
482 493 1
483 440 1
484 459 1
485 466 2
486 459 1
487 448 2
488 465 1
489 471 1
490 448 1
491 461 1
492 440 1
493 461 1
494 502 5
495 464 1
496 461 4
497 454 8
498 496 3
499 458 17
500 521 1
501 466 1
502 496 2
503 479 13
504 496 1
505 461 4
506 448 6
507 493 1
508 454 43
509 450 2
510 448 11
511 454 1
512 501 1
513 455 1
514 493 1
515 450 1
516 461 2
517 502 1
518 463 1
519 463 2
520 471 35
521 502 5
522 498 16
523 493 1
524 519 1
525 495 2
526 504 1
527 478 1
528 509 9
529 518 1
530 471 4
531 497 1
532 474 1
533 477 5
534 478 23
535 519 1
536 486 1
537 515 1
538 484 1
539 477 3
540 497 1
541 519 1
542 477 15
543 478 1
544 509 1
545 508 1
546 521 14
547 496 1
548 520 4
549 502 1
550 504 2
551 495 1
552 507 14
553 553 1
554 505 5
555 569 3
556 559 1
557 507 28
558 556 27
559 519 3
560 533 22
561 519 28
562 524 1
563 547 1
564 567 1
565 527 8
566 549 1
567 572 1
568 551 2
569 580 1
570 545 11
571 529 3
572 557 20
573 571 2
574 560 1
575 538 2
576 532 4
577 557 4
578 554 1
579 554 1
580 551 11
581 559 3
582 547 2
583 560 17
584 541 14
585 569 3
586 545 2
587 559 8
588 569 1
589 584 1
590 595 1
591 553 3
592 584 1
593 593 1
594 582 2
595 571 7
596 569 3
597 575 3
598 557 2
599 559 1
600 558 2
601 574 1
602 564 1
603 571 1
604 564 2
605 560 9
606 579 4
607 559 8
608 571 3
609 580 1
610 586 6
611 564 4
612 571 3
613 571 2
614 586 1
615 570 1
616 570 1
617 582 7
618 626 1
619 571 1
620 616 2
621 583 9
622 594 3
623 582 1
624 581 1
625 590 1
626 585 1
627 579 6
628 597 1
629 576 3
630 582 1
631 583 3
632 582 5
633 583 1
634 616 1
635 606 1
636 616 1
637 595 1
638 590 1
639 619 1
640 604 1
641 609 5
642 599 1
643 594 3
644 606 1
645 605 3
646 616 2
647 668 1
648 604 3
649 596 2
650 640 1
651 606 1
652 607 2
653 603 1
654 606 1
655 626 1
656 606 1
657 610 3
658 612 1
659 604 4
660 647 1
661 606 1
662 606 1
663 621 1
664 620 1
665 640 1
666 630 2
667 611 2
668 647 1
669 674 3
670 620 1
671 626 3
672 621 1
673 631 1
674 628 2
675 620 6
676 640 1
677 631 3
678 665 1
679 642 1
680 644 1
681 640 1
682 668 1
683 648 1
684 674 1
685 642 1
686 644 1
687 658 1
688 656 1
689 645 1
690 658 1
691 651 1
692 656 1
693 670 1
694 674 1
695 658 1
696 670 1
697 666 1
698 676 1
699 673 1
700 676 1
