100
1 0 0
2 24 2
3 12 1
4 82 1
5 67 1
6 48 1
7 24 4
8 6 1
9 24 1
10 24 1
11 27 1
12 48 3
13 45 8
14 69 1
15 48 2
16 0 14
17 53 1
18 24 2
19 81 1
20 12 1
21 23 1
22 68 1
23 6 1
24 69 7
25 0 14
26 0 6
27 11 1
28 78 2
29 81 1
30 79 1
31 53 3
32 48 2
33 0 1
34 62 1
35 30 1
36 93 1
37 24 1
38 14 1
39 15 1
40 1 1
41 12 1
42 81 1
43 0 1
44 30 1
45 97 1
46 0 9
47 23 1
48 67 1
49 0 14
50 24 1
51 6 1
52 0 1
53 12 1
54 0 10
55 67 1
56 25 3
57 24 1
58 68 1
59 17 1
60 55 1
61 0 1
62 23 1
63 0 2
64 15 1
65 11 1
66 12 1
67 23 1
68 80 4
69 15 3
70 0 15
71 80 1
72 78 1
73 92 1
74 0 1
75 97 1
76 82 1
77 23 1
78 23 1
79 53 5
80 15 2
81 0 6
82 15 4
83 69 4
84 12 1
85 0 1
86 97 1
87 48 1
88 55 1
89 0 1
90 25 1
91 0 1
92 82 1
93 69 2
94 15 2
95 31 1
96 78 1
97 25 1
98 48 4
99 12 1
100 0 1
