100
1 0 0
2 79 1
3 88 1
4 5 1
5 89 1
6 0 14
7 92 6
8 5 1
9 19 1
10 90 1
11 92 2
12 75 1
13 92 1
14 33 5
15 25 6
16 5 1
17 17 2
18 0 7
19 19 1
20 22 4
21 22 1
22 0 1
23 0 7
24 13 1
25 75 1
26 0 8
27 51 1
28 33 1
29 5 2
30 13 1
31 84 2
32 0 1
33 54 1
34 0 12
35 0 2
36 5 1
37 71 1
38 6 1
39 5 1
40 57 2
41 5 1
42 0 1
43 10 1
44 0 1
45 6 1
46 14 1
47 90 1
48 19 1
49 14 1
50 81 1
51 30 1
52 92 2
53 70 1
54 17 1
55 0 8
56 54 1
57 90 1
58 0 3
59 88 1
60 6 1
61 25 1
62 88 1
63 63 1
64 89 2
65 17 1
66 14 1
67 6 1
68 14 1
69 0 1
70 33 1
71 0 3
72 0 4
73 13 1
74 14 1
75 5 1
76 89 3
77 33 1
78 22 1
79 33 1
80 33 2
81 13 1
82 71 2
83 39 1
84 17 1
85 0 3
86 70 1
87 0 1
88 34 1
89 54 5
90 0 7
91 5 4
92 16 1
93 0 13
94 92 1
95 6 1
96 88 1
97 0 1
98 17 1
99 28 1
100 0 1
