500
1 0 0
2 54 1
3 14 1
4 89 2
5 3 1
6 91 2
7 91 1
8 54 1
9 40 1
10 60 1
11 43 1
12 28 1
13 14 1
14 89 1
15 89 5
16 14 1
17 89 1
18 5 1
19 91 1
20 89 1
21 89 1
22 107 1
23 89 1
24 107 1
25 59 1
26 107 1
27 89 1
28 89 1
29 89 2
30 107 1
31 89 1
32 14 1
33 89 1
34 107 1
35 89 1
36 89 1
37 69 1
38 89 1
39 107 1
40 123 1
41 123 2
42 107 1
43 89 1
44 111 2
45 89 1
46 135 1
47 89 1
48 139 1
49 89 1
50 65 1
51 89 1
52 89 1
53 89 1
54 89 1
55 123 3
56 65 1
57 89 1
58 107 1
59 89 1
60 123 2
61 139 2
62 107 2
63 123 1
64 61 1
65 123 1
66 89 3
67 89 1
68 107 1
69 133 1
70 145 2
71 118 1
72 113 1
73 89 1
74 89 1
75 89 1
76 118 1
77 89 1
78 89 1
79 89 1
80 89 1
81 107 1
82 126 1
83 89 1
84 107 1
85 89 1
86 91 1
87 89 1
88 89 1
89 135 1
90 152 55
91 89 1
92 152 6
93 145 1
94 89 1
95 89 1
96 128 1
97 147 1
98 140 1
99 89 1
100 89 1
101 89 1
102 152 1
103 89 1
104 176 1
105 190 1
106 144 1
107 152 1
108 167 15
109 118 1
110 113 1
111 89 1
112 152 3
113 152 1
114 162 10
115 113 1
116 118 1
117 145 1
118 190 1
119 183 6
120 190 1
121 160 1
122 164 1
123 152 1
124 152 11
125 113 1
126 152 1
127 183 2
128 190 1
129 183 4
130 107 1
131 148 1
132 113 1
133 152 1
134 202 2
135 148 1
136 174 4
137 152 1
138 190 1
139 183 1
140 183 6
141 209 2
142 144 1
143 145 1
144 152 1
145 174 4
146 162 11
147 152 1
148 152 2
149 165 3
150 113 1
151 160 1
152 152 1
153 0 91
154 145 1
155 152 1
156 145 1
157 113 1
158 113 1
159 160 1
160 145 1
161 0 4
162 152 1
163 0 23
164 183 4
165 0 2
166 0 4
167 152 1
168 0 16
169 128 1
170 163 1
171 0 1
172 128 1
173 190 1
174 113 1
175 0 11
176 190 1
177 183 3
178 144 1
179 180 1
180 118 1
181 206 4
182 145 1
183 162 1
184 0 31
185 225 1
186 174 1
187 0 1
188 135 1
189 174 1
190 0 1
191 221 15
192 0 1
193 145 1
194 198 1
195 202 1
196 0 1
197 221 1
198 0 1
199 225 3
200 0 1
201 190 1
202 183 2
203 225 9
204 0 1
205 0 1
206 0 2
207 0 9
208 0 1
209 0 1
210 225 7
211 214 1
212 183 1
213 0 1
214 225 1
215 225 4
216 225 2
217 206 2
218 0 1
219 183 1
220 221 1
221 221 1
222 0 49
223 221 5
224 0 1
225 221 3
226 0 32
227 176 1
228 0 1
229 139 1
230 214 1
231 206 2
232 0 1
233 225 1
234 221 1
235 0 1
236 139 1
237 224 1
238 190 1
239 209 1
240 0 1
241 0 1
242 0 8
243 0 1
244 221 1
245 0 1
246 224 1
247 221 1
248 0 3
249 0 1
250 221 1
251 0 1
252 163 1
253 221 3
254 198 1
255 190 1
256 0 1
257 265 1
258 163 1
259 265 1
260 0 1
261 225 1
262 0 4
263 221 1
264 225 2
265 0 8
266 0 10
267 0 11
268 190 1
269 180 2
270 0 5
271 209 1
272 190 1
273 0 1
274 0 3
275 190 1
276 268 1
277 205 1
278 0 4
279 0 10
280 202 1
281 202 1
282 222 1
283 0 1
284 221 4
285 209 1
286 0 10
287 201 1
288 221 2
289 190 1
290 0 4
291 0 1
292 222 1
293 0 1
294 0 3
295 222 1
296 299 1
297 221 5
298 221 1
299 0 9
300 265 5
301 202 1
302 0 1
303 222 1
304 0 1
305 202 1
306 241 4
307 221 1
308 209 1
309 230 1
310 202 1
311 0 5
312 214 1
313 252 1
314 241 1
315 0 1
316 0 8
317 0 6
318 221 1
319 285 1
320 0 12
321 216 1
322 241 1
323 0 2
324 0 1
325 215 1
326 0 2
327 247 1
328 0 6
329 277 2
330 278 8
331 269 2
332 0 20
333 0 9
334 343 1
335 264 1
336 339 6
337 0 3
338 329 1
339 265 2
340 0 21
341 343 1
342 241 1
343 252 1
344 339 5
345 298 1
346 0 4
347 299 1
348 247 1
349 261 1
350 264 1
351 261 2
352 285 7
353 264 2
354 0 2
355 305 1
356 329 1
357 285 1
358 283 1
359 264 1
360 264 2
361 278 1
362 287 1
363 266 5
364 266 3
365 263 1
366 310 2
367 296 1
368 296 1
369 298 1
370 273 2
371 277 1
372 283 1
373 266 2
374 269 2
375 402 1
376 296 1
377 296 1
378 332 3
379 331 3
380 310 1
381 299 1
382 343 1
383 305 1
384 299 1
385 329 1
386 316 1
387 331 1
388 310 1
389 331 1
390 319 10
391 283 1
392 289 3
393 389 1
394 343 1
395 315 5
396 298 2
397 293 1
398 293 1
399 377 1
400 339 1
401 298 2
402 339 1
403 316 4
404 298 1
405 298 1
406 327 5
407 339 1
408 315 2
409 329 2
410 394 4
411 330 1
412 305 1
413 351 1
414 389 1
415 350 1
416 331 5
417 331 2
418 338 1
419 325 1
420 331 1
421 329 2
422 389 1
423 322 1
424 319 1
425 331 3
426 339 2
427 331 1
428 377 1
429 339 1
430 332 4
431 339 1
432 331 1
433 332 1
434 405 1
435 328 1
436 351 3
437 335 3
438 351 1
439 389 1
440 389 1
441 335 1
442 335 1
443 331 1
444 353 1
445 339 2
446 436 1
447 362 1
448 336 2
449 389 1
450 362 1
451 345 1
452 429 1
453 362 1
454 429 1
455 405 1
456 345 1
457 345 1
458 378 1
459 429 1
460 352 1
461 351 1
462 362 1
463 363 1
464 363 1
465 389 1
466 359 1
467 373 1
468 444 1
469 365 1
470 372 1
471 369 1
472 405 1
473 378 1
474 402 1
475 389 1
476 391 1
477 391 1
478 409 1
479 389 1
480 409 1
481 407 1
482 395 1
483 435 1
484 402 1
485 416 1
486 400 1
487 408 1
488 405 1
489 409 1
490 415 1
491 435 1
492 424 1
493 424 1
494 415 1
495 425 1
496 447 1
497 415 1
498 420 1
499 436 1
500 415 1
