700
1 0 0
2 4 1
3 19 1
4 55 1
5 43 8
6 4 2
7 19 3
8 6 1
9 4 2
10 65 1
11 19 1
12 6 1
13 60 1
14 27 1
15 27 1
16 5 1
17 8 1
18 67 2
19 61 1
20 61 6
21 54 1
22 58 1
23 70 1
24 70 1
25 61 6
26 24 2
27 44 1
28 65 3
29 67 1
30 70 1
31 61 1
32 71 1
33 64 1
34 54 1
35 54 1
36 65 1
37 54 1
38 67 1
39 65 1
40 4 1
41 68 1
42 64 1
43 4 1
44 67 9
45 64 2
46 25 1
47 64 1
48 61 1
49 24 1
50 87 1
51 79 1
52 67 1
53 17 1
54 95 1
55 82 5
56 24 2
57 67 1
58 88 1
59 82 2
60 68 1
61 81 2
62 105 21
63 61 1
64 109 1
65 79 7
66 86 7
67 61 4
68 87 18
69 79 3
70 66 1
71 92 4
72 82 2
73 67 1
74 81 1
75 88 1
76 91 1
77 66 1
78 88 1
79 64 1
80 121 12
81 66 1
82 123 4
83 123 10
84 67 1
85 127 1
86 133 1
87 88 8
88 129 20
89 132 13
90 130 1
91 133 1
92 130 4
93 130 6
94 122 1
95 123 1
96 132 2
97 106 1
98 113 1
99 133 1
100 91 2
101 129 1
102 122 1
103 88 1
104 128 1
105 127 1
106 130 22
107 132 2
108 137 1
109 123 1
110 132 2
111 145 1
112 92 1
113 132 1
114 140 2
115 99 1
116 117 1
117 123 1
118 140 2
119 130 2
120 127 1
121 123 1
122 165 13
123 143 3
124 154 19
125 132 1
126 137 1
127 132 1
128 156 4
129 150 2
130 144 22
131 151 36
132 156 1
133 162 23
134 140 4
135 118 1
136 144 1
137 156 1
138 165 3
139 144 1
140 162 1
141 179 9
142 144 1
143 162 1
144 162 4
145 186 26
146 173 2
147 160 1
148 154 1
149 154 1
150 163 1
151 161 3
152 179 37
153 156 1
154 163 1
155 174 23
156 154 1
157 198 8
158 162 3
159 188 1
160 197 1
161 211 2
162 173 4
163 206 33
164 211 4
165 163 1
166 197 17
167 157 1
168 194 1
169 180 1
170 188 1
171 157 1
172 186 1
173 216 1
174 217 7
175 227 24
176 188 1
177 220 1
178 181 1
179 220 1
180 211 47
181 191 2
182 217 7
183 194 1
184 194 1
185 220 1
186 217 1
187 220 28
188 216 1
189 242 4
190 197 1
191 239 1
192 217 3
193 220 23
194 233 1
195 200 7
196 192 21
197 202 10
198 195 20
199 196 9
200 253 1
201 214 8
202 220 1
203 239 11
204 212 1
205 220 3
206 204 1
207 235 34
208 192 1
209 242 1
210 238 1
211 181 3
212 261 54
213 235 2
214 204 1
215 216 11
216 238 1
217 266 14
218 271 19
219 271 1
220 194 1
221 267 60
222 281 1
223 181 1
224 181 1
225 255 2
226 220 1
227 227 1
228 281 26
229 281 1
230 281 1
231 194 1
232 194 1
233 271 1
234 251 2
235 239 3
236 281 37
237 243 1
238 283 1
239 285 3
240 257 16
241 283 1
242 274 1
243 261 6
244 291 2
245 210 1
246 224 1
247 214 2
248 284 1
249 261 3
250 284 1
251 271 1
252 291 3
253 281 1
254 248 2
255 210 1
256 260 3
257 291 1
258 261 18
259 304 1
260 267 1
261 287 4
262 291 98
263 283 1
264 257 1
265 270 1
266 246 1
267 261 15
268 281 62
269 304 1
270 291 1
271 234 2
272 310 23
273 325 1
274 298 1
275 300 6
276 285 1
277 286 1
278 274 1
279 311 1
280 304 6
281 321 1
282 312 131
283 274 2
284 303 4
285 312 3
286 329 5
287 326 16
288 279 5
289 286 13
290 274 1
291 304 1
292 329 112
293 288 1
294 310 1
295 329 1
296 288 1
297 281 1
298 291 1
299 288 3
300 319 3
301 288 7
302 305 1
303 286 1
304 326 5
305 357 10
306 343 2
307 347 1
308 329 1
309 291 1
310 261 1
311 328 27
312 355 2
313 0 135
314 328 1
315 298 1
316 354 1
317 329 1
318 299 2
319 329 1
320 291 4
321 336 1
322 355 2
323 310 1
324 341 1
325 326 1
326 355 2
327 334 23
328 282 1
329 343 31
330 0 266
331 317 1
332 355 1
333 354 1
334 328 1
335 329 37
336 329 1
337 0 2
338 358 1
339 310 1
340 342 28
341 346 1
342 342 5
343 354 34
344 374 35
345 347 1
346 377 1
347 383 7
348 355 4
349 346 1
350 364 1
351 347 1
352 355 1
353 378 1
354 329 106
355 374 41
356 379 15
357 343 1
358 0 12
359 364 2
360 0 1
361 355 1
362 339 27
363 354 3
364 374 1
365 383 4
366 0 1
367 383 1
368 377 1
369 357 1
370 377 47
371 372 1
372 355 1
373 346 2
374 328 1
375 0 145
376 346 1
377 379 2
378 353 52
379 341 2
380 361 26
381 374 9
382 334 4
383 362 1
384 369 34
385 0 93
386 334 8
387 334 1
388 341 1
389 384 1
390 353 53
391 397 2
392 374 1
393 369 12
394 379 2
395 362 1
396 403 1
397 431 1
398 384 3
399 381 2
400 354 1
401 346 1
402 429 1
403 393 1
404 383 11
405 0 44
406 439 1
407 389 1
408 377 1
409 374 16
410 381 1
411 389 50
412 384 35
413 377 1
414 379 3
415 374 40
416 380 8
417 383 1
418 392 1
419 403 7
420 413 2
421 379 1
422 374 1
423 383 5
424 376 1
425 439 19
426 403 2
427 435 1
428 431 1
429 418 1
430 383 2
431 392 1
432 446 25
433 425 1
434 390 1
435 392 1
436 379 2
437 431 21
438 415 4
439 384 53
440 404 43
441 385 7
442 383 1
443 439 3
444 466 1
445 383 1
446 415 3
447 411 31
448 389 1
449 439 2
450 398 1
451 431 1
452 480 4
453 392 8
454 410 49
455 439 2
456 442 1
457 466 1
458 454 1
459 448 1
460 422 4
461 418 1
462 408 15
463 438 1
464 438 50
465 419 1
466 439 1
467 440 6
468 411 3
469 414 38
470 466 1
471 424 18
472 414 1
473 418 4
474 439 1
475 442 1
476 438 1
477 451 3
478 439 13
479 493 1
480 466 1
481 436 20
482 453 18
483 466 1
484 452 7
485 437 3
486 496 12
487 459 1
488 476 1
489 468 4
490 476 1
491 446 5
492 485 11
493 484 2
494 445 2
495 459 1
496 509 1
497 453 30
498 461 11
499 470 17
500 483 5
501 472 3
502 461 1
503 463 29
504 483 1
505 459 1
506 461 2
507 477 10
508 498 12
509 480 14
510 508 2
511 463 20
512 480 1
513 491 1
514 508 1
515 467 1
516 468 33
517 477 2
518 467 1
519 490 2
520 490 1
521 508 6
522 498 4
523 481 17
524 500 1
525 508 1
526 536 1
527 491 7
528 508 1
529 555 2
530 488 3
531 490 1
532 492 1
533 491 2
534 506 1
535 500 1
536 506 8
537 522 3
538 507 1
539 497 10
540 507 9
541 496 16
542 522 1
543 515 26
544 496 1
545 499 4
546 502 1
547 505 1
548 535 4
549 507 1
550 502 27
551 568 2
552 521 3
553 515 1
554 508 2
555 510 19
556 549 26
557 522 12
558 526 6
559 515 1
560 518 1
561 515 4
562 516 1
563 535 3
564 528 1
565 555 10
566 529 1
567 539 4
568 542 1
569 520 5
570 557 1
571 532 1
572 554 1
573 544 1
574 542 15
575 544 1
576 557 1
577 557 1
578 568 1
579 540 4
580 602 1
581 529 1
582 536 1
583 568 1
584 547 1
585 555 3
586 557 1
587 547 1
588 547 1
589 602 2
590 538 1
591 542 9
592 540 11
593 538 8
594 556 10
595 553 1
596 607 7
597 562 2
598 544 1
599 539 4
600 551 2
601 556 1
602 560 1
603 564 9
604 560 1
605 555 10
606 593 1
607 550 1
608 554 17
609 560 1
610 588 1
611 590 5
612 573 10
613 557 1
614 573 2
615 611 3
616 566 3
617 584 2
618 578 2
619 592 1
620 592 6
621 573 2
622 578 1
623 602 3
624 593 8
625 613 1
626 596 1
627 623 2
628 622 1
629 590 1
630 622 1
631 633 1
632 604 9
633 595 1
634 602 2
635 595 1
636 607 5
637 607 3
638 590 2
639 654 1
640 595 1
641 637 1
642 623 1
643 595 3
644 607 1
645 591 10
646 623 1
647 598 3
648 616 1
649 599 1
650 631 1
651 614 1
652 610 4
653 626 1
654 631 1
655 631 3
656 620 1
657 623 3
658 619 5
659 615 2
660 636 1
661 611 6
662 646 2
663 617 1
664 614 1
665 651 1
666 635 1
667 635 3
668 644 2
669 631 3
670 644 1
671 644 4
672 644 1
673 636 1
674 657 1
675 660 1
676 644 1
677 657 2
678 660 3
679 651 2
680 657 1
681 642 2
682 670 1
683 658 1
684 656 1
685 654 1
686 668 1
687 656 1
688 676 1
689 680 1
690 666 2
691 667 1
692 668 1
693 670 2
694 660 1
695 678 1
696 689 1
697 661 1
698 692 1
699 677 1
700 677 1
