500
1 0 0
2 32 1
3 95 1
4 100 1
5 100 1
6 100 1
7 52 1
8 97 1
9 89 1
10 95 1
11 103 1
12 103 1
13 95 1
14 100 1
15 100 1
16 103 1
17 87 1
18 95 1
19 100 1
20 52 1
21 107 1
22 100 1
23 100 1
24 107 1
25 100 1
26 88 1
27 100 1
28 45 1
29 95 1
30 45 1
31 64 1
32 107 1
33 121 3
34 106 1
35 103 2
36 107 1
37 100 1
38 97 1
39 32 1
40 100 1
41 96 1
42 52 1
43 100 1
44 100 1
45 103 1
46 103 5
47 78 1
48 34 1
49 96 1
50 137 1
51 45 1
52 103 1
53 103 4
54 72 1
55 103 1
56 100 1
57 72 1
58 103 1
59 97 1
60 107 1
61 100 2
62 87 1
63 102 1
64 141 1
65 110 2
66 107 1
67 72 1
68 134 1
69 103 1
70 45 1
71 107 1
72 100 1
73 121 4
74 142 1
75 100 1
76 107 1
77 95 1
78 143 2
79 107 2
80 121 1
81 103 1
82 60 1
83 100 1
84 100 1
85 131 1
86 107 1
87 100 1
88 156 3
89 156 2
90 141 2
91 77 1
92 112 1
93 134 1
94 100 1
95 103 1
96 158 7
97 158 3
98 162 4
99 134 1
100 131 1
101 162 24
102 137 1
103 134 2
104 173 27
105 131 1
106 121 1
107 162 2
108 158 17
109 156 1
110 168 1
111 162 3
112 156 1
113 158 2
114 158 1
115 103 1
116 158 1
117 134 1
118 121 1
119 158 1
120 134 1
121 107 1
122 162 11
123 134 1
124 134 1
125 103 1
126 158 1
127 173 1
128 173 1
129 134 1
130 107 2
131 173 1
132 158 6
133 156 1
134 107 1
135 158 15
136 158 1
137 158 1
138 158 3
139 103 1
140 134 1
141 107 1
142 196 5
143 165 2
144 182 4
145 158 1
146 195 1
147 158 1
148 158 1
149 173 1
150 143 1
151 103 1
152 221 1
153 158 1
154 141 1
155 164 1
156 173 1
157 196 13
158 173 1
159 0 77
160 227 1
161 131 1
162 158 5
163 0 46
164 134 1
165 158 2
166 195 3
167 0 1
168 182 1
169 182 4
170 103 1
171 161 1
172 0 1
173 0 3
174 0 37
175 0 1
176 134 1
177 131 1
178 0 1
179 0 1
180 195 1
181 129 1
182 158 1
183 0 16
184 182 1
185 158 1
186 162 1
187 173 1
188 228 4
189 161 1
190 156 1
191 196 1
192 182 2
193 0 1
194 0 3
195 210 2
196 0 6
197 0 23
198 228 2
199 156 1
200 0 4
201 197 1
202 0 2
203 134 1
204 0 3
205 173 1
206 193 1
207 196 2
208 210 1
209 158 1
210 158 1
211 0 15
212 0 2
213 211 1
214 182 1
215 158 1
216 0 1
217 161 1
218 210 1
219 0 1
220 156 1
221 158 1
222 210 4
223 172 1
224 191 1
225 210 1
226 0 1
227 228 1
228 285 8
229 0 35
230 161 1
231 227 2
232 227 1
233 201 1
234 206 1
235 203 2
236 228 4
237 199 1
238 172 1
239 182 2
240 0 1
241 168 1
242 173 1
243 228 1
244 210 1
245 228 1
246 156 1
247 193 1
248 0 1
249 0 1
250 0 2
251 254 1
252 0 24
253 251 1
254 168 1
255 0 26
256 0 1
257 0 1
258 199 1
259 254 3
260 0 1
261 0 1
262 251 2
263 199 1
264 221 1
265 221 1
266 187 1
267 254 3
268 0 9
269 0 19
270 285 7
271 210 1
272 210 1
273 228 1
274 0 4
275 187 1
276 0 1
277 0 1
278 0 1
279 228 2
280 210 1
281 0 1
282 227 1
283 227 1
284 196 1
285 227 1
286 0 42
287 278 1
288 285 4
289 187 1
290 210 1
291 268 2
292 228 1
293 194 1
294 230 1
295 254 3
296 0 9
297 0 1
298 0 3
299 228 1
300 254 4
301 0 1
302 254 3
303 268 12
304 228 7
305 290 1
306 261 1
307 0 10
308 228 1
309 235 1
310 234 1
311 0 1
312 258 1
313 0 31
314 251 8
315 269 1
316 235 1
317 228 3
318 228 3
319 228 1
320 258 1
321 334 1
322 334 1
323 228 1
324 0 10
325 334 1
326 235 1
327 269 1
328 251 2
329 303 1
330 0 2
331 0 2
332 254 3
333 238 1
334 313 2
335 285 15
336 254 2
337 302 1
338 254 1
339 334 1
340 254 2
341 0 9
342 0 2
343 266 1
344 251 6
345 269 3
346 353 1
347 341 1
348 312 11
349 249 1
350 251 4
351 269 1
352 287 1
353 268 2
354 267 8
355 294 2
356 340 3
357 273 2
358 285 2
359 266 1
360 268 2
361 273 1
362 302 7
363 303 1
364 347 2
365 313 1
366 303 1
367 285 1
368 287 1
369 285 4
370 323 6
371 295 6
372 312 1
373 299 1
374 287 1
375 297 1
376 334 1
377 295 1
378 297 1
379 303 3
380 334 3
381 295 1
382 299 1
383 334 1
384 312 1
385 312 6
386 313 4
387 347 2
388 306 3
389 299 1
390 323 2
391 316 1
392 301 1
393 306 6
394 302 3
395 369 1
396 347 3
397 312 1
398 312 1
399 301 1
400 312 7
401 316 1
402 323 1
403 379 1
404 312 1
405 340 3
406 317 1
407 312 1
408 333 1
409 344 1
410 334 1
411 344 1
412 347 1
413 317 1
414 329 1
415 340 1
416 361 2
417 369 1
418 334 2
419 334 1
420 347 1
421 327 1
422 343 3
423 331 1
424 343 1
425 349 1
426 334 1
427 331 1
428 343 1
429 335 1
430 330 1
431 361 1
432 340 1
433 353 4
434 339 1
435 349 1
436 349 1
437 363 1
438 399 1
439 369 1
440 352 1
441 369 1
442 347 1
443 361 1
444 356 1
445 353 1
446 361 1
447 355 1
448 353 1
449 368 1
450 368 1
451 399 1
452 355 1
453 384 1
454 387 1
455 354 1
456 357 1
457 379 1
458 432 1
459 359 1
460 386 1
461 463 1
462 370 1
463 361 1
464 370 2
465 368 1
466 384 1
467 399 1
468 369 1
469 399 1
470 392 1
471 370 1
472 370 1
473 404 2
474 399 1
475 378 2
476 432 1
477 472 1
478 395 1
479 392 1
480 392 1
481 392 1
482 393 1
483 393 1
484 432 1
485 384 1
486 385 1
487 415 1
488 395 1
489 385 1
490 384 1
491 399 1
492 421 1
493 417 1
494 392 1
495 387 1
496 385 1
497 474 1
498 384 1
499 421 1
500 389 1
