500
1 0 0
2 37 1
3 14 1
4 24 1
5 14 1
6 34 1
7 30 1
8 18 1
9 34 1
10 35 1
11 17 1
12 24 1
13 34 1
14 34 1
15 25 3
16 28 1
17 26 1
18 56 2
19 56 2
20 33 1
21 39 1
22 57 1
23 56 1
24 70 1
25 59 3
26 67 4
27 69 2
28 60 1
29 56 2
30 70 1
31 74 2
32 32 1
33 77 2
34 74 2
35 69 5
36 49 2
37 62 1
38 80 2
39 70 1
40 60 2
41 47 1
42 69 2
43 75 1
44 75 1
45 72 1
46 75 1
47 59 1
48 72 2
49 49 1
50 74 4
51 59 1
52 60 1
53 69 1
54 80 1
55 57 1
56 41 1
57 90 8
58 99 3
59 74 1
60 99 6
61 88 7
62 62 1
63 74 3
64 60 1
65 60 1
66 92 1
67 81 1
68 95 5
69 99 1
70 81 11
71 90 4
72 98 1
73 99 5
74 90 1
75 109 13
76 101 4
77 72 1
78 101 3
79 101 1
80 82 1
81 107 4
82 115 14
83 117 2
84 90 1
85 111 1
86 92 1
87 81 1
88 93 1
89 109 8
90 95 1
91 124 15
92 101 1
93 95 3
94 108 2
95 108 1
96 132 10
97 107 1
98 108 1
99 103 2
100 133 16
101 133 1
102 140 10
103 140 1
104 115 4
105 140 1
106 108 1
107 133 1
108 140 6
109 145 8
110 148 22
111 103 1
112 108 2
113 127 1
114 158 1
115 158 1
116 139 21
117 158 1
118 148 3
119 159 1
120 132 1
121 140 1
122 115 1
123 124 1
124 126 1
125 151 17
126 134 2
127 138 2
128 164 2
129 140 1
130 125 1
131 115 1
132 154 1
133 158 12
134 160 19
135 151 3
136 177 1
137 140 1
138 151 1
139 144 3
140 161 24
141 184 22
142 181 1
143 150 1
144 158 1
145 181 4
146 158 9
147 159 1
148 164 1
149 151 26
150 183 9
151 161 4
152 189 48
153 177 1
154 188 1
155 188 3
156 164 1
157 150 1
158 190 1
159 184 26
160 188 5
161 184 20
162 181 29
163 164 1
164 189 1
165 149 7
166 139 2
167 150 1
168 195 1
169 165 1
170 183 1
171 149 1
172 199 1
173 154 1
174 188 1
175 159 1
176 164 1
177 184 1
178 215 4
179 189 1
180 208 2
181 177 1
182 189 35
183 159 1
184 199 11
185 201 70
186 215 1
187 194 1
188 179 1
189 220 13
190 217 86
191 188 2
192 215 1
193 217 1
194 217 1
195 217 2
196 210 2
197 216 1
198 241 1
199 233 1
200 224 14
201 201 1
202 241 72
203 227 2
204 215 1
205 236 1
206 233 1
207 241 1
208 208 1
209 248 5
210 208 1
211 222 3
212 202 1
213 241 4
214 216 1
215 248 1
216 230 8
217 217 3
218 0 94
219 0 1
220 236 2
221 267 14
222 222 1
223 267 5
224 199 1
225 241 20
226 224 3
227 253 1
228 0 3
229 229 1
230 230 2
231 240 24
232 219 1
233 230 1
234 254 3
235 0 1
236 254 1
237 262 30
238 254 1
239 260 3
240 225 1
241 236 25
242 0 134
243 253 1
244 212 2
245 212 1
246 0 30
247 225 1
248 0 1
249 251 7
250 253 1
251 224 1
252 271 28
253 253 1
254 254 6
255 283 16
256 256 1
257 254 3
258 0 1
259 224 1
260 262 1
261 230 12
262 0 1
263 241 35
264 243 1
265 236 1
266 0 1
267 238 1
268 251 20
269 284 1
270 283 1
271 253 1
272 245 29
273 290 1
274 254 1
275 256 1
276 0 1
277 0 1
278 262 1
279 0 17
280 0 82
281 238 1
282 0 1
283 0 45
284 306 32
285 282 2
286 0 84
287 0 1
288 326 1
289 260 2
290 288 1
291 260 5
292 282 1
293 326 1
294 279 81
295 310 1
296 302 1
297 290 1
298 302 1
299 262 2
300 290 1
301 314 1
302 260 1
303 319 3
304 339 2
305 314 1
306 282 6
307 319 33
308 315 1
309 290 1
310 319 2
311 283 2
312 293 1
313 328 1
314 293 1
315 283 5
316 293 39
317 283 1
318 343 1
319 282 4
320 285 83
321 303 1
322 315 1
323 319 44
324 283 1
325 278 16
326 293 7
327 328 3
328 309 1
329 283 5
330 282 31
331 336 1
332 298 1
333 305 4
334 325 1
335 343 1
336 293 32
337 338 25
338 346 3
339 322 42
340 343 3
341 305 1
342 314 1
343 314 1
344 361 7
345 318 1
346 318 1
347 315 36
348 343 1
349 336 1
350 378 1
351 337 1
352 324 1
353 318 1
354 336 10
355 338 4
356 336 1
357 337 1
358 324 14
359 322 1
360 332 3
361 325 5
362 346 32
363 335 1
364 353 1
365 336 1
366 338 10
367 329 30
368 336 7
369 366 1
370 335 13
371 338 2
372 366 1
373 336 3
374 335 3
375 335 14
376 353 1
377 378 1
378 354 1
379 366 16
380 353 2
381 361 2
382 365 1
383 373 1
384 361 1
385 374 1
386 370 1
387 354 2
388 359 1
389 410 1
390 373 1
391 359 1
392 367 1
393 361 19
394 361 1
395 365 8
396 410 1
397 360 1
398 353 5
399 369 9
400 357 13
401 410 1
402 361 1
403 360 3
404 423 1
405 386 1
406 367 4
407 367 1
408 374 12
409 366 11
410 399 3
411 433 4
412 372 2
413 379 1
414 369 3
415 430 1
416 378 13
417 408 4
418 380 1
419 399 3
420 394 2
421 394 1
422 392 18
423 399 1
424 421 2
425 398 1
426 407 1
427 399 5
428 431 1
429 394 2
430 394 2
431 421 3
432 398 7
433 397 1
434 421 12
435 397 3
436 433 1
437 402 2
438 408 3
439 405 1
440 408 3
441 409 1
442 411 1
443 407 4
444 405 2
445 413 2
446 409 1
447 457 2
448 457 1
449 407 1
450 407 5
451 431 2
452 418 1
453 415 1
454 431 1
455 433 2
456 418 1
457 426 1
458 415 11
459 431 2
460 433 1
461 426 1
462 416 1
463 457 1
464 416 2
465 419 1
466 426 1
467 442 1
468 426 1
469 433 2
470 436 1
471 457 1
472 430 1
473 449 2
474 437 1
475 439 1
476 428 1
477 454 1
478 433 1
479 457 1
480 463 1
481 429 1
482 457 1
483 457 1
484 434 1
485 446 1
486 434 1
487 444 1
488 442 1
489 439 1
490 458 1
491 437 1
492 472 1
493 450 1
494 457 1
495 442 1
496 468 1
497 449 1
498 449 1
499 443 1
500 457 1
