300
1 0 0
2 40 1
3 21 1
4 33 1
5 20 1
6 21 2
7 20 1
8 5 1
9 21 1
10 33 1
11 12 2
12 21 1
13 31 5
14 22 1
15 40 1
16 33 1
17 10 1
18 31 1
19 21 1
20 31 1
21 48 3
22 48 7
23 12 2
24 50 1
25 40 1
26 45 1
27 49 1
28 38 1
29 50 1
30 51 1
31 38 1
32 54 8
33 50 2
34 48 4
35 48 2
36 48 1
37 38 1
38 52 1
39 54 4
40 34 1
41 62 5
42 32 1
43 62 1
44 50 1
45 56 1
46 55 2
47 52 1
48 40 1
49 55 18
50 62 2
51 55 7
52 60 2
53 65 3
54 66 1
55 70 13
56 64 28
57 60 2
58 74 1
59 64 1
60 50 1
61 63 5
62 65 1
63 68 9
64 71 6
65 91 31
66 92 5
67 91 2
68 91 1
69 96 10
70 92 1
71 94 14
72 91 7
73 92 1
74 90 3
75 82 2
76 92 1
77 90 1
78 90 1
79 96 1
80 64 1
81 73 1
82 73 1
83 106 4
84 96 1
85 82 1
86 117 1
87 106 1
88 110 1
89 107 1
90 116 1
91 100 6
92 115 42
93 114 9
94 114 1
95 120 15
96 115 1
97 115 13
98 117 2
99 105 1
100 97 1
101 115 7
102 116 2
103 115 1
104 114 1
105 110 1
106 120 2
107 120 6
108 128 6
109 101 1
110 114 1
111 107 4
112 124 1
113 120 2
114 128 1
115 122 14
116 0 102
117 128 5
118 125 12
119 117 1
120 117 1
121 0 76
122 128 2
123 125 15
124 120 1
125 120 14
126 120 34
127 124 1
128 112 1
129 133 34
130 125 1
131 125 1
132 0 8
133 133 1
134 115 37
135 117 1
136 128 1
137 117 5
138 128 1
139 114 1
140 125 2
141 133 1
142 0 1
143 110 1
144 116 1
145 139 1
146 131 3
147 124 8
148 128 1
149 121 1
150 0 1
151 120 1
152 0 4
153 124 1
154 125 1
155 131 4
156 0 36
157 146 7
158 136 4
159 161 13
160 151 1
161 128 16
162 160 14
163 124 1
164 168 1
165 124 1
166 0 66
167 0 5
168 157 1
169 145 2
170 125 1
171 165 16
172 156 1
173 165 1
174 156 2
175 160 1
176 154 3
177 170 13
178 181 2
179 155 1
180 156 1
181 184 1
182 176 12
183 185 2
184 151 2
185 165 7
186 166 3
187 157 1
188 156 1
189 156 1
190 155 27
191 173 1
192 170 2
193 155 6
194 155 1
195 166 1
196 158 12
197 181 1
198 157 1
199 165 41
200 184 1
201 175 2
202 182 1
203 177 1
204 184 4
205 189 10
206 215 15
207 215 1
208 181 8
209 207 4
210 191 1
211 195 1
212 223 2
213 183 1
214 205 1
215 207 1
216 198 35
217 215 6
218 195 1
219 205 1
220 189 16
221 195 1
222 207 1
223 195 1
224 204 7
225 205 1
226 200 1
227 208 1
228 195 7
229 215 8
230 192 5
231 204 1
232 227 1
233 207 1
234 205 11
235 198 1
236 223 1
237 204 1
238 227 5
239 198 4
240 215 1
241 203 1
242 215 1
243 203 1
244 215 1
245 215 1
246 203 1
247 223 1
248 253 3
249 208 1
250 251 1
251 208 1
252 233 6
253 211 1
254 219 14
255 216 5
256 219 1
257 259 1
258 233 1
259 223 2
260 254 3
261 233 1
262 228 3
263 253 3
264 233 1
265 262 1
266 238 3
267 229 1
268 247 1
269 229 3
270 270 1
271 228 3
272 228 1
273 251 3
274 233 1
275 251 1
276 237 4
277 268 1
278 258 1
279 253 1
280 261 1
281 253 1
282 253 1
283 272 1
284 259 1
285 247 1
286 253 1
287 275 1
288 254 1
289 253 2
290 253 1
291 275 1
292 261 1
293 275 1
294 265 2
295 270 1
296 262 1
297 272 1
298 288 1
299 268 1
300 293 1
