2000
1 0 0
2 46 1
3 29 1
4 45 1
5 39 1
6 55 1
7 72 1
8 54 1
9 29 3
10 58 1
11 88 1
12 45 1
13 46 1
14 34 1
15 36 1
16 74 1
17 18 5
18 91 1
19 73 6
20 29 1
21 61 1
22 36 1
23 76 1
24 96 1
25 62 1
26 36 1
27 16 3
28 65 1
29 58 1
30 77 6
31 121 1
32 121 1
33 94 1
34 106 1
35 122 2
36 62 1
37 128 4
38 125 1
39 121 1
40 128 2
41 110 1
42 16 1
43 26 1
44 112 1
45 97 1
46 114 3
47 130 3
48 26 1
49 75 1
50 94 1
51 78 1
52 74 1
53 100 3
54 138 1
55 77 2
56 62 2
57 124 1
58 96 1
59 117 3
60 121 1
61 135 1
62 121 2
63 131 5
64 124 1
65 110 1
66 94 2
67 121 1
68 128 1
69 8 2
70 52 1
71 68 1
72 94 1
73 124 2
74 156 7
75 146 3
76 173 2
77 106 2
78 156 9
79 161 2
80 112 1
81 130 1
82 97 1
83 151 1
84 121 1
85 138 2
86 135 1
87 106 1
88 168 1
89 117 2
90 147 1
91 130 1
92 131 2
93 168 1
94 179 1
95 165 6
96 159 1
97 177 3
98 144 3
99 147 1
100 147 1
101 174 4
102 177 1
103 177 1
104 52 1
105 192 1
106 185 1
107 169 5
108 84 1
109 136 3
110 131 1
111 169 3
112 179 1
113 168 3
114 146 1
115 207 5
116 131 1
117 114 1
118 144 8
119 185 1
120 128 1
121 177 1
122 206 9
123 217 3
124 197 1
125 169 5
126 108 2
127 197 1
128 175 1
129 212 9
130 190 1
131 213 6
132 212 11
133 190 1
134 184 1
135 152 1
136 183 3
137 192 4
138 131 1
139 164 4
140 190 1
141 212 1
142 203 1
143 207 1
144 117 1
145 174 12
146 197 1
147 197 5
148 229 4
149 149 1
150 217 2
151 232 1
152 238 2
153 222 2
154 229 1
155 190 1
156 244 1
157 220 27
158 117 1
159 212 3
160 156 3
161 217 1
162 238 3
163 212 1
164 229 1
165 207 5
166 156 7
167 220 1
168 158 1
169 263 6
170 248 14
171 190 1
172 158 1
173 232 1
174 252 3
175 238 17
176 255 2
177 252 1
178 276 7
179 189 1
180 213 3
181 212 1
182 232 1
183 213 1
184 282 4
185 261 2
186 256 3
187 253 1
188 263 1
189 159 1
190 195 3
191 285 6
192 230 1
193 230 6
194 268 1
195 213 1
196 208 4
197 264 1
198 281 9
199 212 1
200 230 1
201 217 1
202 189 1
203 265 1
204 278 2
205 274 1
206 232 1
207 265 11
208 302 12
209 238 5
210 230 1
211 274 1
212 285 1
213 303 28
214 305 12
215 265 1
216 248 1
217 303 1
218 293 8
219 239 1
220 272 1
221 281 29
222 299 2
223 288 3
224 282 1
225 272 2
226 206 1
227 227 1
228 248 3
229 305 1
230 281 7
231 317 10
232 293 1
233 305 5
234 292 1
235 227 1
236 248 1
237 248 1
238 326 1
239 333 30
240 255 2
241 317 1
242 289 1
243 305 1
244 285 1
245 292 2
246 221 1
247 259 1
248 254 1
249 332 21
250 323 1
251 224 1
252 282 2
253 340 5
254 335 2
255 332 2
256 301 5
257 340 4
258 251 1
259 323 1
260 238 2
261 281 1
262 340 3
263 334 1
264 341 8
265 333 3
266 328 14
267 303 1
268 341 1
269 364 2
270 364 9
271 292 1
272 292 1
273 342 4
274 342 1
275 365 3
276 357 1
277 342 9
278 335 1
279 347 3
280 365 1
281 326 1
282 350 48
283 269 8
284 328 1
285 306 1
286 362 9
287 342 1
288 305 1
289 346 4
290 364 2
291 276 1
292 333 1
293 362 6
294 357 11
295 264 1
296 307 1
297 381 1
298 305 2
299 362 1
300 364 3
301 362 1
302 369 6
303 368 13
304 357 31
305 321 1
306 380 25
307 326 2
308 331 3
309 293 1
310 335 1
311 332 1
312 350 1
313 357 1
314 307 1
315 362 1
316 357 1
317 378 1
318 397 12
319 281 1
320 368 1
321 357 1
322 342 2
323 391 1
324 395 3
325 305 1
326 381 1
327 344 5
328 305 1
329 340 16
330 382 1
331 371 1
332 407 4
333 428 25
334 362 41
335 381 3
336 401 5
337 357 1
338 378 1
339 404 1
340 407 1
341 432 29
342 418 10
343 414 22
344 436 1
345 333 6
346 383 1
347 420 5
348 428 4
349 334 1
350 418 1
351 434 50
352 364 1
353 418 1
354 412 20
355 432 1
356 342 1
357 401 1
358 436 48
359 397 1
360 393 1
361 407 1
362 297 1
363 439 60
364 405 1
365 353 18
366 414 5
367 414 1
368 391 1
369 432 15
370 383 7
371 397 1
372 455 2
373 353 1
374 374 1
375 466 3
376 397 1
377 403 1
378 469 2
379 436 3
380 383 1
381 414 26
382 441 6
383 428 2
384 478 12
385 464 1
386 436 1
387 397 1
388 455 1
389 432 1
390 377 1
391 436 1
392 342 3
393 444 1
394 477 2
395 433 6
396 443 5
397 428 1
398 469 17
399 413 1
400 383 1
401 470 1
402 436 7
403 434 1
404 473 2
405 478 2
406 394 3
407 405 1
408 470 7
409 383 1
410 494 1
411 462 1
412 462 1
413 465 21
414 394 2
415 466 57
416 414 2
417 418 1
418 436 1
419 498 15
420 466 1
421 448 6
422 491 1
423 444 1
424 469 1
425 492 1
426 469 1
427 443 3
428 466 1
429 506 34
430 466 1
431 496 1
432 395 1
433 493 47
434 478 7
435 478 52
436 480 1
437 518 63
438 415 1
439 418 1
440 492 65
441 488 1
442 493 7
443 456 1
444 490 9
445 502 3
446 479 1
447 426 1
448 473 1
449 518 7
450 496 1
451 426 1
452 374 1
453 456 1
454 492 1
455 428 1
456 519 4
457 540 3
458 540 1
459 463 3
460 519 1
461 499 1
462 496 1
463 501 3
464 472 5
465 492 2
466 478 22
467 528 65
468 528 1
469 492 1
470 519 22
471 534 9
472 517 1
473 528 6
474 536 4
475 518 1
476 463 1
477 492 1
478 496 3
479 546 113
480 458 2
481 484 2
482 518 1
483 523 1
484 539 1
485 439 3
486 500 1
487 519 1
488 493 1
489 518 2
490 466 1
491 534 10
492 507 2
493 536 72
494 550 56
495 532 2
496 546 1
497 576 7
498 534 1
499 478 16
500 565 2
501 568 3
502 551 4
503 559 4
504 534 4
505 500 1
506 576 1
507 576 35
508 551 3
509 546 1
510 519 1
511 523 1
512 439 1
513 565 1
514 539 1
515 551 1
516 524 4
517 515 3
518 546 3
519 594 75
520 553 30
521 546 1
522 576 2
523 559 1
524 528 3
525 528 6
526 534 1
527 544 1
528 576 1
529 540 82
530 568 1
531 478 1
532 524 1
533 503 3
534 521 1
535 557 28
536 576 1
537 595 77
538 540 1
539 576 1
540 565 3
541 566 88
542 568 1
543 595 1
544 574 1
545 608 2
546 551 1
547 624 120
548 516 1
549 570 1
550 595 1
551 594 57
552 645 12
553 551 1
554 579 31
555 594 1
556 614 1
557 610 1
558 608 29
559 516 1
560 628 6
561 580 2
562 637 1
563 614 1
564 645 1
565 608 1
566 641 7
567 641 89
568 570 1
569 622 6
570 517 1
571 616 7
572 594 1
573 607 15
574 560 1
575 594 2
576 534 2
577 653 49
578 572 1
579 619 1
580 640 32
581 572 3
582 551 1
583 570 1
584 570 1
585 593 2
586 624 1
587 624 1
588 599 1
589 572 10
590 575 1
591 595 1
592 624 1
593 635 1
594 673 3
595 671 137
596 670 81
597 641 1
598 624 1
599 665 2
600 645 2
601 649 1
602 624 1
603 570 1
604 663 1
605 608 1
606 598 1
607 617 1
608 649 16
609 635 42
610 584 1
611 676 2
612 608 1
613 616 1
614 570 1
615 623 3
616 635 1
617 588 9
618 663 2
619 676 1
620 654 2
621 671 1
622 640 1
623 630 7
624 654 5
625 699 127
626 676 1
627 638 1
628 673 1
629 706 7
630 645 1
631 710 8
632 693 1
633 635 1
634 640 1
635 623 1
636 652 46
637 624 1
638 707 2
639 680 2
640 608 5
641 716 35
642 694 117
643 690 1
644 727 1
645 725 1
646 671 18
647 645 1
648 722 1
649 608 1
650 641 18
651 676 4
652 671 1
653 679 48
654 707 50
655 722 8
656 608 1
657 691 2
658 718 1
659 710 1
660 718 1
661 650 3
662 641 1
663 712 1
664 671 4
665 656 1
666 716 3
667 639 4
668 716 1
669 694 1
670 676 1
671 740 82
672 749 162
673 660 2
674 723 5
675 710 1
676 733 1
677 697 10
678 706 1
679 652 1
680 740 49
681 666 3
682 723 1
683 740 1
684 710 1
685 672 1
686 697 1
687 745 1
688 723 1
689 712 1
690 728 1
691 769 2
692 763 3
693 716 1
694 699 2
695 754 120
696 767 1
697 728 1
698 708 20
699 697 1
700 779 131
701 745 1
702 779 1
703 726 1
704 705 2
705 699 1
706 727 3
707 790 9
708 733 53
709 726 21
710 752 1
711 790 16
712 694 1
713 710 4
714 723 2
715 749 1
716 795 12
717 801 42
718 781 1
719 788 151
720 767 1
721 795 19
722 740 1
723 720 18
724 715 11
725 729 1
726 752 2
727 754 23
728 697 6
729 718 3
730 764 10
731 697 1
732 780 1
733 778 1
734 791 55
735 772 1
736 727 1
737 712 1
738 798 1
739 703 1
740 786 1
741 800 135
742 788 1
743 767 1
744 752 1
745 800 1
746 722 8
747 772 1
748 761 1
749 740 1
750 810 164
751 791 1
752 713 1
753 787 5
754 723 1
755 718 145
756 754 1
757 745 5
758 729 1
759 800 1
760 800 1
761 761 1
762 793 3
763 812 1
764 805 4
765 819 11
766 716 1
767 800 1
768 785 4
769 820 1
770 839 3
771 792 1
772 841 1
773 756 4
774 729 7
775 785 1
776 831 1
777 824 1
778 787 1
779 773 3
780 840 133
781 806 2
782 810 2
783 838 1
784 808 1
785 772 1
786 812 7
787 805 2
788 862 7
789 831 157
790 805 1
791 800 26
792 813 57
793 793 2
794 837 7
795 785 1
796 816 55
797 862 1
798 838 1
799 866 2
800 848 1
801 839 166
802 844 43
803 809 1
804 838 1
805 793 1
806 871 8
807 862 3
808 844 1
809 788 2
810 824 2
811 884 338
812 884 1
813 899 11
814 876 58
815 812 2
816 842 1
817 837 57
818 876 1
819 819 1
820 795 23
821 773 3
822 788 2
823 778 1
824 819 8
825 823 5
826 913 1
827 838 1
828 838 1
829 840 3
830 814 1
831 920 2
832 879 159
833 828 1
834 910 1
835 892 1
836 821 1
837 920 1
838 847 68
839 862 7
840 810 170
841 869 137
842 909 2
843 929 3
844 820 1
845 884 47
846 844 2
847 890 1
848 923 73
849 879 2
850 871 1
851 862 2
852 838 1
853 830 1
854 824 1
855 823 2
856 913 1
857 878 1
858 819 1
859 901 4
860 819 1
861 872 1
862 871 10
863 887 25
864 914 1
865 890 1
866 923 1
867 886 3
868 871 1
869 932 1
870 889 143
871 899 1
872 910 31
873 847 4
874 810 1
875 880 1
876 845 1
877 938 60
878 828 1
879 924 2
880 962 162
881 916 2
882 854 1
883 923 3
884 861 1
885 938 389
886 938 1
887 938 4
888 931 26
889 871 1
890 938 144
891 914 3
892 943 1
893 950 2
894 816 1
895 882 2
896 967 1
897 954 1
898 931 2
899 884 1
900 954 13
901 938 1
902 869 5
903 861 5
904 850 1
905 922 7
906 938 1
907 931 1
908 937 42
909 936 1
910 858 3
911 928 39
912 894 1
913 837 1
914 907 3
915 938 5
916 910 3
917 862 4
918 910 1
919 842 1
920 907 1
921 904 6
922 948 2
923 934 9
924 973 78
925 973 47
926 985 2
927 871 9
928 921 1
929 954 80
930 928 35
931 872 1
932 929 30
933 957 4
934 884 1
935 942 10
936 872 1
937 932 2
938 974 43
939 0 606
940 945 7
941 902 4
942 954 2
943 907 36
944 837 2
945 861 3
946 968 20
947 929 1
948 915 2
949 980 5
950 1002 1
951 928 4
952 940 3
953 0 1
954 1019 1
955 985 97
956 1002 1
957 926 3
958 945 5
959 922 1
960 907 1
961 961 1
962 942 2
963 980 163
964 1019 1
965 944 2
966 920 1
967 939 5
968 0 2
969 942 22
970 948 1
971 916 1
972 1050 1
973 925 1
974 1002 161
975 924 44
976 945 6
977 945 1
978 950 1
979 939 1
980 973 34
981 0 171
982 910 1
983 910 1
984 941 1
985 928 1
986 999 100
987 926 4
988 956 1
989 920 1
990 948 1
991 897 1
992 951 2
993 1002 1
994 1017 1
995 999 1
996 986 3
997 0 1
998 980 1
999 968 1
1000 1042 103
1001 1036 2
1002 1002 2
1003 1045 243
1004 0 1
1005 1044 3
1006 1045 1
1007 1004 1
1008 975 2
1009 926 1
1010 1019 4
1011 1009 1
1012 1027 1
1013 0 173
1014 980 1
1015 1002 1
1016 1000 1
1017 1009 1
1018 979 8
1019 0 1
1020 1031 124
1021 1004 1
1022 966 1
1023 1081 1
1024 942 1
1025 979 25
1026 0 1
1027 964 1
1028 1039 4
1029 973 1
1030 956 1
1031 947 1
1032 1012 170
1033 1002 1
1034 1077 2
1035 999 1
1036 966 2
1037 1024 24
1038 0 3
1039 966 1
1040 1056 20
1041 1042 13
1042 0 1
1043 1019 117
1044 1040 11
1045 1097 5
1046 0 527
1047 0 1
1048 1033 1
1049 1112 1
1050 995 2
1051 1078 2
1052 975 3
1053 1009 1
1054 1060 1
1055 1045 3
1056 1109 1
1057 1036 21
1058 1097 3
1059 1060 1
1060 1017 2
1061 1081 9
1062 1051 1
1063 1075 1
1064 1077 3
1065 1112 3
1066 1017 1
1067 1002 1
1068 1007 1
1069 1001 1
1070 1103 1
1071 1044 1
1072 1049 1
1073 991 1
1074 1064 1
1075 1035 1
1076 1002 73
1077 0 4
1078 1031 45
1079 1017 3
1080 1039 14
1081 1037 1
1082 1079 13
1083 1081 2
1084 1012 2
1085 1064 1
1086 1077 39
1087 1043 10
1088 1027 2
1089 0 17
1090 1051 1
1091 1037 1
1092 1063 1
1093 1103 1
1094 1060 5
1095 1085 37
1096 0 1
1097 1063 1
1098 1086 9
1099 1094 36
1100 1111 1
1101 1103 1
1102 1060 1
1103 1128 1
1104 1139 7
1105 0 488
1106 1149 1
1107 1045 278
1108 1103 1
1109 1054 1
1110 1098 2
1111 1057 1
1112 1124 169
1113 1174 5
1114 1039 1
1115 1161 1
1116 1174 1
1117 1040 1
1118 1124 1
1119 1103 2
1120 1075 71
1121 1059 1
1122 1139 1
1123 1057 1
1124 1045 1
1125 1104 182
1126 1111 162
1127 1054 1
1128 1093 2
1129 1193 2
1130 1136 1
1131 1082 1
1132 1076 3
1133 1111 5
1134 1106 1
1135 1158 1
1136 1171 1
1137 1190 4
1138 1083 1
1139 1098 33
1140 1175 10
1141 1141 2
1142 1176 3
1143 1104 305
1144 1093 2
1145 1143 1
1146 1158 1
1147 1132 1
1148 1124 1
1149 1085 1
1150 1173 12
1151 1174 1
1152 1125 161
1153 1167 1
1154 1138 1
1155 1087 1
1156 1106 2
1157 1149 10
1158 1106 274
1159 1161 7
1160 1088 16
1161 1138 31
1162 1119 69
1163 1160 24
1164 1190 6
1165 1206 15
1166 1124 2
1167 1162 1
1168 1204 4
1169 1139 1
1170 1124 1
1171 1158 1
1172 1200 41
1173 1167 1
1174 1164 13
1175 1162 22
1176 1174 14
1177 1203 4
1178 1171 39
1179 1183 2
1180 1214 1
1181 1131 2
1182 1132 3
1183 1193 1
1184 1160 3
1185 1187 2
1186 1158 1
1187 1119 1
1188 1151 160
1189 1140 1
1190 1124 6
1191 1202 12
1192 1136 2
1193 1118 1
1194 1187 50
1195 1158 2
1196 1142 301
1197 1127 1
1198 1163 1
1199 1206 2
1200 1124 1
1201 1193 42
1202 1206 104
1203 1177 38
1204 1246 6
1205 1156 8
1206 1160 3
1207 1232 125
1208 1203 1
1209 1167 1
1210 1142 1
1211 1184 1
1212 1181 1
1213 1175 2
1214 1175 1
1215 1204 2
1216 1159 8
1217 1163 1
1218 1142 1
1219 1260 1
1220 1189 1
1221 1189 1
1222 1228 1
1223 1245 1
1224 1156 1
1225 1212 1
1226 1142 1
1227 1164 1
1228 1163 3
1229 1201 43
1230 1159 7
1231 1165 1
1232 1193 4
1233 1157 273
1234 1301 1
1235 1204 1
1236 1292 3
1237 1257 2
1238 1258 2
1239 1155 1
1240 1191 1
1241 1245 1
1242 1181 1
1243 1161 60
1244 1245 1
1245 1180 1
1246 1195 9
1247 1269 28
1248 1206 1
1249 1229 4
1250 1198 1
1251 1257 1
1252 1201 3
1253 1229 1
1254 1257 1
1255 1206 2
1256 1187 106
1257 1329 2
1258 1263 7
1259 1228 36
1260 1258 1
1261 1235 2
1262 1189 3
1263 1187 1
1264 1290 14
1265 1178 1
1266 1202 24
1267 1237 1
1268 1215 1
1269 1245 2
1270 1258 31
1271 1194 1
1272 1195 23
1273 1232 1
1274 1232 97
1275 1268 1
1276 1205 1
1277 1215 2
1278 1190 1
1279 1329 1
1280 1258 1
1281 1202 1
1282 1227 1
1283 1254 1
1284 1195 268
1285 1256 1
1286 1251 1
1287 1201 57
1288 1229 1
1289 1205 1
1290 1215 4
1291 1246 20
1292 1292 1
1293 1228 5
1294 1257 2
1295 1347 1
1296 1236 1
1297 1265 19
1298 1283 4
1299 1242 58
1300 1227 1
1301 1283 3
1302 1245 2
1303 1290 3
1304 1366 2
1305 1265 1
1306 1286 15
1307 1303 1
1308 1329 1
1309 1242 1
1310 1364 1
1311 1232 49
1312 1271 1
1313 1231 3
1314 1265 1
1315 1269 1
1316 1325 8
1317 1261 1
1318 1286 39
1319 1364 1
1320 1245 1
1321 1293 1
1322 1269 1
1323 1298 54
1324 1343 3
1325 1302 2
1326 1283 14
1327 1300 1
1328 1312 1
1329 1265 1
1330 1263 6
1331 1290 2
1332 1248 3
1333 1373 1
1334 1273 94
1335 1335 1
1336 1273 2
1337 1261 1
1338 1246 1
1339 1271 1
1340 1283 2
1341 1350 1
1342 1265 1
1343 1325 5
1344 1255 105
1345 1286 1
1346 1373 1
1347 1271 20
1348 1343 48
1349 1251 1
1350 1396 1
1351 1347 31
1352 1379 2
1353 1386 1
1354 1298 1
1355 1419 1
1356 1343 1
1357 1366 1
1358 1276 1
1359 1297 1
1360 1350 1
1361 1296 1
1362 1310 1
1363 1323 1
1364 1298 1
1365 1381 3
1366 1298 1
1367 1296 14
1368 1286 1
1369 1323 1
1370 1322 1
1371 1283 124
1372 1312 1
1373 1283 120
1374 1385 3
1375 1297 1
1376 1396 1
1377 1289 3
1378 1351 1
1379 1346 8
1380 1296 3
1381 1366 1
1382 1305 4
1383 1305 1
1384 1300 1
1385 1329 1
1386 1322 52
1387 1305 7
1388 1310 40
1389 1370 1
1390 1432 1
1391 1305 1
1392 1310 7
1393 1346 1
1394 1317 1
1395 1346 1
1396 1346 1
1397 1315 7
1398 1297 1
1399 1376 2
1400 1324 1
1401 1414 1
1402 1343 52
1403 1330 1
1404 1366 1
1405 1401 2
1406 1350 2
1407 1305 1
1408 1346 1
1409 1347 14
1410 1396 3
1411 1350 1
1412 1391 5
1413 1350 25
1414 1438 2
1415 1317 36
1416 1398 1
1417 1317 1
1418 1422 1
1419 1401 1
1420 1331 2
1421 1346 7
1422 1413 1
1423 1333 93
1424 1391 1
1425 1339 1
1426 1422 1
1427 1342 2
1428 1460 1
1429 1366 8
1430 1342 2
1431 1432 1
1432 1347 1
1433 1412 24
1434 1401 45
1435 1378 1
1436 1408 1
1437 1386 5
1438 1378 5
1439 1440 3
1440 1401 1
1441 1385 38
1442 1370 3
1443 1454 1
1444 1405 1
1445 1401 1
1446 1440 34
1447 1378 1
1448 1370 8
1449 1396 1
1450 1372 118
1451 1449 75
1452 1411 1
1453 1428 1
1454 1408 12
1455 1445 24
1456 1372 1
1457 1401 1
1458 1370 111
1459 1432 1
1460 1411 1
1461 1454 10
1462 1454 1
1463 1387 39
1464 1447 1
1465 1429 1
1466 1460 1
1467 1436 2
1468 1436 1
1469 1411 1
1470 1385 10
1471 1469 2
1472 1432 4
1473 1409 2
1474 1428 1
1475 1449 1
1476 1404 1
1477 1432 12
1478 1414 32
1479 1460 5
1480 1462 18
1481 1436 1
1482 1479 1
1483 1411 1
1484 1428 3
1485 1460 1
1486 1469 3
1487 1414 1
1488 1428 1
1489 1420 4
1490 1433 39
1491 1478 1
1492 1466 1
1493 1426 1
1494 1449 41
1495 1414 1
1496 1433 4
1497 1450 73
1498 1447 5
1499 1432 1
1500 1420 2
1501 1453 2
1502 1422 90
1503 1433 1
1504 1432 3
1505 1428 1
1506 1453 9
1507 1450 1
1508 1483 1
1509 1445 9
1510 1462 1
1511 1460 1
1512 1454 1
1513 1479 1
1514 1479 4
1515 1496 1
1516 1462 1
1517 1594 1
1518 1477 31
1519 1462 5
1520 1447 1
1521 1479 2
1522 1441 2
1523 1437 4
1524 1462 1
1525 1496 71
1526 1479 2
1527 1513 3
1528 1500 1
1529 1488 1
1530 1471 2
1531 1457 18
1532 1471 1
1533 1472 1
1534 1535 2
1535 1454 10
1536 1457 92
1537 1462 1
1538 1493 1
1539 1469 4
1540 1526 1
1541 1501 1
1542 1505 1
1543 1478 2
1544 1462 11
1545 1518 3
1546 1488 1
1547 1479 6
1548 1499 1
1549 1478 1
1550 1470 1
1551 1517 24
1552 1517 2
1553 1530 4
1554 1594 1
1555 1493 10
1556 1476 10
1557 1508 7
1558 1479 1
1559 1552 1
1560 1493 1
1561 1483 1
1562 1495 3
1563 1489 38
1564 1518 1
1565 1485 2
1566 1476 1
1567 1488 1
1568 1524 67
1569 1497 1
1570 1505 1
1571 1501 88
1572 1497 3
1573 1567 9
1574 1508 1
1575 1493 28
1576 1505 5
1577 1520 1
1578 1517 1
1579 1621 1
1580 1505 1
1581 1562 37
1582 1542 1
1583 1535 16
1584 1503 1
1585 1526 1
1586 1503 1
1587 1530 12
1588 1517 3
1589 1572 7
1590 1524 1
1591 1524 2
1592 1534 9
1593 1621 2
1594 1546 5
1595 1555 9
1596 1556 2
1597 1574 1
1598 1575 2
1599 1521 1
1600 1670 1
1601 1535 73
1602 1674 1
1603 1529 1
1604 1522 1
1605 1575 1
1606 1543 10
1607 1556 4
1608 1522 2
1609 1533 1
1610 1554 6
1611 1550 23
1612 1567 3
1613 1551 1
1614 1621 4
1615 1530 1
1616 1591 3
1617 1683 1
1618 1525 1
1619 1538 3
1620 1544 2
1621 1621 1
1622 1570 53
1623 1594 3
1624 1570 1
1625 1609 5
1626 1586 11
1627 1561 1
1628 1594 2
1629 1552 1
1630 1575 1
1631 1567 52
1632 1582 1
1633 1554 3
1634 1571 1
1635 1561 1
1636 1567 1
1637 1592 1
1638 1552 1
1639 1667 1
1640 1571 1
1641 1622 1
1642 1591 1
1643 1567 1
1644 1564 1
1645 1622 1
1646 1595 1
1647 1619 1
1648 1632 2
1649 1587 2
1650 1605 9
1651 1686 1
1652 1582 14
1653 1574 26
1654 1610 2
1655 1678 1
1656 1600 2
1657 1572 1
1658 1594 1
1659 1600 1
1660 1678 1
1661 1580 31
1662 1570 33
1663 1618 1
1664 1597 1
1665 1683 3
1666 1613 1
1667 1591 4
1668 1593 4
1669 1600 42
1670 1590 1
1671 1588 2
1672 1588 1
1673 1690 1
1674 1655 1
1675 1580 5
1676 1615 1
1677 1621 1
1678 1660 3
1679 1588 3
1680 1664 1
1681 1600 1
1682 1611 1
1683 1615 1
1684 1610 16
1685 1621 41
1686 1600 19
1687 1606 3
1688 1705 1
1689 1630 1
1690 1668 2
1691 1613 2
1692 1664 1
1693 1649 2
1694 1630 2
1695 1610 4
1696 1627 1
1697 1649 3
1698 1668 2
1699 1600 7
1700 1611 1
1701 1660 7
1702 1618 1
1703 1685 1
1704 1624 4
1705 1729 1
1706 1668 11
1707 1607 1
1708 1625 10
1709 1653 1
1710 1683 1
1711 1649 1
1712 1660 13
1713 1647 1
1714 1660 4
1715 1621 2
1716 1720 1
1717 1649 2
1718 1630 1
1719 1651 6
1720 1684 13
1721 1630 47
1722 1648 1
1723 1660 2
1724 1667 1
1725 1666 1
1726 1683 10
1727 1689 1
1728 1740 1
1729 1700 3
1730 1711 5
1731 1705 7
1732 1660 1
1733 1674 1
1734 1684 26
1735 1705 1
1736 1705 1
1737 1720 1
1738 1651 7
1739 1729 1
1740 1696 2
1741 1652 25
1742 1668 26
1743 1686 1
1744 1667 1
1745 1674 2
1746 1707 1
1747 1666 2
1748 1661 32
1749 1685 17
1750 1693 1
1751 1720 26
1752 1747 1
1753 1677 2
1754 1694 3
1755 1707 7
1756 1725 4
1757 1719 1
1758 1740 1
1759 1729 2
1760 1747 17
1761 1703 3
1762 1684 1
1763 1740 1
1764 1698 4
1765 1698 1
1766 1700 1
1767 1752 1
1768 1692 1
1769 1711 7
1770 1730 5
1771 1722 1
1772 1740 1
1773 1740 9
1774 1740 1
1775 1707 1
1776 1740 1
1777 1698 1
1778 1744 1
1779 1720 11
1780 1697 1
1781 1720 2
1782 1700 2
1783 1714 1
1784 1741 1
1785 1719 11
1786 1730 1
1787 1830 1
1788 1740 1
1789 1737 1
1790 1725 1
1791 1728 2
1792 1755 2
1793 1753 1
1794 1718 5
1795 1720 4
1796 1713 3
1797 1725 2
1798 1747 2
1799 1737 3
1800 1737 1
1801 1725 2
1802 1747 10
1803 1720 1
1804 1716 1
1805 1740 6
1806 1741 23
1807 1830 1
1808 1741 1
1809 1825 4
1810 1740 1
1811 1830 1
1812 1843 1
1813 1747 1
1814 1733 25
1815 1737 1
1816 1754 1
1817 1740 1
1818 1739 1
1819 1769 1
1820 1790 1
1821 1746 1
1822 1808 3
1823 1753 1
1824 1763 1
1825 1778 1
1826 1759 9
1827 1784 9
1828 1805 1
1829 1748 15
1830 1748 1
1831 1750 25
1832 1784 1
1833 1793 2
1834 1845 1
1835 1755 1
1836 1769 3
1837 1796 1
1838 1798 1
1839 1768 6
1840 1758 1
1841 1791 1
1842 1772 8
1843 1754 5
1844 1778 8
1845 1760 2
1846 1805 17
1847 1778 1
1848 1759 7
1849 1763 2
1850 1798 1
1851 1793 1
1852 1801 6
1853 1801 1
1854 1805 3
1855 1800 1
1856 1797 1
1857 1801 1
1858 1780 1
1859 1826 2
1860 1805 1
1861 1793 1
1862 1804 5
1863 1830 19
1864 1873 2
1865 1838 1
1866 1832 1
1867 1911 2
1868 1801 1
1869 1821 1
1870 1781 1
1871 1813 24
1872 1795 2
1873 1794 3
1874 1883 4
1875 1866 1
1876 1826 3
1877 1842 4
1878 1830 1
1879 1927 1
1880 1845 1
1881 1828 4
1882 1821 1
1883 1841 2
1884 1862 9
1885 1890 1
1886 1870 10
1887 1825 4
1888 1845 2
1889 1870 1
1890 1845 7
1891 1899 2
1892 1830 1
1893 1826 1
1894 1872 1
1895 1851 1
1896 1851 1
1897 1841 3
1898 1913 2
1899 1873 1
1900 1885 9
1901 1889 2
1902 1828 1
1903 1841 2
1904 1858 1
1905 1828 9
1906 1880 2
1907 1843 4
1908 1826 2
1909 1847 6
1910 1848 1
1911 1843 2
1912 1862 5
1913 1853 2
1914 1838 4
1915 1845 2
1916 1862 1
1917 1872 1
1918 1844 1
1919 1835 2
1920 1845 1
1921 1883 3
1922 1845 2
1923 1861 1
1924 1906 1
1925 1871 1
1926 1851 1
1927 1927 5
1928 1870 12
1929 1861 1
1930 1861 2
1931 1851 2
1932 1876 2
1933 1862 2
1934 1921 1
1935 1948 1
1936 1962 1
1937 1876 1
1938 1886 2
1939 1908 3
1940 1863 1
1941 1930 1
1942 1900 1
1943 1906 2
1944 1889 2
1945 1899 5
1946 1889 1
1947 1875 2
1948 1862 1
1949 1926 2
1950 1983 1
1951 1886 1
1952 1889 1
1953 1908 1
1954 1937 1
1955 1887 1
1956 1880 1
1957 1981 1
1958 1882 1
1959 1899 1
1960 1904 7
1961 1920 2
1962 1904 1
1963 1944 3
1964 1902 1
1965 1910 1
1966 1960 1
1967 1944 1
1968 1927 1
1969 1908 1
1970 1883 1
1971 1926 1
1972 1897 1
1973 1962 1
1974 1913 1
1975 1896 1
1976 1938 1
1977 1931 1
1978 1896 1
1979 1929 1
1980 1911 1
1981 1927 1
1982 1983 2
1983 1911 1
1984 1959 4
1985 1907 1
1986 1938 1
1987 1959 1
1988 1959 1
1989 1943 1
1990 1905 1
1991 1926 1
1992 1912 1
1993 1942 1
1994 1946 1
1995 1914 1
1996 1927 1
1997 1927 1
1998 1927 1
1999 1918 1
2000 1932 1
