100
1 0 0
2 58 1
3 0 17
4 30 2
5 58 1
6 47 1
7 2 2
8 2 1
9 47 7
10 58 1
11 30 3
12 3 1
13 47 1
14 2 3
15 0 12
16 8 1
17 17 2
18 14 4
19 30 1
20 14 1
21 42 1
22 14 2
23 41 1
24 59 2
25 2 5
26 13 1
27 21 1
28 83 1
29 8 1
30 2 2
31 0 16
32 99 3
33 8 1
34 0 1
35 58 1
36 61 1
37 16 1
38 44 2
39 31 1
40 2 1
41 47 1
42 47 2
43 14 2
44 0 2
45 0 5
46 2 1
47 47 1
48 0 21
49 14 2
50 98 1
51 8 1
52 24 1
53 0 1
54 30 3
55 31 1
56 86 1
57 44 1
58 30 1
59 99 7
60 0 5
61 6 1
62 47 4
63 2 1
64 48 1
65 53 1
66 17 1
67 79 1
68 61 1
69 43 1
70 0 1
71 0 1
72 86 1
73 13 1
74 8 1
75 23 1
76 61 1
77 24 1
78 83 1
79 24 1
80 47 2
81 10 1
82 53 1
83 99 1
84 0 4
85 58 1
86 24 1
87 30 3
88 47 1
89 30 1
90 37 1
91 10 1
92 0 1
93 58 1
94 29 1
95 8 1
96 83 1
97 30 1
98 44 1
99 59 2
100 0 12
