300
1 0 0
2 22 1
3 10 1
4 39 1
5 10 1
6 43 1
7 17 1
8 43 1
9 40 1
10 10 1
11 60 6
12 17 1
13 55 1
14 65 1
15 39 1
16 17 1
17 52 1
18 61 8
19 10 1
20 10 1
21 22 1
22 40 1
23 59 3
24 59 1
25 17 1
26 58 1
27 43 1
28 49 1
29 59 1
30 49 1
31 60 1
32 49 1
33 39 1
34 43 1
35 40 1
36 66 1
37 49 1
38 40 1
39 43 1
40 93 4
41 93 5
42 17 1
43 43 1
44 93 11
45 52 1
46 52 1
47 43 1
48 58 1
49 43 1
50 95 5
51 17 1
52 17 1
53 60 4
54 98 1
55 43 1
56 93 2
57 94 1
58 43 1
59 109 5
60 93 6
61 95 14
62 93 10
63 93 1
64 61 1
65 58 1
66 60 2
67 95 2
68 93 1
69 93 1
70 74 1
71 58 1
72 93 1
73 121 1
74 109 6
75 95 2
76 121 1
77 93 1
78 73 1
79 109 1
80 73 1
81 95 2
82 95 1
83 95 1
84 94 1
85 95 1
86 93 1
87 95 1
88 93 1
89 95 2
90 133 1
91 73 1
92 93 1
93 93 1
94 0 48
95 120 5
96 0 33
97 73 1
98 80 1
99 100 2
100 133 1
101 0 4
102 95 1
103 73 1
104 120 1
105 109 3
106 120 1
107 88 1
108 109 1
109 109 1
110 0 25
111 121 1
112 109 1
113 0 1
114 177 1
115 121 1
116 130 1
117 118 1
118 0 1
119 153 4
120 0 1
121 0 20
122 120 8
123 104 1
124 109 1
125 0 3
126 118 1
127 109 1
128 0 1
129 0 1
130 153 1
131 0 3
132 104 1
133 152 1
134 142 5
135 153 2
136 109 1
137 100 1
138 153 1
139 0 5
140 124 1
141 94 1
142 0 1
143 0 15
144 153 1
145 121 1
146 121 1
147 94 1
148 109 1
149 109 1
150 0 1
151 0 1
152 0 1
153 164 2
154 0 14
155 153 2
156 0 2
157 0 1
158 0 1
159 133 1
160 120 1
161 109 1
162 138 1
163 0 16
164 142 2
165 0 3
166 0 12
167 142 3
168 0 1
169 120 1
170 175 1
171 0 12
172 0 1
173 0 1
174 0 1
175 0 2
176 162 11
177 142 3
178 162 2
179 0 1
180 121 1
181 0 1
182 120 1
183 138 3
184 0 1
185 0 8
186 175 1
187 154 1
188 130 1
189 118 1
190 142 1
191 175 4
192 120 1
193 124 1
194 155 1
195 134 1
196 170 3
197 165 4
198 0 5
199 165 7
200 133 1
201 162 2
202 170 6
203 175 3
204 0 27
205 153 2
206 0 1
207 176 1
208 175 1
209 163 1
210 170 2
211 0 3
212 0 1
213 203 1
214 198 1
215 0 12
216 0 3
217 182 1
218 198 1
219 0 4
220 198 1
221 166 1
222 249 1
223 184 6
224 166 1
225 176 1
226 203 5
227 196 1
228 174 1
229 195 1
230 203 2
231 218 1
232 182 1
233 184 1
234 195 1
235 198 3
236 203 4
237 190 1
238 201 4
239 190 1
240 190 1
241 197 3
242 196 1
243 222 1
244 196 1
245 197 1
246 200 1
247 235 1
248 202 1
249 256 1
250 214 10
251 210 1
252 215 2
253 201 1
254 202 1
255 204 1
256 203 8
257 203 4
258 203 1
259 203 1
260 209 1
261 249 1
262 218 2
263 222 1
264 210 1
265 261 1
266 222 1
267 214 1
268 249 1
269 222 1
270 284 1
271 222 1
272 225 4
273 249 2
274 249 1
275 237 1
276 249 1
277 284 1
278 234 1
279 229 1
280 237 1
281 235 1
282 240 1
283 249 1
284 255 1
285 255 4
286 271 1
287 237 1
288 234 1
289 240 1
290 235 1
291 256 1
292 256 1
293 271 1
294 249 1
295 284 1
296 271 1
297 255 1
298 255 1
299 251 1
300 272 1
