500
1 0 0
2 6 1
3 28 1
4 28 1
5 38 1
6 19 1
7 38 2
8 33 1
9 9 1
10 38 4
11 32 1
12 41 1
13 28 1
14 41 1
15 31 2
16 32 1
17 9 1
18 9 1
19 34 1
20 28 2
21 28 1
22 33 1
23 49 1
24 49 1
25 32 1
26 28 1
27 49 1
28 58 1
29 56 8
30 56 1
31 14 1
32 38 3
33 64 4
34 71 4
35 49 2
36 33 1
37 38 1
38 58 1
39 72 12
40 49 1
41 59 1
42 75 3
43 51 1
44 58 1
45 56 1
46 71 1
47 82 1
48 52 1
49 70 1
50 71 8
51 75 1
52 72 2
53 56 2
54 97 1
55 71 1
56 88 1
57 100 13
58 49 1
59 85 4
60 100 2
61 72 1
62 97 1
63 70 1
64 85 1
65 85 5
66 72 1
67 107 3
68 97 1
69 97 1
70 104 1
71 108 4
72 110 15
73 108 17
74 102 1
75 75 1
76 97 7
77 70 1
78 100 1
79 66 1
80 66 1
81 75 1
82 100 1
83 89 2
84 85 1
85 97 2
86 111 12
87 108 2
88 100 1
89 105 2
90 122 3
91 97 1
92 100 1
93 84 1
94 104 1
95 86 1
96 109 1
97 100 1
98 120 15
99 120 1
100 108 2
101 128 21
102 108 1
103 121 2
104 108 1
105 122 3
106 131 3
107 119 1
108 126 4
109 142 30
110 108 2
111 137 16
112 128 13
113 119 1
114 128 1
115 125 1
116 124 1
117 99 1
118 128 1
119 127 1
120 146 3
121 143 21
122 131 3
123 128 7
124 124 1
125 152 3
126 141 2
127 146 5
128 143 2
129 158 44
130 141 1
131 142 1
132 154 7
133 142 1
134 142 1
135 135 1
136 120 3
137 150 1
138 166 17
139 135 1
140 170 1
141 166 1
142 170 5
143 182 41
144 169 26
145 182 1
146 182 1
147 191 9
148 120 1
149 158 1
150 152 1
151 190 2
152 141 1
153 142 7
154 152 2
155 162 11
156 162 1
157 191 1
158 153 1
159 191 46
160 199 1
161 174 1
162 164 1
163 182 17
164 184 1
165 143 2
166 174 2
167 184 19
168 162 1
169 165 1
170 199 28
171 194 7
172 154 3
173 162 1
174 187 2
175 181 4
176 171 1
177 169 1
178 194 1
179 195 1
180 184 1
181 187 1
182 196 6
183 201 72
184 182 9
185 212 22
186 211 1
187 222 1
188 183 8
189 171 1
190 181 1
191 212 3
192 219 57
193 212 1
194 162 2
195 210 9
196 219 44
197 222 7
198 195 1
199 182 2
200 195 41
201 216 1
202 236 74
203 211 1
204 210 1
205 219 5
206 187 3
207 222 1
208 187 1
209 173 1
210 201 1
211 199 11
212 204 4
213 0 27
214 219 1
215 219 27
216 236 1
217 239 2
218 219 1
219 193 1
220 0 142
221 244 4
222 224 1
223 0 12
224 205 1
225 242 2
226 265 1
227 205 1
228 244 1
229 211 1
230 259 1
231 236 1
232 0 8
233 198 1
234 219 1
235 219 2
236 265 1
237 0 163
238 244 10
239 236 1
240 254 4
241 239 1
242 222 1
243 237 4
244 242 1
245 214 26
246 0 1
247 0 6
248 222 1
249 219 3
250 253 1
251 266 1
252 220 1
253 220 1
254 271 2
255 244 6
256 236 1
257 0 1
258 271 1
259 0 1
260 0 111
261 0 1
262 244 1
263 265 1
264 236 82
265 244 1
266 263 4
267 306 2
268 0 25
269 267 18
270 220 1
271 275 1
272 294 5
273 236 1
274 244 1
275 246 3
276 248 2
277 259 7
278 244 1
279 289 1
280 0 1
281 236 1
282 237 5
283 234 1
284 231 7
285 259 1
286 300 3
287 259 43
288 285 1
289 267 6
290 259 2
291 246 1
292 263 3
293 246 1
294 268 1
295 301 23
296 259 44
297 286 38
298 259 12
299 276 1
300 254 1
301 281 4
302 263 72
303 263 1
304 274 1
305 263 1
306 308 1
307 313 5
308 271 1
309 313 2
310 276 1
311 294 2
312 268 13
313 268 2
314 294 13
315 268 1
316 276 3
317 276 1
318 322 1
319 274 1
320 286 2
321 313 2
322 296 37
323 294 2
324 283 1
325 306 1
326 321 14
327 306 1
328 285 1
329 301 2
330 288 4
331 283 1
332 283 4
333 291 1
334 291 1
335 288 1
336 301 1
337 310 1
338 286 2
339 321 1
340 313 1
341 297 11
342 295 43
343 301 36
344 337 1
345 301 9
346 321 1
347 313 1
348 366 1
349 312 1
350 311 12
351 331 3
352 319 1
353 329 1
354 344 1
355 315 1
356 329 1
357 329 1
358 344 1
359 381 1
360 342 1
361 315 1
362 321 18
363 313 1
364 328 1
365 325 4
366 361 1
367 325 7
368 320 1
369 321 2
370 325 2
371 375 1
372 344 6
373 390 1
374 368 1
375 375 1
376 378 7
377 361 7
378 381 1
379 342 24
380 349 11
381 366 5
382 376 6
383 381 1
384 341 19
385 342 1
386 390 1
387 383 13
388 340 10
389 361 7
390 342 8
391 341 23
392 342 1
393 361 1
394 350 1
395 375 3
396 400 1
397 381 1
398 378 10
399 350 1
400 380 1
401 364 2
402 361 1
403 364 1
404 389 1
405 379 1
406 390 13
407 383 4
408 375 1
409 371 3
410 379 3
411 397 4
412 379 1
413 394 1
414 386 12
415 379 1
416 387 6
417 369 1
418 378 6
419 371 1
420 371 1
421 379 3
422 390 6
423 383 1
424 413 7
425 387 1
426 387 2
427 379 1
428 380 3
429 389 5
430 434 1
431 397 4
432 381 1
433 397 1
434 423 2
435 410 3
436 394 1
437 389 1
438 388 6
439 390 1
440 420 2
441 423 1
442 406 2
443 427 1
444 406 1
445 408 2
446 415 1
447 415 4
448 413 4
449 450 1
450 417 4
451 405 12
452 409 2
453 427 1
454 417 1
455 421 5
456 428 3
457 423 3
458 437 1
459 430 3
460 434 1
461 428 1
462 447 1
463 425 1
464 433 1
465 437 4
466 449 3
467 450 1
468 450 2
469 447 1
470 456 1
471 450 4
472 439 1
473 464 1
474 455 2
475 465 1
476 456 1
477 450 1
478 446 3
479 447 1
480 441 1
481 454 1
482 444 1
483 450 1
484 477 1
485 450 1
486 473 1
487 488 1
488 451 1
489 454 2
490 477 1
491 464 2
492 458 1
493 458 1
494 470 1
495 465 1
496 454 1
497 467 1
498 470 1
499 490 1
500 470 1
