300
1 0 0
2 58 1
3 23 1
4 24 1
5 59 1
6 46 2
7 46 1
8 24 1
9 68 1
10 48 1
11 23 1
12 67 1
13 46 1
14 46 1
15 24 1
16 53 1
17 48 1
18 46 1
19 23 1
20 53 1
21 46 1
22 5 1
23 66 1
24 63 4
25 82 5
26 46 1
27 46 1
28 46 1
29 82 1
30 45 1
31 46 1
32 24 1
33 57 1
34 48 1
35 82 1
36 80 1
37 73 1
38 50 1
39 45 1
40 57 1
41 48 1
42 53 1
43 96 1
44 46 1
45 46 1
46 96 3
47 106 17
48 106 1
49 112 5
50 106 1
51 108 2
52 106 1
53 106 1
54 113 4
55 63 1
56 73 1
57 46 1
58 106 4
59 113 2
60 96 2
61 86 1
62 112 1
63 57 1
64 112 6
65 46 1
66 106 1
67 96 3
68 84 3
69 104 2
70 96 1
71 67 1
72 46 1
73 106 1
74 106 4
75 82 1
76 112 1
77 66 1
78 106 1
79 105 1
80 96 1
81 107 2
82 73 1
83 131 10
84 112 1
85 113 4
86 106 1
87 111 2
88 106 1
89 96 1
90 105 1
91 106 1
92 113 1
93 104 1
94 113 1
95 106 1
96 105 1
97 0 14
98 96 1
99 131 2
100 113 1
101 106 1
102 106 1
103 108 1
104 104 1
105 147 5
106 125 4
107 0 40
108 113 3
109 147 9
110 116 1
111 82 1
112 147 3
113 0 15
114 0 18
115 161 1
116 108 1
117 0 2
118 108 1
119 137 1
120 0 2
121 132 1
122 0 1
123 0 2
124 125 2
125 131 1
126 0 14
127 122 1
128 0 1
129 0 1
130 113 1
131 0 1
132 0 20
133 131 3
134 125 1
135 0 4
136 108 1
137 132 1
138 134 3
139 98 1
140 149 1
141 0 1
142 0 2
143 0 14
144 142 4
145 161 1
146 0 1
147 106 1
148 0 29
149 0 1
150 142 3
151 0 1
152 0 1
153 142 1
154 108 1
155 0 1
156 147 6
157 142 1
158 0 1
159 147 1
160 0 15
161 155 1
162 125 3
163 108 1
164 131 2
165 142 1
166 149 1
167 123 1
168 147 1
169 125 3
170 217 1
171 142 1
172 0 1
173 0 25
174 143 1
175 155 1
176 119 1
177 0 1
178 172 9
179 131 1
180 0 3
181 155 1
182 0 1
183 147 1
184 0 1
185 147 1
186 142 1
187 163 1
188 143 1
189 143 1
190 137 1
191 0 1
192 0 1
193 0 1
194 0 2
195 0 1
196 0 15
197 0 6
198 147 1
199 0 1
200 159 2
201 142 1
202 0 1
203 172 3
204 0 3
205 195 1
206 0 7
207 177 1
208 141 1
209 155 1
210 155 1
211 159 4
212 0 2
213 0 5
214 0 6
215 0 1
216 0 1
217 0 5
218 177 2
219 0 1
220 177 1
221 168 1
222 0 3
223 172 2
224 159 6
225 159 2
226 172 1
227 172 1
228 0 2
229 216 2
230 205 2
231 223 2
232 168 1
233 172 2
234 177 1
235 205 4
236 172 5
237 177 1
238 172 1
239 177 1
240 179 2
241 177 1
242 210 1
243 210 1
244 202 1
245 212 2
246 210 1
247 195 4
248 195 6
249 196 3
250 196 2
251 213 5
252 193 1
253 195 1
254 195 2
255 202 1
256 244 1
257 234 1
258 221 1
259 216 1
260 203 1
261 199 1
262 203 1
263 211 1
264 223 2
265 212 1
266 212 1
267 222 1
268 235 2
269 216 1
270 224 1
271 232 1
272 223 1
273 227 1
274 263 1
275 221 1
276 235 1
277 234 1
278 235 1
279 246 1
280 229 1
281 228 1
282 239 1
283 234 1
284 267 1
285 230 1
286 247 1
287 295 1
288 247 1
289 247 1
290 248 1
291 246 1
292 246 1
293 250 1
294 248 1
295 295 1
296 250 3
297 247 1
298 249 1
299 247 1
300 253 1
