200
1 0 0
2 34 1
3 13 1
4 29 1
5 26 1
6 35 1
7 23 1
8 27 1
9 34 1
10 25 1
11 32 1
12 42 1
13 27 1
14 59 2
15 56 1
16 32 1
17 25 1
18 46 1
19 32 1
20 32 1
21 42 1
22 32 1
23 59 1
24 42 2
25 32 1
26 64 3
27 65 2
28 65 3
29 35 1
30 53 2
31 46 1
32 34 1
33 67 7
34 46 1
35 67 4
36 60 3
37 67 1
38 65 1
39 59 1
40 67 1
41 67 1
42 56 1
43 60 5
44 55 1
45 53 1
46 64 1
47 81 5
48 60 1
49 67 1
50 67 1
51 67 2
52 84 1
53 46 1
54 67 5
55 53 1
56 81 3
57 88 3
58 50 1
59 67 1
60 67 5
61 82 10
62 67 1
63 81 1
64 67 1
65 82 5
66 0 8
67 81 1
68 0 33
69 88 1
70 65 1
71 81 2
72 55 1
73 67 1
74 88 1
75 88 1
76 81 1
77 93 1
78 84 1
79 81 5
80 81 1
81 0 1
82 0 23
83 0 16
84 0 1
85 101 4
86 78 1
87 81 1
88 0 1
89 102 8
90 101 1
91 0 1
92 81 2
93 70 1
94 0 2
95 101 1
96 0 1
97 102 1
98 0 2
99 101 1
100 121 1
101 0 1
102 0 20
103 0 11
104 0 1
105 102 1
106 78 1
107 78 1
108 101 1
109 78 1
110 0 1
111 84 1
112 88 1
113 0 1
114 0 1
115 91 1
116 127 1
117 0 2
118 97 1
119 0 19
120 133 1
121 0 1
122 101 11
123 0 3
124 0 2
125 0 1
126 121 1
127 0 15
128 118 2
129 133 1
130 133 1
131 0 28
132 0 1
133 130 1
134 130 16
135 126 1
136 0 1
137 0 1
138 121 2
139 133 1
140 121 1
141 133 1
142 118 16
143 126 5
144 146 1
145 121 2
146 116 1
147 130 9
148 121 1
149 121 2
150 126 6
151 141 4
152 122 1
153 133 1
154 126 2
155 123 1
156 122 1
157 133 4
158 141 1
159 141 1
160 130 1
161 141 1
162 141 1
163 141 1
164 137 1
165 133 1
166 141 1
167 133 1
168 187 1
169 133 3
170 150 1
171 141 1
172 146 1
173 141 1
174 150 1
175 142 1
176 141 1
177 150 1
178 146 1
179 141 1
180 146 1
181 144 1
182 141 1
183 146 1
184 156 1
185 156 1
186 146 1
187 142 1
188 142 2
189 153 1
190 146 1
191 149 1
192 146 1
193 149 1
194 149 1
195 148 1
196 168 1
197 149 1
198 149 1
199 156 1
200 168 1
