500
1 0 0
2 41 1
3 70 1
4 39 3
5 3 1
6 6 1
7 70 2
8 70 1
9 70 1
10 10 1
11 70 6
12 28 1
13 82 1
14 42 1
15 25 1
16 10 1
17 3 1
18 42 1
19 10 1
20 70 1
21 120 1
22 70 1
23 61 1
24 42 1
25 66 1
26 70 2
27 39 1
28 42 1
29 70 4
30 70 1
31 28 1
32 66 1
33 120 1
34 10 1
35 120 1
36 70 1
37 144 1
38 70 1
39 66 1
40 70 12
41 70 1
42 82 2
43 141 5
44 70 1
45 61 1
46 120 1
47 39 1
48 51 1
49 120 1
50 10 1
51 70 1
52 120 2
53 70 1
54 70 1
55 39 1
56 70 1
57 120 1
58 39 1
59 141 1
60 82 1
61 82 1
62 70 8
63 70 1
64 70 1
65 154 1
66 70 1
67 153 5
68 70 1
69 39 1
70 154 1
71 162 79
72 61 1
73 154 1
74 70 1
75 70 1
76 28 1
77 121 1
78 154 1
79 70 1
80 70 1
81 154 1
82 70 2
83 153 6
84 70 1
85 39 1
86 66 1
87 70 1
88 70 1
89 70 1
90 70 1
91 141 1
92 70 1
93 70 1
94 147 1
95 70 1
96 70 1
97 81 1
98 121 1
99 118 1
100 121 1
101 118 1
102 70 1
103 141 1
104 61 1
105 70 1
106 141 2
107 105 1
108 141 1
109 39 1
110 153 1
111 121 1
112 61 1
113 61 1
114 39 1
115 153 1
116 70 1
117 162 1
118 70 1
119 167 3
120 153 1
121 162 10
122 181 6
123 61 1
124 70 1
125 70 1
126 184 3
127 141 1
128 153 1
129 120 1
130 167 1
131 207 1
132 153 1
133 70 1
134 70 1
135 70 1
136 70 1
137 153 1
138 162 1
139 207 1
140 70 1
141 142 1
142 162 14
143 162 4
144 162 1
145 202 2
146 121 1
147 142 2
148 204 2
149 160 1
150 141 1
151 162 1
152 162 1
153 153 1
154 162 20
155 181 6
156 162 1
157 162 1
158 125 2
159 204 1
160 162 1
161 212 2
162 162 1
163 0 152
164 162 1
165 181 1
166 157 1
167 162 1
168 181 5
169 162 1
170 146 1
171 175 1
172 162 1
173 0 3
174 162 1
175 212 3
176 162 2
177 162 1
178 181 1
179 181 1
180 202 1
181 181 1
182 217 23
183 208 1
184 204 2
185 212 5
186 172 1
187 181 1
188 207 1
189 207 1
190 205 1
191 162 1
192 162 1
193 162 1
194 162 1
195 217 1
196 236 1
197 162 1
198 217 1
199 213 1
200 153 1
201 217 1
202 211 1
203 213 6
204 172 1
205 213 8
206 0 18
207 0 1
208 205 6
209 217 5
210 174 1
211 183 1
212 162 2
213 0 13
214 0 23
215 205 2
216 0 1
217 205 1
218 0 34
219 214 1
220 213 1
221 0 2
222 0 1
223 205 1
224 205 1
225 0 1
226 205 1
227 202 1
228 220 1
229 213 1
230 207 1
231 184 1
232 240 4
233 174 1
234 0 12
235 208 1
236 212 1
237 0 6
238 0 3
239 217 2
240 212 1
241 0 10
242 0 1
243 202 1
244 0 1
245 205 3
246 213 3
247 204 1
248 266 1
249 0 9
250 0 2
251 0 1
252 0 12
253 233 8
254 252 1
255 0 1
256 238 1
257 0 1
258 204 1
259 0 1
260 208 1
261 248 1
262 0 1
263 0 1
264 252 1
265 213 1
266 0 1
267 236 3
268 248 4
269 267 1
270 205 1
271 240 1
272 208 1
273 0 3
274 245 1
275 297 1
276 231 1
277 240 1
278 0 10
279 266 1
280 0 2
281 233 2
282 295 1
283 0 4
284 297 1
285 267 1
286 0 5
287 0 25
288 251 3
289 231 1
290 252 1
291 213 1
292 236 1
293 251 4
294 252 1
295 279 1
296 244 2
297 287 1
298 286 12
299 252 3
300 282 1
301 233 1
302 249 1
303 231 1
304 240 1
305 287 1
306 0 2
307 320 1
308 353 1
309 245 1
310 323 2
311 0 4
312 286 2
313 297 1
314 0 9
315 237 2
316 0 8
317 319 1
318 297 1
319 280 1
320 0 39
321 251 4
322 297 1
323 240 2
324 0 57
325 0 1
326 0 1
327 267 1
328 323 1
329 248 3
330 334 1
331 319 1
332 286 3
333 319 2
334 297 1
335 298 2
336 323 3
337 297 2
338 340 3
339 353 1
340 323 2
341 323 14
342 272 1
343 0 4
344 348 2
345 0 13
346 348 1
347 348 1
348 277 1
349 323 9
350 323 10
351 286 3
352 272 1
353 319 6
354 319 7
355 286 3
356 277 2
357 322 1
358 285 1
359 319 6
360 277 2
361 277 1
362 285 1
363 282 2
364 277 2
365 315 3
366 277 1
367 319 2
368 348 2
369 286 1
370 285 2
371 352 1
372 310 1
373 323 4
374 305 1
375 310 1
376 349 5
377 292 2
378 323 4
379 292 1
380 313 3
381 297 1
382 340 3
383 323 5
384 315 3
385 369 1
386 297 1
387 315 1
388 297 1
389 311 1
390 319 6
391 313 2
392 375 1
393 348 1
394 319 1
395 310 1
396 309 1
397 313 1
398 320 2
399 340 1
400 319 3
401 313 1
402 314 1
403 313 1
404 323 1
405 340 1
406 349 2
407 319 3
408 340 2
409 358 3
410 328 1
411 323 1
412 353 1
413 331 1
414 446 1
415 352 3
416 328 1
417 337 1
418 339 1
419 353 1
420 342 1
421 340 1
422 331 1
423 353 1
424 348 1
425 344 1
426 344 2
427 340 1
428 335 1
429 342 1
430 332 1
431 352 1
432 353 1
433 336 1
434 335 1
435 337 1
436 344 1
437 350 1
438 389 3
439 358 1
440 349 1
441 349 1
442 342 1
443 343 1
444 340 1
445 364 1
446 376 1
447 344 8
448 408 1
449 372 1
450 364 1
451 408 1
452 350 1
453 372 1
454 375 1
455 359 1
456 355 1
457 354 1
458 446 1
459 354 1
460 358 1
461 446 1
462 406 2
463 446 1
464 446 1
465 437 1
466 382 1
467 362 1
468 372 1
469 363 1
470 377 1
471 375 1
472 375 1
473 366 1
474 367 1
475 437 1
476 399 1
477 382 1
478 377 1
479 389 1
480 389 1
481 461 1
482 382 1
483 425 1
484 399 1
485 414 1
486 377 1
487 383 2
488 390 1
489 381 1
490 407 1
491 446 1
492 405 1
493 379 1
494 379 1
495 446 1
496 381 1
497 382 1
498 486 1
499 414 1
500 397 1
