300
1 0 0
2 14 1
3 11 1
4 6 1
5 9 1
6 25 1
7 36 2
8 39 1
9 34 1
10 37 2
11 34 1
12 39 2
13 37 1
14 39 1
15 39 2
16 39 1
17 40 1
18 48 1
19 20 1
20 22 1
21 55 2
22 39 1
23 34 2
24 34 1
25 39 1
26 50 2
27 37 1
28 50 1
29 39 1
30 39 1
31 39 1
32 39 1
33 70 1
34 70 1
35 50 6
36 50 1
37 74 3
38 52 5
39 70 1
40 75 15
41 66 3
42 40 1
43 75 1
44 68 1
45 58 1
46 66 1
47 68 1
48 66 1
49 86 2
50 39 1
51 89 12
52 87 1
53 66 6
54 89 1
55 89 1
56 80 3
57 50 1
58 86 1
59 65 2
60 85 1
61 89 1
62 80 1
63 65 1
64 89 1
65 75 1
66 86 4
67 96 12
68 86 1
69 90 3
70 75 1
71 92 4
72 87 1
73 89 3
74 72 1
75 99 4
76 104 19
77 89 1
78 92 2
79 87 1
80 95 2
81 90 5
82 86 1
83 72 1
84 79 1
85 92 1
86 102 2
87 103 11
88 98 4
89 77 1
90 120 21
91 105 9
92 98 1
93 104 8
94 86 1
95 95 1
96 103 4
97 104 19
98 108 1
99 96 6
100 102 5
101 103 1
102 119 2
103 128 8
104 105 19
105 133 49
106 133 29
107 103 1
108 141 1
109 149 2
110 104 1
111 133 1
112 103 1
113 137 1
114 118 1
115 116 1
116 154 1
117 141 2
118 141 1
119 133 36
120 118 3
121 152 22
122 118 1
123 133 1
124 118 1
125 133 1
126 101 1
127 104 1
128 137 1
129 118 18
130 150 1
131 133 1
132 152 1
133 154 1
134 0 119
135 152 1
136 152 1
137 139 2
138 141 3
139 152 1
140 128 9
141 145 1
142 142 13
143 154 14
144 160 1
145 152 1
146 141 3
147 139 3
148 118 11
149 152 1
150 153 3
151 141 2
152 160 1
153 0 29
154 154 5
155 0 22
156 136 1
157 139 1
158 160 1
159 162 2
160 176 1
161 147 7
162 139 2
163 164 7
164 0 1
165 0 42
166 153 1
167 164 8
168 158 1
169 147 1
170 160 1
171 146 2
172 161 1
173 0 2
174 160 1
175 147 2
176 145 1
177 162 3
178 166 7
179 162 1
180 160 1
181 0 2
182 194 7
183 183 1
184 177 3
185 174 1
186 189 1
187 176 1
188 183 1
189 177 3
190 199 4
191 199 1
192 0 82
193 191 32
194 170 1
195 164 25
196 164 1
197 194 3
198 181 6
199 188 2
200 202 13
201 202 3
202 200 1
203 192 30
204 191 12
205 172 1
206 192 1
207 202 13
208 191 2
209 199 5
210 194 10
211 191 1
212 180 1
213 189 1
214 194 3
215 197 1
216 191 4
217 191 1
218 200 1
219 189 1
220 199 1
221 194 1
222 191 29
223 197 1
224 197 3
225 199 1
226 196 2
227 203 11
228 208 1
229 209 1
230 198 1
231 223 1
232 223 1
233 213 1
234 206 12
235 207 1
236 208 1
237 209 4
238 213 1
239 241 1
240 208 1
241 215 2
242 209 4
243 215 1
244 233 1
245 208 1
246 233 1
247 240 1
248 225 1
249 221 27
250 221 1
251 226 1
252 226 9
253 236 2
254 233 6
255 233 1
256 233 1
257 261 3
258 267 1
259 233 1
260 241 1
261 241 1
262 248 16
263 236 1
264 248 1
265 270 2
266 261 5
267 270 1
268 269 3
269 267 1
270 265 4
271 251 5
272 253 4
273 251 1
274 271 1
275 248 3
276 274 2
277 252 1
278 248 5
279 256 1
280 271 1
281 261 2
282 261 1
283 264 1
284 248 1
285 251 2
286 280 1
287 256 1
288 261 1
289 271 1
290 253 1
291 277 1
292 294 1
293 261 2
294 277 1
295 277 2
296 270 1
297 292 1
298 261 1
299 275 1
300 284 1
