700
1 0 0
2 41 3
3 53 1
4 39 1
5 58 1
6 1 1
7 20 1
8 17 1
9 1 1
10 23 1
11 31 1
12 38 1
13 29 1
14 30 1
15 53 2
16 23 1
17 49 1
18 53 2
19 66 1
20 82 1
21 77 2
22 53 1
23 34 3
24 68 3
25 53 1
26 53 3
27 14 1
28 22 1
29 58 1
30 25 2
31 78 3
32 53 2
33 68 1
34 30 1
35 53 4
36 90 1
37 93 1
38 38 1
39 95 3
40 82 2
41 75 1
42 56 6
43 53 1
44 77 1
45 41 1
46 69 1
47 53 1
48 78 1
49 78 1
50 68 2
51 75 1
52 93 1
53 96 1
54 111 20
55 106 1
56 53 1
57 112 7
58 96 1
59 108 3
60 97 1
61 93 1
62 95 1
63 22 1
64 93 1
65 109 1
66 93 1
67 96 2
68 41 1
69 121 7
70 122 3
71 96 1
72 82 1
73 106 1
74 78 1
75 82 1
76 118 3
77 108 1
78 110 5
79 131 7
80 112 1
81 131 1
82 95 1
83 93 6
84 117 1
85 118 1
86 69 1
87 108 1
88 95 2
89 95 1
90 101 1
91 111 2
92 87 1
93 108 1
94 146 12
95 77 1
96 111 10
97 115 6
98 142 2
99 95 1
100 131 1
101 128 1
102 151 4
103 119 1
104 101 1
105 101 1
106 121 1
107 125 3
108 151 1
109 145 7
110 164 2
111 166 6
112 152 33
113 129 9
114 161 1
115 129 1
116 152 7
117 150 1
118 125 2
119 157 5
120 124 2
121 152 1
122 141 9
123 165 4
124 142 1
125 150 3
126 187 7
127 162 1
128 152 1
129 152 2
130 191 11
131 187 1
132 188 10
133 173 1
134 141 1
135 143 1
136 182 1
137 178 1
138 152 1
139 161 1
140 190 1
141 125 1
142 188 11
143 188 4
144 192 3
145 155 1
146 166 8
147 153 13
148 143 1
149 178 1
150 197 1
151 180 6
152 190 6
153 202 46
154 180 17
155 188 1
156 169 3
157 153 1
158 200 6
159 197 1
160 150 1
161 188 1
162 197 4
163 173 2
164 168 1
165 203 3
166 166 5
167 209 20
168 190 1
169 187 3
170 188 4
171 161 1
172 155 1
173 204 1
174 220 4
175 200 1
176 190 1
177 188 1
178 200 1
179 197 3
180 209 1
181 202 25
182 188 1
183 192 2
184 168 1
185 188 1
186 153 1
187 153 1
188 188 14
189 225 49
190 187 1
191 206 10
192 226 12
193 220 6
194 187 1
195 225 1
196 220 1
197 216 1
198 218 10
199 243 1
200 202 1
201 231 9
202 205 1
203 239 77
204 225 4
205 202 2
206 224 2
207 239 11
208 222 1
209 236 1
210 243 22
211 230 1
212 231 1
213 202 2
214 235 1
215 180 1
216 212 1
217 222 2
218 231 1
219 231 11
220 220 1
221 245 15
222 257 1
223 225 6
224 222 2
225 225 4
226 254 65
227 263 13
228 270 1
229 258 1
230 224 1
231 220 2
232 280 39
233 260 1
234 247 2
235 247 1
236 274 2
237 284 2
238 252 1
239 274 1
240 284 89
241 280 1
242 273 1
243 252 1
244 270 24
245 263 1
246 231 16
247 247 1
248 279 5
249 264 1
250 270 70
251 298 1
252 223 1
253 249 3
254 270 1
255 249 66
256 280 2
257 264 1
258 289 2
259 273 2
260 233 1
261 281 2
262 298 6
263 281 1
264 306 15
265 299 3
266 317 1
267 293 2
268 284 1
269 317 1
270 290 19
271 318 98
272 270 1
273 290 1
274 261 5
275 306 4
276 280 1
277 293 1
278 317 1
279 255 1
280 269 18
281 306 60
282 322 4
283 317 1
284 322 1
285 311 93
286 306 2
287 318 1
288 316 1
289 335 1
290 307 3
291 325 21
292 322 1
293 298 1
294 279 6
295 341 1
296 298 1
297 299 1
298 311 1
299 280 16
300 279 5
301 322 2
302 341 1
303 346 1
304 279 1
305 311 1
306 298 4
307 346 82
308 311 4
309 273 1
310 298 1
311 266 1
312 0 100
313 298 1
314 0 1
315 323 1
316 330 2
317 341 3
318 360 5
319 352 142
320 293 1
321 341 1
322 323 1
323 359 9
324 305 3
325 335 1
326 318 38
327 346 1
328 285 1
329 293 1
330 348 1
331 318 3
332 300 1
333 318 1
334 325 16
335 373 1
336 360 3
337 359 1
338 315 1
339 354 1
340 353 1
341 0 1
342 0 7
343 316 1
344 360 1
345 358 19
346 354 1
347 360 85
348 353 1
349 333 3
350 366 1
351 333 12
352 344 18
353 0 170
354 373 3
355 365 6
356 371 1
357 354 1
358 0 133
359 352 23
360 368 22
361 357 95
362 359 3
363 359 1
364 366 29
365 352 3
366 359 7
367 357 32
368 351 3
369 363 26
370 411 1
371 354 1
372 357 4
373 357 1
374 379 9
375 368 1
376 367 1
377 358 1
378 366 1
379 401 1
380 351 12
381 351 1
382 348 1
383 405 2
384 352 1
385 364 2
386 363 1
387 361 2
388 351 1
389 0 118
390 0 124
391 0 5
392 354 1
393 350 8
394 350 2
395 0 1
396 389 119
397 0 39
398 350 1
399 373 4
400 395 4
401 407 1
402 371 2
403 382 1
404 358 2
405 386 1
406 396 8
407 388 1
408 395 33
409 367 1
410 363 1
411 368 2
412 442 2
413 403 1
414 414 1
415 407 31
416 388 38
417 414 28
418 389 2
419 399 2
420 379 2
421 395 81
422 396 30
423 399 1
424 424 1
425 392 7
426 398 3
427 425 1
428 384 1
429 389 2
430 393 1
431 388 78
432 410 1
433 390 2
434 390 2
435 421 27
436 416 16
437 405 5
438 421 1
439 416 1
440 415 37
441 424 4
442 428 1
443 416 10
444 440 1
445 417 1
446 421 1
447 433 1
448 430 3
449 442 7
450 414 1
451 432 1
452 430 29
453 440 1
454 430 1
455 448 1
456 463 37
457 419 1
458 439 27
459 425 1
460 440 1
461 424 1
462 418 1
463 434 1
464 420 80
465 469 1
466 434 1
467 434 1
468 434 18
469 480 1
470 439 9
471 485 1
472 430 44
473 436 3
474 490 1
475 484 9
476 434 5
477 436 1
478 435 15
479 448 3
480 448 2
481 489 6
482 451 28
483 447 1
484 526 1
485 457 26
486 474 4
487 481 27
488 474 1
489 484 16
490 455 36
491 485 2
492 469 4
493 479 1
494 463 8
495 480 1
496 525 1
497 447 1
498 505 4
499 474 1
500 489 1
501 472 2
502 471 9
503 469 3
504 463 20
505 471 32
506 477 14
507 471 1
508 517 1
509 500 1
510 480 2
511 478 2
512 518 1
513 475 3
514 463 1
515 520 1
516 471 1
517 463 13
518 493 2
519 488 15
520 480 1
521 505 3
522 501 1
523 467 17
524 535 2
525 475 1
526 518 5
527 518 2
528 474 2
529 493 1
530 505 4
531 493 2
532 486 26
533 522 14
534 501 7
535 489 28
536 518 6
537 529 1
538 531 16
539 493 1
540 497 1
541 491 3
542 512 2
543 505 1
544 525 1
545 493 1
546 505 1
547 522 2
548 502 2
549 497 2
550 503 19
551 520 1
552 510 1
553 509 1
554 525 2
555 504 31
556 530 1
557 534 3
558 554 2
559 533 3
560 554 1
561 554 1
562 516 12
563 537 1
564 523 1
565 532 7
566 554 1
567 554 3
568 527 1
569 532 1
570 529 2
571 535 1
572 556 1
573 554 2
574 534 24
575 554 1
576 546 1
577 537 1
578 533 3
579 541 1
580 573 8
581 535 2
582 531 9
583 554 1
584 553 1
585 532 5
586 549 1
587 572 1
588 547 1
589 549 17
590 537 13
591 548 1
592 610 1
593 540 2
594 558 2
595 564 3
596 556 1
597 561 2
598 554 18
599 596 1
600 581 1
601 566 1
602 561 7
603 557 1
604 561 1
605 597 4
606 566 1
607 608 1
608 569 1
609 579 3
610 561 1
611 589 8
612 577 1
613 580 1
614 573 9
615 613 2
616 610 2
617 564 3
618 588 1
619 624 1
620 577 1
621 608 1
622 610 1
623 584 4
624 573 6
625 579 3
626 604 1
627 597 4
628 581 6
629 589 4
630 581 1
631 593 1
632 588 5
633 610 2
634 597 6
635 588 10
636 579 1
637 610 1
638 628 1
639 594 1
640 634 5
641 614 1
642 634 1
643 592 1
644 594 1
645 631 1
646 633 1
647 597 3
648 601 4
649 613 4
650 634 3
651 615 1
652 633 1
653 613 1
654 627 3
655 631 2
656 613 1
657 604 2
658 623 2
659 601 1
660 633 1
661 601 1
662 631 1
663 626 1
664 616 1
665 633 1
666 626 2
667 624 1
668 639 1
669 632 1
670 616 1
671 656 1
672 622 1
673 623 3
674 628 2
675 653 1
676 627 1
677 622 2
678 657 1
679 627 1
680 654 1
681 647 1
682 639 2
683 672 1
684 648 1
685 633 1
686 639 1
687 653 1
688 647 1
689 681 1
690 695 1
691 676 1
692 646 1
693 647 1
694 673 1
695 649 1
696 648 2
697 646 1
698 672 1
699 665 1
700 649 1
