200
1 0 0
2 28 1
3 34 2
4 34 1
5 28 1
6 34 1
7 34 1
8 28 1
9 24 1
10 28 1
11 38 1
12 49 1
13 13 1
14 49 2
15 34 1
16 2 1
17 55 1
18 47 1
19 49 1
20 28 1
21 28 1
22 34 1
23 50 1
24 28 1
25 62 2
26 47 1
27 34 1
28 62 2
29 66 9
30 49 1
31 49 1
32 66 2
33 65 1
34 65 1
35 66 9
36 49 1
37 73 1
38 28 1
39 70 2
40 31 1
41 66 2
42 27 1
43 65 1
44 75 1
45 48 1
46 40 1
47 47 1
48 66 4
49 78 2
50 76 9
51 69 2
52 66 1
53 58 1
54 62 1
55 73 1
56 73 2
57 69 1
58 66 1
59 66 2
60 65 1
61 79 1
62 49 1
63 0 6
64 73 1
65 75 1
66 79 6
67 0 33
68 66 1
69 0 1
70 89 4
71 76 4
72 66 1
73 70 1
74 99 7
75 65 1
76 99 7
77 0 14
78 80 1
79 0 7
80 0 8
81 106 2
82 78 1
83 0 1
84 78 1
85 0 1
86 99 1
87 0 1
88 106 1
89 0 1
90 0 5
91 75 1
92 73 1
93 99 1
94 106 1
95 75 1
96 0 3
97 78 1
98 78 1
99 75 1
100 0 20
101 99 1
102 0 1
103 0 1
104 0 3
105 106 1
106 0 3
107 112 14
108 0 1
109 0 4
110 103 1
111 75 1
112 0 1
113 0 23
114 0 9
115 99 2
116 0 1
117 0 1
118 0 14
119 112 2
120 0 1
121 106 1
122 113 8
123 106 1
124 112 1
125 112 3
126 106 2
127 95 2
128 108 1
129 121 1
130 0 13
131 106 3
132 0 22
133 106 1
134 117 1
135 103 1
136 121 1
137 105 2
138 129 1
139 114 1
140 121 1
141 108 2
142 117 1
143 118 1
144 112 2
145 121 1
146 117 5
147 126 1
148 121 1
149 121 1
150 131 1
151 117 1
152 117 1
153 131 2
154 129 3
155 117 1
156 121 1
157 129 1
158 117 1
159 168 5
160 136 1
161 117 1
162 131 3
163 117 1
164 129 1
165 130 1
166 124 2
167 125 1
168 168 1
169 131 12
170 168 2
171 129 1
172 145 1
173 129 4
174 131 3
175 129 1
176 130 1
177 168 1
178 152 1
179 161 1
180 158 1
181 143 1
182 173 1
183 145 3
184 182 1
185 140 1
186 173 1
187 153 1
188 161 1
189 153 1
190 172 1
191 168 1
192 168 1
193 158 1
194 182 1
195 172 1
196 158 1
197 172 1
198 158 1
199 169 1
200 165 1
