500
1 0 0
2 104 2
3 96 1
4 48 3
5 35 1
6 48 1
7 66 2
8 6 1
9 72 1
10 66 1
11 111 2
12 3 1
13 1 1
14 40 1
15 62 1
16 78 1
17 62 1
18 10 1
19 29 1
20 90 1
21 88 1
22 90 1
23 25 1
24 96 1
25 111 1
26 96 2
27 40 1
28 3 1
29 111 1
30 48 2
31 96 1
32 117 1
33 40 1
34 48 1
35 48 1
36 116 2
37 134 1
38 66 1
39 116 1
40 117 1
41 96 4
42 96 1
43 48 2
44 114 1
45 96 1
46 96 1
47 100 1
48 96 1
49 157 18
50 48 1
51 48 1
52 125 1
53 156 1
54 48 1
55 66 1
56 100 1
57 90 1
58 48 1
59 116 1
60 96 1
61 108 1
62 162 1
63 166 3
64 48 1
65 156 1
66 90 1
67 165 7
68 144 1
69 166 1
70 111 1
71 96 1
72 42 1
73 116 2
74 48 1
75 149 1
76 96 1
77 48 1
78 88 1
79 146 2
80 110 1
81 66 1
82 83 1
83 133 1
84 111 2
85 116 1
86 165 1
87 165 1
88 96 1
89 157 5
90 165 1
91 96 5
92 146 1
93 111 1
94 116 1
95 117 1
96 152 1
97 157 26
98 133 1
99 96 1
100 96 1
101 173 3
102 165 1
103 165 1
104 104 1
105 157 4
106 157 1
107 157 1
108 96 1
109 157 2
110 139 1
111 111 2
112 157 13
113 157 1
114 88 1
115 152 2
116 157 1
117 157 10
118 202 5
119 157 1
120 111 1
121 111 1
122 117 1
123 157 1
124 88 1
125 152 1
126 173 2
127 171 1
128 160 1
129 156 1
130 162 1
131 157 1
132 157 1
133 156 1
134 157 3
135 157 2
136 157 1
137 171 1
138 157 1
139 157 1
140 157 2
141 163 1
142 157 1
143 230 1
144 157 1
145 158 2
146 157 1
147 157 4
148 167 1
149 170 1
150 166 2
151 157 1
152 153 1
153 157 6
154 202 2
155 165 1
156 157 1
157 198 7
158 0 118
159 0 3
160 191 1
161 190 3
162 157 1
163 0 3
164 157 2
165 157 1
166 211 15
167 0 7
168 211 2
169 190 1
170 188 1
171 211 2
172 187 3
173 190 1
174 205 10
175 157 1
176 116 1
177 156 1
178 157 1
179 212 2
180 198 1
181 191 1
182 187 1
183 185 1
184 152 1
185 202 1
186 187 2
187 211 1
188 0 10
189 0 6
190 229 1
191 0 7
192 212 4
193 190 1
194 0 1
195 211 1
196 202 1
197 0 1
198 173 1
199 0 10
200 211 2
201 205 1
202 187 1
203 222 10
204 0 1
205 0 1
206 0 16
207 0 1
208 0 1
209 0 1
210 0 1
211 160 1
212 0 36
213 0 19
214 212 1
215 178 1
216 217 1
217 187 1
218 276 3
219 173 1
220 188 1
221 156 1
222 173 1
223 0 18
224 0 1
225 222 1
226 212 5
227 262 1
228 0 9
229 0 1
230 222 2
231 274 9
232 187 1
233 222 2
234 191 1
235 211 9
236 199 1
237 0 1
238 261 1
239 0 1
240 0 1
241 234 1
242 0 18
243 198 1
244 0 2
245 0 1
246 211 2
247 212 1
248 173 1
249 217 1
250 0 1
251 0 1
252 0 2
253 289 2
254 259 4
255 205 1
256 225 1
257 0 6
258 241 2
259 225 1
260 0 8
261 205 1
262 0 2
263 188 3
264 165 1
265 276 4
266 241 2
267 0 4
268 0 1
269 0 1
270 234 1
271 0 1
272 211 1
273 276 3
274 0 3
275 0 24
276 0 1
277 0 27
278 0 1
279 0 1
280 0 1
281 212 2
282 212 2
283 205 1
284 289 1
285 230 1
286 276 1
287 212 1
288 227 2
289 234 1
290 0 18
291 252 1
292 222 1
293 230 1
294 230 1
295 232 1
296 225 1
297 0 6
298 227 1
299 253 1
300 241 4
301 253 1
302 259 3
303 251 1
304 0 1
305 234 1
306 0 3
307 0 9
308 205 1
309 0 2
310 0 6
311 0 9
312 274 6
313 227 1
314 266 3
315 225 1
316 0 5
317 326 1
318 227 1
319 222 1
320 230 1
321 234 1
322 230 1
323 234 1
324 227 3
325 262 1
326 234 1
327 276 3
328 241 4
329 0 1
330 230 1
331 230 1
332 234 1
333 274 1
334 245 1
335 241 1
336 257 1
337 276 7
338 0 18
339 241 1
340 241 1
341 264 1
342 241 2
343 243 1
344 256 1
345 289 10
346 253 1
347 0 14
348 264 1
349 264 1
350 274 6
351 256 2
352 256 2
353 311 1
354 265 1
355 276 2
356 274 1
357 280 1
358 0 13
359 0 13
360 299 1
361 272 2
362 281 1
363 327 1
364 276 3
365 337 1
366 273 2
367 306 1
368 287 1
369 308 1
370 309 2
371 315 4
372 336 3
373 310 4
374 301 1
375 289 4
376 299 1
377 344 1
378 301 1
379 296 1
380 296 1
381 306 1
382 310 4
383 344 1
384 299 1
385 337 6
386 313 1
387 296 3
388 309 3
389 306 5
390 311 2
391 306 1
392 313 1
393 305 2
394 337 2
395 311 2
396 323 1
397 346 1
398 344 4
399 384 1
400 337 1
401 357 5
402 346 3
403 381 1
404 336 1
405 337 5
406 344 1
407 384 1
408 346 1
409 346 2
410 344 1
411 344 1
412 337 1
413 327 1
414 323 1
415 326 1
416 357 1
417 346 1
418 346 2
419 349 2
420 346 1
421 346 1
422 327 1
423 336 1
424 346 1
425 358 4
426 358 7
427 336 1
428 337 1
429 358 1
430 351 1
431 341 1
432 357 1
433 349 2
434 349 1
435 350 1
436 357 1
437 354 1
438 357 1
439 357 1
440 372 1
441 365 1
442 384 1
443 357 1
444 360 1
445 363 1
446 374 1
447 357 1
448 372 1
449 363 1
450 388 1
451 370 2
452 389 1
453 371 1
454 374 1
455 425 1
456 370 1
457 462 1
458 384 1
459 381 1
460 369 1
461 374 1
462 372 1
463 397 2
464 400 1
465 386 1
466 381 1
467 371 1
468 425 1
469 424 1
470 425 1
471 388 1
472 388 1
473 425 1
474 386 1
475 392 1
476 384 1
477 425 1
478 387 1
479 397 1
480 387 1
481 388 1
482 450 1
483 400 1
484 394 1
485 408 1
486 404 1
487 424 1
488 400 1
489 404 1
490 425 1
491 400 1
492 393 1
493 432 1
494 424 1
495 404 1
496 404 1
497 401 1
498 401 1
499 418 1
500 417 1
