200
1 0 0
2 22 1
3 3 1
4 29 2
5 8 1
6 32 1
7 28 1
8 35 2
9 29 2
10 35 1
11 29 1
12 28 2
13 29 1
14 7 1
15 21 1
16 42 1
17 35 1
18 11 1
19 34 1
20 28 1
21 58 1
22 35 3
23 49 2
24 49 1
25 21 1
26 42 1
27 50 1
28 34 1
29 58 6
30 58 8
31 58 1
32 28 1
33 58 2
34 50 1
35 58 3
36 58 8
37 49 1
38 42 1
39 58 1
40 29 1
41 58 1
42 52 1
43 52 4
44 58 1
45 58 1
46 68 1
47 58 1
48 58 1
49 58 1
50 70 5
51 65 3
52 54 1
53 58 8
54 68 1
55 82 2
56 58 1
57 65 1
58 58 1
59 0 50
60 69 1
61 52 2
62 60 1
63 58 1
64 58 1
65 58 1
66 74 5
67 0 1
68 0 1
69 0 11
70 0 2
71 68 7
72 0 6
73 82 1
74 68 1
75 0 7
76 0 1
77 79 1
78 0 1
79 0 1
80 82 3
81 74 1
82 0 1
83 0 14
84 79 1
85 93 1
86 0 1
87 110 1
88 0 1
89 110 2
90 0 1
91 0 1
92 0 3
93 0 1
94 110 2
95 0 1
96 0 1
97 82 1
98 0 1
99 110 2
100 71 5
101 82 5
102 98 1
103 0 4
104 70 1
105 82 1
106 0 1
107 100 1
108 110 2
109 110 1
110 110 1
111 0 36
112 0 4
113 100 1
114 88 1
115 110 4
116 91 2
117 0 6
118 119 1
119 114 1
120 0 26
121 116 2
122 99 1
123 99 1
124 100 1
125 0 6
126 127 1
127 119 1
128 110 8
129 110 4
130 0 9
131 99 2
132 119 3
133 110 1
134 100 1
135 115 1
136 119 1
137 119 2
138 119 10
139 130 1
140 102 2
141 119 1
142 102 1
143 137 2
144 119 3
145 107 1
146 111 3
147 110 7
148 119 3
149 137 1
150 116 2
151 129 1
152 114 2
153 136 1
154 120 1
155 116 1
156 129 1
157 137 1
158 124 4
159 124 1
160 127 1
161 137 1
162 131 1
163 127 2
164 128 2
165 129 1
166 127 1
167 129 1
168 137 1
169 129 1
170 129 1
171 127 1
172 137 2
173 146 2
174 128 1
175 131 1
176 129 1
177 129 1
178 127 1
179 162 1
180 149 1
181 139 1
182 143 1
183 145 1
184 137 1
185 146 1
186 163 1
187 171 1
188 151 1
189 142 1
190 145 1
191 147 1
192 143 1
193 147 1
194 146 2
195 146 1
196 172 1
197 157 1
198 193 1
199 199 1
200 157 2
