300
1 0 0
2 47 1
3 40 1
4 58 1
5 60 1
6 40 1
7 67 2
8 40 1
9 58 1
10 37 1
11 64 3
12 55 1
13 64 1
14 37 1
15 16 1
16 47 1
17 56 2
18 37 1
19 47 1
20 10 1
21 47 1
22 63 2
23 49 1
24 21 1
25 59 1
26 56 1
27 40 1
28 10 1
29 78 1
30 40 1
31 40 1
32 44 1
33 47 1
34 54 1
35 49 1
36 56 1
37 56 1
38 56 4
39 6 1
40 56 1
41 64 7
42 47 1
43 56 1
44 44 1
45 64 3
46 49 1
47 58 1
48 96 8
49 56 1
50 63 4
51 63 1
52 47 1
53 55 1
54 55 1
55 96 2
56 89 7
57 97 13
58 55 1
59 77 4
60 97 2
61 92 2
62 55 1
63 96 1
64 97 9
65 97 16
66 64 1
67 96 1
68 96 3
69 55 1
70 96 2
71 96 1
72 63 1
73 78 1
74 95 1
75 96 1
76 97 1
77 89 1
78 96 5
79 95 3
80 95 1
81 84 1
82 89 1
83 89 1
84 69 1
85 89 2
86 95 1
87 97 1
88 96 1
89 89 1
90 115 17
91 130 1
92 89 1
93 122 3
94 97 1
95 97 1
96 134 7
97 0 28
98 0 45
99 96 1
100 118 1
101 115 1
102 96 1
103 0 1
104 89 1
105 115 1
106 0 1
107 0 1
108 122 1
109 127 3
110 108 1
111 0 1
112 130 1
113 140 1
114 122 1
115 130 1
116 0 20
117 134 1
118 140 1
119 122 2
120 143 1
121 0 2
122 128 1
123 0 10
124 0 1
125 122 1
126 140 1
127 89 1
128 0 19
129 127 4
130 0 1
131 134 10
132 0 1
133 0 1
134 130 1
135 0 30
136 134 1
137 130 1
138 0 1
139 130 1
140 146 1
141 127 4
142 108 1
143 122 1
144 127 2
145 130 1
146 127 1
147 0 3
148 0 1
149 127 1
150 165 1
151 127 1
152 0 4
153 0 3
154 0 6
155 0 1
156 130 1
157 0 1
158 134 3
159 0 1
160 0 1
161 0 1
162 130 1
163 127 2
164 120 1
165 128 1
166 153 3
167 0 1
168 128 1
169 0 10
170 0 4
171 0 2
172 0 6
173 0 1
174 134 2
175 198 1
176 197 1
177 153 2
178 0 2
179 0 14
180 134 1
181 168 2
182 171 2
183 134 4
184 151 1
185 197 3
186 0 3
187 180 1
188 0 6
189 0 7
190 146 1
191 194 1
192 0 2
193 184 2
194 168 1
195 0 4
196 0 18
197 0 3
198 0 26
199 168 3
200 191 1
201 0 1
202 0 4
203 152 2
204 157 2
205 169 2
206 187 3
207 169 1
208 151 2
209 207 1
210 171 3
211 168 1
212 219 1
213 162 1
214 168 2
215 165 1
216 197 8
217 177 1
218 197 4
219 176 1
220 178 6
221 178 4
222 195 7
223 170 1
224 178 2
225 219 1
226 185 1
227 173 1
228 197 6
229 185 1
230 195 2
231 221 2
232 178 1
233 181 1
234 188 6
235 192 1
236 195 1
237 182 2
238 187 1
239 187 1
240 182 1
241 198 1
242 209 1
243 195 6
244 215 4
245 195 1
246 197 1
247 219 1
248 196 2
249 202 1
250 197 2
251 221 1
252 205 1
253 194 1
254 205 1
255 194 1
256 203 1
257 209 1
258 242 1
259 219 1
260 215 1
261 229 1
262 242 1
263 201 1
264 201 1
265 223 1
266 201 1
267 219 1
268 204 1
269 217 1
270 215 1
271 227 1
272 213 1
273 217 1
274 242 1
275 215 1
276 221 1
277 217 1
278 220 1
279 227 1
280 221 1
281 220 1
282 247 1
283 221 1
284 243 1
285 220 1
286 227 1
287 230 1
288 227 1
289 227 1
290 242 1
291 233 1
292 233 1
293 233 1
294 233 1
295 243 1
296 243 1
297 242 1
298 236 1
299 249 1
300 233 1
