100
1 0 0
2 52 3
3 11 2
4 77 1
5 92 10
6 0 8
7 4 2
8 89 3
9 4 3
10 84 1
11 46 1
12 0 10
13 45 1
14 4 1
15 89 1
16 42 1
17 8 1
18 1 1
19 7 1
20 75 1
21 11 2
22 80 2
23 5 1
24 51 1
25 0 10
26 71 1
27 0 3
28 84 1
29 89 1
30 5 1
31 26 2
32 0 3
33 80 2
34 11 3
35 80 2
36 0 1
37 52 1
38 0 1
39 0 11
40 68 1
41 31 2
42 34 1
43 80 3
44 70 1
45 20 1
46 24 2
47 24 3
48 46 1
49 40 1
50 5 1
51 94 1
52 24 3
53 74 5
54 84 1
55 51 1
56 0 1
57 4 1
58 32 1
59 0 1
60 5 1
61 6 1
62 30 1
63 80 3
64 33 1
65 38 1
66 62 1
67 4 2
68 24 1
69 74 2
70 5 1
71 80 3
72 88 2
73 8 1
74 42 1
75 0 8
76 38 2
77 89 1
78 11 2
79 0 1
80 80 1
81 0 26
82 5 1
83 1 1
84 21 1
85 38 4
86 33 1
87 62 1
88 2 1
89 0 3
90 80 9
91 91 1
92 38 3
93 0 11
94 7 1
95 89 2
96 91 1
97 70 1
98 5 1
99 66 1
100 0 1
