700
1 0 0
2 17 1
3 33 1
4 22 1
5 46 1
6 47 2
7 63 1
8 5 1
9 46 1
10 64 1
11 41 1
12 61 1
13 30 1
14 23 1
15 64 1
16 23 1
17 47 1
18 63 3
19 17 1
20 30 1
21 47 1
22 73 1
23 56 2
24 47 3
25 61 1
26 33 2
27 48 1
28 63 1
29 68 1
30 41 1
31 82 3
32 83 1
33 61 1
34 63 4
35 57 1
36 65 1
37 74 1
38 57 1
39 25 1
40 65 1
41 61 1
42 73 4
43 80 1
44 41 1
45 71 1
46 84 1
47 79 4
48 86 8
49 99 3
50 74 1
51 56 1
52 86 1
53 61 1
54 73 1
55 48 1
56 61 1
57 100 4
58 99 3
59 82 1
60 107 1
61 104 1
62 104 7
63 104 1
64 105 10
65 94 3
66 84 4
67 46 1
68 71 1
69 97 2
70 95 1
71 79 1
72 107 3
73 86 1
74 111 7
75 84 3
76 110 1
77 97 1
78 97 1
79 65 1
80 111 6
81 112 2
82 110 1
83 108 5
84 100 2
85 104 9
86 86 1
87 132 12
88 89 1
89 138 1
90 107 2
91 105 1
92 122 1
93 104 1
94 105 1
95 100 4
96 122 2
97 108 1
98 115 5
99 108 1
100 142 7
101 127 11
102 142 1
103 104 1
104 142 1
105 156 21
106 146 13
107 111 1
108 144 7
109 134 8
110 158 1
111 138 4
112 162 15
113 146 3
114 141 1
115 144 1
116 157 6
117 142 1
118 146 1
119 158 1
120 158 1
121 127 1
122 160 1
123 150 4
124 146 1
125 147 1
126 177 1
127 110 1
128 150 13
129 158 1
130 162 1
131 160 1
132 151 1
133 168 13
134 138 1
135 157 9
136 184 1
137 146 1
138 150 1
139 144 7
140 157 1
141 153 1
142 192 2
143 180 11
144 157 1
145 180 22
146 151 1
147 185 20
148 191 2
149 180 1
150 173 1
151 185 19
152 144 6
153 199 1
154 204 2
155 208 1
156 185 1
157 192 24
158 215 19
159 175 5
160 175 1
161 195 3
162 162 1
163 213 18
164 190 1
165 185 1
166 157 1
167 151 1
168 184 1
169 184 15
170 172 1
171 207 1
172 190 1
173 156 2
174 188 3
175 151 1
176 200 7
177 213 3
178 176 2
179 184 1
180 192 1
181 218 35
182 184 1
183 208 1
184 168 1
185 234 20
186 243 42
187 204 1
188 215 1
189 220 10
190 151 1
191 239 3
192 239 3
193 243 29
194 192 1
195 231 1
196 222 4
197 206 1
198 215 1
199 234 1
200 214 2
201 241 8
202 207 1
203 224 1
204 223 1
205 251 4
206 251 1
207 216 5
208 188 3
209 239 3
210 235 1
211 188 1
212 173 1
213 224 1
214 249 22
215 259 3
216 239 22
217 218 6
218 249 1
219 222 43
220 259 1
221 230 16
222 218 1
223 250 48
224 206 2
225 264 4
226 242 1
227 188 1
228 253 1
229 259 1
230 251 1
231 277 25
232 250 2
233 259 1
234 220 4
235 260 22
236 251 2
237 188 1
238 224 1
239 280 1
240 257 32
241 242 1
242 283 9
243 255 4
244 283 72
245 206 1
246 220 1
247 285 1
248 233 2
249 261 1
250 289 24
251 289 51
252 269 9
253 289 1
254 291 2
255 272 4
256 230 5
257 242 1
258 275 33
259 267 1
260 280 14
261 262 23
262 299 2
263 302 25
264 230 2
265 280 7
266 233 1
267 230 1
268 259 3
269 272 2
270 291 10
271 310 1
272 247 1
273 310 7
274 264 2
275 262 1
276 302 34
277 283 1
278 286 29
279 302 1
280 263 1
281 291 36
282 322 1
283 306 1
284 323 83
285 309 1
286 287 3
287 289 30
288 259 4
289 267 1
290 320 107
291 280 3
292 312 49
293 254 3
294 273 1
295 280 10
296 300 1
297 285 1
298 306 1
299 309 1
300 323 3
301 333 2
302 333 1
303 342 64
304 268 1
305 302 1
306 292 1
307 294 3
308 292 1
309 327 1
310 277 3
311 328 9
312 302 1
313 333 50
314 332 2
315 345 1
316 327 1
317 345 1
318 302 1
319 328 1
320 313 1
321 344 108
322 324 2
323 346 2
324 0 87
325 342 3
326 294 2
327 341 1
328 363 3
329 353 11
330 325 1
331 294 1
332 290 2
333 338 3
334 338 55
335 294 3
336 321 1
337 338 2
338 353 1
339 342 231
340 341 1
341 338 49
342 344 86
343 0 299
344 331 1
345 0 313
346 368 3
347 358 3
348 386 1
349 341 78
350 358 1
351 351 1
352 334 2
353 333 1
354 358 13
355 357 1
356 344 1
357 361 5
358 338 7
359 348 19
360 341 4
361 370 1
362 340 48
363 344 31
364 368 4
365 365 2
366 357 3
367 384 18
368 361 18
369 393 10
370 344 86
371 381 2
372 384 1
373 368 1
374 338 31
375 368 1
376 338 82
377 361 1
378 336 1
379 338 1
380 362 22
381 410 1
382 390 12
383 356 4
384 341 1
385 348 58
386 366 17
387 382 2
388 373 1
389 381 2
390 440 1
391 392 13
392 357 1
393 367 17
394 385 13
395 361 2
396 357 1
397 420 1
398 369 57
399 361 21
400 393 1
401 385 3
402 411 1
403 362 1
404 358 1
405 373 1
406 382 1
407 369 28
408 381 1
409 373 7
410 359 1
411 400 2
412 375 81
413 359 1
414 373 1
415 419 1
416 359 1
417 392 1
418 425 1
419 362 7
420 381 6
421 446 3
422 438 1
423 364 1
424 384 33
425 446 1
426 373 20
427 384 1
428 388 1
429 393 1
430 420 1
431 384 4
432 379 21
433 406 1
434 397 4
435 419 2
436 408 6
437 441 7
438 394 1
439 398 3
440 397 1
441 436 6
442 398 17
443 419 1
444 411 1
445 425 1
446 397 1
447 454 10
448 406 17
449 449 1
450 392 2
451 430 2
452 450 1
453 425 4
454 446 1
455 423 11
456 446 4
457 397 47
458 397 3
459 423 1
460 406 9
461 418 3
462 411 78
463 457 1
464 431 1
465 430 1
466 425 1
467 440 4
468 419 1
469 441 9
470 459 8
471 461 1
472 461 2
473 418 3
474 433 2
475 425 12
476 435 5
477 431 18
478 433 1
479 423 20
480 468 8
481 472 1
482 431 1
483 461 53
484 461 4
485 461 1
486 438 1
487 476 17
488 434 1
489 482 1
490 460 1
491 447 16
492 455 3
493 456 22
494 452 3
495 472 1
496 482 28
497 474 1
498 457 1
499 456 24
500 461 16
501 466 2
502 466 1
503 479 7
504 523 1
505 469 6
506 474 10
507 491 1
508 460 1
509 486 16
510 482 3
511 469 1
512 544 1
513 475 4
514 502 1
515 471 1
516 478 17
517 478 1
518 482 19
519 478 1
520 502 4
521 483 3
522 473 1
523 498 1
524 508 4
525 519 1
526 493 2
527 490 2
528 490 1
529 490 1
530 490 1
531 491 1
532 482 1
533 502 1
534 490 10
535 554 1
536 492 21
537 500 1
538 509 1
539 544 2
540 509 1
541 520 2
542 512 1
543 499 3
544 523 1
545 508 11
546 504 1
547 566 1
548 499 12
549 495 27
550 519 1
551 498 22
552 540 1
553 505 9
554 504 4
555 512 2
556 562 1
557 519 1
558 535 2
559 523 1
560 515 11
561 535 1
562 515 5
563 535 17
564 542 1
565 550 1
566 517 18
567 548 11
568 547 1
569 525 1
570 526 1
571 538 1
572 550 8
573 559 8
574 542 1
575 550 4
576 550 1
577 533 9
578 547 4
579 586 1
580 547 1
581 561 3
582 544 7
583 550 7
584 562 1
585 557 1
586 548 14
587 566 7
588 565 3
589 548 1
590 547 5
591 553 3
592 562 11
593 565 8
594 581 2
595 552 2
596 571 5
597 552 6
598 566 2
599 581 1
600 592 7
601 562 3
602 565 4
603 576 7
604 577 1
605 561 1
606 572 1
607 559 2
608 576 1
609 585 1
610 574 3
611 580 2
612 565 2
613 585 1
614 577 1
615 572 3
616 571 1
617 591 6
618 626 1
619 571 1
620 585 1
621 591 4
622 593 1
623 599 2
624 585 1
625 577 1
626 581 2
627 586 5
628 589 1
629 589 3
630 581 1
631 622 1
632 572 3
633 585 1
634 595 3
635 599 2
636 594 1
637 601 3
638 590 2
639 597 1
640 585 8
641 596 1
642 602 4
643 582 5
644 595 1
645 582 1
646 596 1
647 596 2
648 587 2
649 599 2
650 600 1
651 602 1
652 610 1
653 596 1
654 616 3
655 600 1
656 602 1
657 616 1
658 637 1
659 609 2
660 611 1
661 625 1
662 606 1
663 620 3
664 639 1
665 628 1
666 616 1
667 614 1
668 653 2
669 648 1
670 636 1
671 614 1
672 628 1
673 631 1
674 626 2
675 639 3
676 641 1
677 642 1
678 633 1
679 642 1
680 626 1
681 642 2
682 636 1
683 631 1
684 662 1
685 634 1
686 646 1
687 633 1
688 673 1
689 639 1
690 639 1
691 674 1
692 639 1
693 641 1
694 674 1
695 647 1
696 641 1
697 662 1
698 667 1
699 680 1
700 658 1
