300
1 0 0
2 21 1
3 38 2
4 9 1
5 36 1
6 31 1
7 38 1
8 21 1
9 28 1
10 48 2
11 42 1
12 2 1
13 36 1
14 31 1
15 40 1
16 43 1
17 44 1
18 21 1
19 38 1
20 28 1
21 38 1
22 52 4
23 45 1
24 49 1
25 56 1
26 45 2
27 44 1
28 53 1
29 61 3
30 38 1
31 25 1
32 45 3
33 48 1
34 52 1
35 43 1
36 52 1
37 67 3
38 64 1
39 51 7
40 51 3
41 39 2
42 52 1
43 64 2
44 52 3
45 52 3
46 64 7
47 51 1
48 65 1
49 64 4
50 64 2
51 52 1
52 82 12
53 85 15
54 82 2
55 82 1
56 81 1
57 81 2
58 65 1
59 83 1
60 85 1
61 78 1
62 97 4
63 83 1
64 97 1
65 100 18
66 66 3
67 88 4
68 96 4
69 101 1
70 82 1
71 95 1
72 64 1
73 81 1
74 95 2
75 73 1
76 78 1
77 81 1
78 87 1
79 115 3
80 88 1
81 104 1
82 97 7
83 103 19
84 120 3
85 104 1
86 127 17
87 81 1
88 114 2
89 120 7
90 82 1
91 88 1
92 82 1
93 105 1
94 120 1
95 105 1
96 119 4
97 132 5
98 134 13
99 124 1
100 105 1
101 130 19
102 134 4
103 134 1
104 135 20
105 115 3
106 128 4
107 128 1
108 130 1
109 135 1
110 101 1
111 119 2
112 133 1
113 101 1
114 120 2
115 133 3
116 119 9
117 130 2
118 134 1
119 134 1
120 130 17
121 147 19
122 115 1
123 115 1
124 137 1
125 131 2
126 116 1
127 128 1
128 147 18
129 152 16
130 110 1
131 147 41
132 120 5
133 128 9
134 134 5
135 136 26
136 0 22
137 156 28
138 132 2
139 132 1
140 152 1
141 113 1
142 130 1
143 136 1
144 159 1
145 131 2
146 153 1
147 165 1
148 0 79
149 119 1
150 160 1
151 0 1
152 152 8
153 156 27
154 151 7
155 144 1
156 0 1
157 0 74
158 0 1
159 165 1
160 180 2
161 174 7
162 0 1
163 172 1
164 0 2
165 0 19
166 153 3
167 156 15
168 0 34
169 0 2
170 152 1
171 166 12
172 153 2
173 183 2
174 0 5
175 167 31
176 184 1
177 156 1
178 184 1
179 160 1
180 160 4
181 174 22
182 163 1
183 0 1
184 180 19
185 170 11
186 188 2
187 179 1
188 166 1
189 0 22
190 184 1
191 183 1
192 164 15
193 164 1
194 0 35
195 156 1
196 179 1
197 173 1
198 156 1
199 183 2
200 167 1
201 179 1
202 166 1
203 167 1
204 164 1
205 173 1
206 193 1
207 171 1
208 164 1
209 184 2
210 185 1
211 168 1
212 174 1
213 183 8
214 193 14
215 184 2
216 184 1
217 173 2
218 188 1
219 183 4
220 183 1
221 198 1
222 193 19
223 214 1
224 188 17
225 184 2
226 188 1
227 213 9
228 191 14
229 216 1
230 221 13
231 213 1
232 223 16
233 212 1
234 208 1
235 235 1
236 240 5
237 212 2
238 213 3
239 212 4
240 218 1
241 231 6
242 218 2
243 231 7
244 224 1
245 227 12
246 229 12
247 227 1
248 221 5
249 241 1
250 238 1
251 254 1
252 226 2
253 226 6
254 238 1
255 235 3
256 231 2
257 254 1
258 244 9
259 265 2
260 265 1
261 242 1
262 275 2
263 252 3
264 236 1
265 238 1
266 245 4
267 237 2
268 247 4
269 261 1
270 252 1
271 244 2
272 242 5
273 252 1
274 257 1
275 251 1
276 257 6
277 245 7
278 276 6
279 267 1
280 267 1
281 275 1
282 255 1
283 270 1
284 266 1
285 291 1
286 258 1
287 262 1
288 275 1
289 257 1
290 262 1
291 292 1
292 271 3
293 277 2
294 271 1
295 291 1
296 267 1
297 277 1
298 277 1
299 275 1
300 277 1
