700
1 0 0
2 5 1
3 59 1
4 49 1
5 56 1
6 45 2
7 40 1
8 50 2
9 48 1
10 39 1
11 56 1
12 7 1
13 56 1
14 41 1
15 50 1
16 48 1
17 30 1
18 52 1
19 56 2
20 47 1
21 40 1
22 55 1
23 62 1
24 18 1
25 50 1
26 50 1
27 50 1
28 49 1
29 44 1
30 50 1
31 69 2
32 70 1
33 70 1
34 48 1
35 44 1
36 68 1
37 49 1
38 61 1
39 50 1
40 62 2
41 48 3
42 89 2
43 89 1
44 80 1
45 89 3
46 48 3
47 70 1
48 67 2
49 81 12
50 79 4
51 83 9
52 48 1
53 101 3
54 48 1
55 86 1
56 79 2
57 100 6
58 79 1
59 101 1
60 95 2
61 67 1
62 107 2
63 89 4
64 114 1
65 114 1
66 76 2
67 65 1
68 97 4
69 99 2
70 123 3
71 120 4
72 83 2
73 95 1
74 52 1
75 83 1
76 100 1
77 114 3
78 83 1
79 71 1
80 107 8
81 99 2
82 124 13
83 107 1
84 100 15
85 119 1
86 117 1
87 122 2
88 119 1
89 107 1
90 134 11
91 83 1
92 134 1
93 125 1
94 117 1
95 100 1
96 100 4
97 128 1
98 131 5
99 106 1
100 132 7
101 144 29
102 147 5
103 107 1
104 138 1
105 100 1
106 99 1
107 138 2
108 155 15
109 133 1
110 99 1
111 155 1
112 107 1
113 144 1
114 155 1
115 135 6
116 144 1
117 138 1
118 158 3
119 124 1
120 133 3
121 170 6
122 158 1
123 170 3
124 174 4
125 178 15
126 153 2
127 129 1
128 132 1
129 161 2
130 170 2
131 131 1
132 156 7
133 171 9
134 180 9
135 176 13
136 176 7
137 151 1
138 153 1
139 176 5
140 176 1
141 156 1
142 133 1
143 133 1
144 176 1
145 190 32
146 153 1
147 183 1
148 192 6
149 189 1
150 165 1
151 120 1
152 170 3
153 159 1
154 182 5
155 189 1
156 197 18
157 165 9
158 178 1
159 195 5
160 133 2
161 182 1
162 197 3
163 197 2
164 151 1
165 197 1
166 190 11
167 173 1
168 162 1
169 195 1
170 205 1
171 195 15
172 200 10
173 206 1
174 190 2
175 200 5
176 209 1
177 196 28
178 190 1
179 220 17
180 195 1
181 189 11
182 216 1
183 200 7
184 217 2
185 217 1
186 190 1
187 180 1
188 214 1
189 220 1
190 218 14
191 216 48
192 200 1
193 234 7
194 217 1
195 237 1
196 231 23
197 231 29
198 211 26
199 215 1
200 228 1
201 240 27
202 200 3
203 231 1
204 197 1
205 209 1
206 211 2
207 231 3
208 231 1
209 237 1
210 233 4
211 223 1
212 219 30
213 206 1
214 231 1
215 201 2
216 236 2
217 245 50
218 253 6
219 256 15
220 232 31
221 256 19
222 217 1
223 232 1
224 227 2
225 245 1
226 256 1
227 238 9
228 256 3
229 257 2
230 253 1
231 253 1
232 270 59
233 270 33
234 226 8
235 253 8
236 255 3
237 256 3
238 271 3
239 253 10
240 244 1
241 253 31
242 270 1
243 211 1
244 233 1
245 235 2
246 295 52
247 261 1
248 233 2
249 270 1
250 209 1
251 261 1
252 256 1
253 295 2
254 279 58
255 247 1
256 288 4
257 271 48
258 307 3
259 306 1
260 240 2
261 256 4
262 295 3
263 240 1
264 308 1
265 260 3
266 271 1
267 270 1
268 295 73
269 275 3
270 287 1
271 300 96
272 273 54
273 300 1
274 294 55
275 256 1
276 288 4
277 326 1
278 279 1
279 252 1
280 267 70
281 268 1
282 259 1
283 300 1
284 271 1
285 300 1
286 300 1
287 268 1
288 267 2
289 305 9
290 306 1
291 264 2
292 299 1
293 301 3
294 301 1
295 326 56
296 300 132
297 301 1
298 295 1
299 279 10
300 292 2
301 0 235
302 298 9
303 311 2
304 322 1
305 306 1
306 314 11
307 308 4
308 308 4
309 315 53
310 319 2
311 0 1
312 339 3
313 341 1
314 0 1
315 308 12
316 326 54
317 300 1
318 300 1
319 345 2
320 331 10
321 302 1
322 290 1
323 338 2
324 308 1
325 0 1
326 330 1
327 0 112
328 341 1
329 0 1
330 301 1
331 301 2
332 332 19
333 334 22
334 339 4
335 308 30
336 0 2
337 305 1
338 334 7
339 333 3
340 0 93
341 0 1
342 339 85
343 335 1
344 371 1
345 319 1
346 319 5
347 0 1
348 341 82
349 355 1
350 309 1
351 0 2
352 318 1
353 383 1
354 356 1
355 0 2
356 331 8
357 370 3
358 347 53
359 371 2
360 0 96
361 332 1
362 383 22
363 358 1
364 319 1
365 0 1
366 0 1
367 345 1
368 0 4
369 0 1
370 0 1
371 361 21
372 378 23
373 355 3
374 0 143
375 355 1
376 345 1
377 337 6
378 332 1
379 357 52
380 350 1
381 400 2
382 393 1
383 356 1
384 359 95
385 378 1
386 367 1
387 378 1
388 355 1
389 347 28
390 367 2
391 370 17
392 383 71
393 355 1
394 396 2
395 401 1
396 390 2
397 376 5
398 416 1
399 380 1
400 354 1
401 371 14
402 396 2
403 378 1
404 378 1
405 373 63
406 378 19
407 372 2
408 395 1
409 390 12
410 378 5
411 390 1
412 373 79
413 400 1
414 371 5
415 443 1
416 417 2
417 391 58
418 408 11
419 391 12
420 418 1
421 438 1
422 411 1
423 406 1
424 400 8
425 390 1
426 400 1
427 389 1
428 417 1
429 431 1
430 400 1
431 413 1
432 455 9
433 388 27
434 409 4
435 431 1
436 417 6
437 423 6
438 415 1
439 405 18
440 418 1
441 404 60
442 418 4
443 404 1
444 432 16
445 423 1
446 411 77
447 404 1
448 432 4
449 418 3
450 431 1
451 417 1
452 443 14
453 418 2
454 416 56
455 413 1
456 453 31
457 459 1
458 431 5
459 436 5
460 432 6
461 459 1
462 511 1
463 413 1
464 433 3
465 435 4
466 445 1
467 413 1
468 451 1
469 484 1
470 451 1
471 438 1
472 440 3
473 487 1
474 447 1
475 490 1
476 438 15
477 464 1
478 457 2
479 440 56
480 457 1
481 505 5
482 445 75
483 521 1
484 435 1
485 501 3
486 521 1
487 459 1
488 441 3
489 453 24
490 459 1
491 451 2
492 478 1
493 447 1
494 477 1
495 478 8
496 451 9
497 455 20
498 448 1
499 447 1
500 458 3
501 505 2
502 478 42
503 463 2
504 464 1
505 448 1
506 488 8
507 455 1
508 484 1
509 496 1
510 452 1
511 459 1
512 480 4
513 496 18
514 457 1
515 481 31
516 458 1
517 464 1
518 552 1
519 488 1
520 511 1
521 488 1
522 539 3
523 488 1
524 512 3
525 500 1
526 471 2
527 539 1
528 488 12
529 512 7
530 475 14
531 478 4
532 481 43
533 502 1
534 487 1
535 523 1
536 501 38
537 525 1
538 511 1
539 499 1
540 514 10
541 499 1
542 535 1
543 565 2
544 495 3
545 528 5
546 494 7
547 495 5
548 546 1
549 512 7
550 530 1
551 531 4
552 542 1
553 531 37
554 535 36
555 514 20
556 523 1
557 528 1
558 553 4
559 529 13
560 527 10
561 553 5
562 530 2
563 531 1
564 559 1
565 543 1
566 552 27
567 527 1
568 583 1
569 560 4
570 565 2
571 568 2
572 546 3
573 545 3
574 571 1
575 543 1
576 548 1
577 565 21
578 565 1
579 545 3
580 571 1
581 553 8
582 539 5
583 553 8
584 548 5
585 618 6
586 553 8
587 559 2
588 550 3
589 544 4
590 585 5
591 554 6
592 557 1
593 552 8
594 620 1
595 554 13
596 570 1
597 557 1
598 553 2
599 561 1
600 568 1
601 557 1
602 576 1
603 618 3
604 612 1
605 589 3
606 620 1
607 617 4
608 559 1
609 592 4
610 581 3
611 612 1
612 581 1
613 584 5
614 558 12
615 582 5
616 594 2
617 569 1
618 559 5
619 576 19
620 572 1
621 613 5
622 587 2
623 606 3
624 580 1
625 594 5
626 572 1
627 582 1
628 586 1
629 592 3
630 589 1
631 594 1
632 585 1
633 580 1
634 618 2
635 578 2
636 608 3
637 580 3
638 580 1
639 588 1
640 618 2
641 604 2
642 597 1
643 613 5
644 588 1
645 659 1
646 590 4
647 588 1
648 582 1
649 580 1
650 594 4
651 590 1
652 642 1
653 583 3
654 618 2
655 585 1
656 620 1
657 609 1
658 628 2
659 614 1
660 602 2
661 613 1
662 624 1
663 612 2
664 609 1
665 639 1
666 624 1
667 633 1
668 636 2
669 634 1
670 622 1
671 620 1
672 615 1
673 618 3
674 672 2
675 614 1
676 614 1
677 624 1
678 614 1
679 622 1
680 621 1
681 624 1
682 662 1
683 657 1
684 642 1
685 649 1
686 652 1
687 635 1
688 673 1
689 645 2
690 635 1
691 640 1
692 645 1
693 653 1
694 642 1
695 667 1
696 649 1
697 688 1
698 652 1
699 642 1
700 649 1
