200
1 0 0
2 25 1
3 25 1
4 34 1
5 35 1
6 34 1
7 41 1
8 37 1
9 29 1
10 41 1
11 45 1
12 41 1
13 46 1
14 42 1
15 49 1
16 37 1
17 27 1
18 41 1
19 45 1
20 45 1
21 42 1
22 42 1
23 27 1
24 41 1
25 49 1
26 53 3
27 53 1
28 60 4
29 35 1
30 61 2
31 53 1
32 55 1
33 27 1
34 34 1
35 64 4
36 63 3
37 57 1
38 64 3
39 61 1
40 53 1
41 64 1
42 73 6
43 60 4
44 62 1
45 63 1
46 71 4
47 64 2
48 66 1
49 64 1
50 64 3
51 66 1
52 64 1
53 62 1
54 74 8
55 71 1
56 71 2
57 60 1
58 90 2
59 62 1
60 53 1
61 90 12
62 78 4
63 78 5
64 74 6
65 0 16
66 0 2
67 74 3
68 71 1
69 78 1
70 60 1
71 60 1
72 0 9
73 0 1
74 0 7
75 0 26
76 78 3
77 78 4
78 0 1
79 0 19
80 76 1
81 63 1
82 76 1
83 78 1
84 75 1
85 74 1
86 62 1
87 0 2
88 0 1
89 65 1
90 86 1
91 0 15
92 74 1
93 0 5
94 76 1
95 92 3
96 0 1
97 0 1
98 100 1
99 0 1
100 0 1
101 0 2
102 0 1
103 110 1
104 94 1
105 107 2
106 0 1
107 0 2
108 0 18
109 0 16
110 107 1
111 74 4
112 94 1
113 0 7
114 0 4
115 108 5
116 75 1
117 92 1
118 126 1
119 74 2
120 0 1
121 0 4
122 107 3
123 0 1
124 112 4
125 136 1
126 0 16
127 0 13
128 0 4
129 0 1
130 110 1
131 125 1
132 126 1
133 114 1
134 125 1
135 104 1
136 107 4
137 108 9
138 136 1
139 107 3
140 125 2
141 110 1
142 112 1
143 125 1
144 106 1
145 107 2
146 107 2
147 114 1
148 108 1
149 136 1
150 120 1
151 112 1
152 114 2
153 118 1
154 125 1
155 113 3
156 120 1
157 127 3
158 121 1
159 126 8
160 121 1
161 126 1
162 126 1
163 125 7
164 120 1
165 136 3
166 123 3
167 125 1
168 158 1
169 138 1
170 135 1
171 135 1
172 125 1
173 135 1
174 162 1
175 136 1
176 186 1
177 158 1
178 136 1
179 139 1
180 158 1
181 156 1
182 144 1
183 138 1
184 158 1
185 145 1
186 154 1
187 162 2
188 154 1
189 162 1
190 156 1
191 158 1
192 151 1
193 199 1
194 158 1
195 162 1
196 164 1
197 162 1
198 164 1
199 158 1
200 165 2
