100
1 0 0
2 90 1
3 23 8
4 8 1
5 0 5
6 46 1
7 46 1
8 55 1
9 97 12
10 8 4
11 0 3
12 4 2
13 87 1
14 42 5
15 4 1
16 0 8
17 0 5
18 30 1
19 42 1
20 11 1
21 2 1
22 46 1
23 53 2
24 0 19
25 55 4
26 8 1
27 16 1
28 4 1
29 23 2
30 0 5
31 29 2
32 9 1
33 8 1
34 46 1
35 55 1
36 90 1
37 13 1
38 9 1
39 15 2
40 15 4
41 53 1
42 39 1
43 0 9
44 2 1
45 8 2
46 2 1
47 23 8
48 39 1
49 24 1
50 2 1
51 90 1
52 9 1
53 2 1
54 0 4
55 69 1
56 0 10
57 97 2
58 46 1
59 42 1
60 97 2
61 0 1
62 13 1
63 39 1
64 85 1
65 8 1
66 24 1
67 96 1
68 8 1
69 46 1
70 97 4
71 16 1
72 15 1
73 69 1
74 10 1
75 28 1
76 59 1
77 96 1
78 46 1
79 13 1
80 10 1
81 90 1
82 44 1
83 2 1
84 97 1
85 29 1
86 97 2
87 13 1
88 16 2
89 29 1
90 42 1
91 97 5
92 69 1
93 2 1
94 38 1
95 56 1
96 22 1
97 55 3
98 0 29
99 24 1
100 0 1
