500
1 0 0
2 35 1
3 12 1
4 39 1
5 40 1
6 11 1
7 44 1
8 20 1
9 37 1
10 52 1
11 33 1
12 56 2
13 45 2
14 54 1
15 46 1
16 61 1
17 55 1
18 60 1
19 55 1
20 61 1
21 59 2
22 59 1
23 56 1
24 54 1
25 51 1
26 66 1
27 60 1
28 49 1
29 65 1
30 59 1
31 68 1
32 60 1
33 54 1
34 60 2
35 66 1
36 66 2
37 61 1
38 67 2
39 74 1
40 68 2
41 74 2
42 54 1
43 76 1
44 68 1
45 77 2
46 70 3
47 64 2
48 61 1
49 81 1
50 67 2
51 59 1
52 60 2
53 60 2
54 69 1
55 82 5
56 80 4
57 76 4
58 76 1
59 55 1
60 67 6
61 68 10
62 90 5
63 68 1
64 92 1
65 67 3
66 88 3
67 77 5
68 96 14
69 97 17
70 101 2
71 101 4
72 65 1
73 92 1
74 68 1
75 106 4
76 96 1
77 95 7
78 101 8
79 109 1
80 95 1
81 118 5
82 119 2
83 125 6
84 104 1
85 104 1
86 112 1
87 124 1
88 125 1
89 127 4
90 139 1
91 128 7
92 118 1
93 135 3
94 113 1
95 113 1
96 124 9
97 98 16
98 137 18
99 124 18
100 137 1
101 98 1
102 144 15
103 90 1
104 124 1
105 136 7
106 144 1
107 166 5
108 150 1
109 121 1
110 151 2
111 142 1
112 150 1
113 145 2
114 104 3
115 154 1
116 167 1
117 156 1
118 128 1
119 171 7
120 131 3
121 139 1
122 164 2
123 164 1
124 128 1
125 171 30
126 145 8
127 144 1
128 167 5
129 163 10
130 136 1
131 104 1
132 137 4
133 151 1
134 151 1
135 157 1
136 175 4
137 177 9
138 180 24
139 146 1
140 167 3
141 151 1
142 151 1
143 146 4
144 151 1
145 175 18
146 180 11
147 177 7
148 142 1
149 146 1
150 154 2
151 171 3
152 167 11
153 171 1
154 178 1
155 189 4
156 178 1
157 175 2
158 175 2
159 149 1
160 142 1
161 187 1
162 171 1
163 177 1
164 190 11
165 197 5
166 173 1
167 180 6
168 175 26
169 173 1
170 198 1
171 173 1
172 205 43
173 151 1
174 186 6
175 151 1
176 197 53
177 184 1
178 178 18
179 190 21
180 191 2
181 208 42
182 151 1
183 173 1
184 164 1
185 167 5
186 202 1
187 202 7
188 225 6
189 173 1
190 222 5
191 205 33
192 207 6
193 208 1
194 198 1
195 191 1
196 208 1
197 198 1
198 211 62
199 187 4
200 184 1
201 184 1
202 197 1
203 237 23
204 191 2
205 184 1
206 0 78
207 228 1
208 202 8
209 0 63
210 228 3
211 202 1
212 234 64
213 202 1
214 227 1
215 205 1
216 230 1
217 179 1
218 202 3
219 0 1
220 208 18
221 197 2
222 233 2
223 246 6
224 219 17
225 237 3
226 246 54
227 223 1
228 243 2
229 233 6
230 221 1
231 243 2
232 224 1
233 211 1
234 260 18
235 0 65
236 225 1
237 209 1
238 225 28
239 251 1
240 246 1
241 220 1
242 203 1
243 223 15
244 242 13
245 202 1
246 209 1
247 0 121
248 217 1
249 233 1
250 207 1
251 246 19
252 243 8
253 286 1
254 0 2
255 0 27
256 225 18
257 224 1
258 217 1
259 0 1
260 246 34
261 254 20
262 282 2
263 237 1
264 233 7
265 288 1
266 0 1
267 261 1
268 250 15
269 246 5
270 263 4
271 246 1
272 228 1
273 250 2
274 0 140
275 233 1
276 254 4
277 275 1
278 269 3
279 251 2
280 242 1
281 282 1
282 254 1
283 267 14
284 275 1
285 251 3
286 284 1
287 292 5
288 286 1
289 255 17
290 251 1
291 250 1
292 254 1
293 282 10
294 273 1
295 253 1
296 284 1
297 260 1
298 277 2
299 259 33
300 263 2
301 305 1
302 273 46
303 298 2
304 275 1
305 286 1
306 292 4
307 301 1
308 273 92
309 268 1
310 272 1
311 286 1
312 268 3
313 307 2
314 319 1
315 319 1
316 307 28
317 278 1
318 301 12
319 288 14
320 315 27
321 301 23
322 288 1
323 312 1
324 299 1
325 297 1
326 302 1
327 301 9
328 298 30
329 307 1
330 335 2
331 338 1
332 305 2
333 327 27
334 337 1
335 319 1
336 318 13
337 385 1
338 350 6
339 335 3
340 338 1
341 307 60
342 329 1
343 317 4
344 317 1
345 337 1
346 327 1
347 311 2
348 350 10
349 335 1
350 319 2
351 319 21
352 335 3
353 320 21
354 317 5
355 332 14
356 327 1
357 337 3
358 340 17
359 332 1
360 354 3
361 320 1
362 317 1
363 350 1
364 347 1
365 335 1
366 351 1
367 378 1
368 347 1
369 377 1
370 331 1
371 326 8
372 335 1
373 340 9
374 393 1
375 332 1
376 351 1
377 332 10
378 347 7
379 340 27
380 372 3
381 335 1
382 370 1
383 350 3
384 372 1
385 370 4
386 356 2
387 354 1
388 349 1
389 342 1
390 357 5
391 340 6
392 354 2
393 342 1
394 376 9
395 354 1
396 342 1
397 372 1
398 378 15
399 353 4
400 393 5
401 357 1
402 346 1
403 377 4
404 393 2
405 402 1
406 354 2
407 352 20
408 354 4
409 357 1
410 397 12
411 359 1
412 357 1
413 370 2
414 379 1
415 384 1
416 357 8
417 359 1
418 412 1
419 384 1
420 377 1
421 378 10
422 372 3
423 379 1
424 382 2
425 384 1
426 415 1
427 415 1
428 391 1
429 389 1
430 402 2
431 403 1
432 397 1
433 390 5
434 407 1
435 397 1
436 389 3
437 398 2
438 406 15
439 406 4
440 421 2
441 407 1
442 399 4
443 398 1
444 423 1
445 409 11
446 449 2
447 405 1
448 449 1
449 407 1
450 444 10
451 415 5
452 420 9
453 429 1
454 437 2
455 435 2
456 449 1
457 432 1
458 451 1
459 432 3
460 441 2
461 449 1
462 451 1
463 436 1
464 451 1
465 451 1
466 445 1
467 472 1
468 470 2
469 437 1
470 438 2
471 472 3
472 451 1
473 437 8
474 438 1
475 451 1
476 437 1
477 437 2
478 449 1
479 449 1
480 472 1
481 451 1
482 439 1
483 459 1
484 450 1
485 450 1
486 450 1
487 450 1
488 449 2
489 441 1
490 453 1
491 458 2
492 487 1
493 476 1
494 469 1
495 467 1
496 472 1
497 490 1
498 472 1
499 451 1
500 454 1
