500
1 0 0
2 19 3
3 20 1
4 37 1
5 21 1
6 1 1
7 35 1
8 36 1
9 24 1
10 14 1
11 34 1
12 35 1
13 35 1
14 35 1
15 52 2
16 52 1
17 20 1
18 1 1
19 34 1
20 56 4
21 34 3
22 48 2
23 35 1
24 45 1
25 59 2
26 43 1
27 45 1
28 56 1
29 43 1
30 35 1
31 49 1
32 58 1
33 49 1
34 34 1
35 77 7
36 74 7
37 77 2
38 74 2
39 74 1
40 43 1
41 77 1
42 56 1
43 58 1
44 81 5
45 69 1
46 74 3
47 66 1
48 57 1
49 81 4
50 56 6
51 49 1
52 77 1
53 83 4
54 49 1
55 81 1
56 49 1
57 79 13
58 92 4
59 85 3
60 86 3
61 80 1
62 89 1
63 57 1
64 77 1
65 83 1
66 57 1
67 80 2
68 81 1
69 48 1
70 101 4
71 43 1
72 69 2
73 83 1
74 79 1
75 87 14
76 79 1
77 71 1
78 86 13
79 79 1
80 98 18
81 85 5
82 121 12
83 79 1
84 125 7
85 80 1
86 94 9
87 131 17
88 136 15
89 136 1
90 94 2
91 92 1
92 95 1
93 109 6
94 125 1
95 131 13
96 136 3
97 97 1
98 101 4
99 136 29
100 124 1
101 136 1
102 103 9
103 124 1
104 98 10
105 130 1
106 95 1
107 94 1
108 97 1
109 131 1
110 134 7
111 159 1
112 137 1
113 137 1
114 124 1
115 131 1
116 151 1
117 165 2
118 97 1
119 125 1
120 116 1
121 159 1
122 158 13
123 136 9
124 137 1
125 143 4
126 177 10
127 134 1
128 122 8
129 134 1
130 149 1
131 180 2
132 177 33
133 179 1
134 154 1
135 161 10
136 179 1
137 176 61
138 173 5
139 176 1
140 180 1
141 136 1
142 137 1
143 127 2
144 127 5
145 142 1
146 176 1
147 180 1
148 176 1
149 136 1
150 170 6
151 167 1
152 177 2
153 183 1
154 198 1
155 186 2
156 176 1
157 176 1
158 175 1
159 192 14
160 186 4
161 186 1
162 177 11
163 159 1
164 174 9
165 149 1
166 177 3
167 175 1
168 149 2
169 176 1
170 149 1
171 180 7
172 174 7
173 211 1
174 216 6
175 176 17
176 191 4
177 204 89
178 192 73
179 199 1
180 208 4
181 177 12
182 179 1
183 176 1
184 191 2
185 218 1
186 175 1
187 229 8
188 177 1
189 204 1
190 204 1
191 176 3
192 163 8
193 229 89
194 221 1
195 221 1
196 190 1
197 222 5
198 211 1
199 214 2
200 225 2
201 219 1
202 191 1
203 225 11
204 204 1
205 238 97
206 202 1
207 192 1
208 204 1
209 171 6
210 208 1
211 221 1
212 196 3
213 204 1
214 190 1
215 222 5
216 225 13
217 0 7
218 196 1
219 202 7
220 232 2
221 202 2
222 0 4
223 215 11
224 257 1
225 220 1
226 229 28
227 204 1
228 215 1
229 204 1
230 0 144
231 237 1
232 229 1
233 274 3
234 249 2
235 0 1
236 262 5
237 0 1
238 214 2
239 0 99
240 0 1
241 225 1
242 259 1
243 260 7
244 229 6
245 218 1
246 274 1
247 238 1
248 249 1
249 0 1
250 218 4
251 0 2
252 243 4
253 0 1
254 243 1
255 233 1
256 272 1
257 272 1
258 235 4
259 267 1
260 0 5
261 0 54
262 0 72
263 242 6
264 251 2
265 274 2
266 229 11
267 280 11
268 276 2
269 266 1
270 274 1
271 251 1
272 292 1
273 281 3
274 257 1
275 281 9
276 265 10
277 281 3
278 257 1
279 280 1
280 318 1
281 261 70
282 297 32
283 264 1
284 0 107
285 283 1
286 286 2
287 266 8
288 310 3
289 266 1
290 250 1
291 275 1
292 275 1
293 321 5
294 259 2
295 274 1
296 263 1
297 260 46
298 296 45
299 280 1
300 281 10
301 308 1
302 275 1
303 322 1
304 281 1
305 287 1
306 280 1
307 287 1
308 308 1
309 299 3
310 259 1
311 297 5
312 286 2
313 283 1
314 299 6
315 311 1
316 285 1
317 261 1
318 292 1
319 297 5
320 280 39
321 322 1
322 275 6
323 286 3
324 281 4
325 281 1
326 318 1
327 280 16
328 313 1
329 283 19
330 283 85
331 333 1
332 318 1
333 293 1
334 297 2
335 292 2
336 323 3
337 335 2
338 346 5
339 344 1
340 334 1
341 347 1
342 329 4
343 310 1
344 318 1
345 329 24
346 348 1
347 319 38
348 344 19
349 329 12
350 313 4
351 329 44
352 326 4
353 328 18
354 326 11
355 336 1
356 360 7
357 360 1
358 346 3
359 355 1
360 352 5
361 347 15
362 341 2
363 352 1
364 348 10
365 337 4
366 351 3
367 347 2
368 341 1
369 349 1
370 352 1
371 349 1
372 353 5
373 355 5
374 346 29
375 350 2
376 360 4
377 344 3
378 382 5
379 349 1
380 353 5
381 392 1
382 373 4
383 373 6
384 365 1
385 377 1
386 350 1
387 377 1
388 372 1
389 350 40
390 361 1
391 374 1
392 372 1
393 364 3
394 360 1
395 357 1
396 373 12
397 352 10
398 366 1
399 360 1
400 359 4
401 365 1
402 357 1
403 363 8
404 371 4
405 372 1
406 375 3
407 395 1
408 373 3
409 388 11
410 388 1
411 363 1
412 376 2
413 377 1
414 423 1
415 373 3
416 372 1
417 381 3
418 388 24
419 417 1
420 411 1
421 396 1
422 377 1
423 379 4
424 395 10
425 405 1
426 405 1
427 408 1
428 388 3
429 403 3
430 396 8
431 392 1
432 417 1
433 423 1
434 452 1
435 452 1
436 408 4
437 399 3
438 408 1
439 408 3
440 452 2
441 402 7
442 408 1
443 417 5
444 457 1
445 417 14
446 407 2
447 423 1
448 475 1
449 452 2
450 427 1
451 417 1
452 460 1
453 444 10
454 423 5
455 440 2
456 453 1
457 423 1
458 416 2
459 483 1
460 436 1
461 471 2
462 486 1
463 414 2
464 440 1
465 429 6
466 429 1
467 417 1
468 440 1
469 427 1
470 438 1
471 435 2
472 422 3
473 462 1
474 445 1
475 428 1
476 444 2
477 452 1
478 428 1
479 444 1
480 470 1
481 435 1
482 442 1
483 442 1
484 464 2
485 439 1
486 453 1
487 442 2
488 438 1
489 464 1
490 436 1
491 448 1
492 452 1
493 452 1
494 464 1
495 440 1
496 453 1
497 440 1
498 454 1
499 464 1
500 453 1
