2000
1 0 0
2 33 1
3 52 1
4 8 1
5 25 1
6 74 1
7 41 1
8 84 1
9 92 2
10 74 2
11 89 1
12 83 1
13 88 1
14 41 1
15 26 1
16 24 1
17 36 1
18 9 1
19 50 2
20 37 1
21 81 1
22 26 1
23 106 1
24 32 1
25 25 2
26 81 4
27 106 3
28 112 1
29 41 1
30 33 2
31 112 1
32 32 1
33 91 5
34 80 4
35 101 1
36 103 1
37 116 2
38 32 2
39 80 1
40 74 1
41 101 1
42 109 4
43 92 1
44 121 1
45 79 1
46 74 2
47 116 3
48 101 1
49 46 1
50 122 1
51 81 3
52 80 1
53 119 2
54 84 1
55 102 1
56 45 1
57 18 1
58 119 1
59 106 1
60 99 1
61 116 1
62 128 2
63 101 1
64 121 1
65 29 1
66 102 1
67 130 1
68 120 1
69 148 1
70 138 1
71 79 1
72 137 1
73 101 1
74 115 1
75 132 8
76 149 1
77 79 1
78 74 1
79 169 1
80 121 4
81 158 7
82 133 9
83 46 1
84 128 2
85 124 3
86 128 1
87 149 1
88 121 1
89 175 2
90 162 2
91 138 1
92 116 7
93 140 4
94 128 1
95 163 1
96 91 1
97 140 1
98 109 1
99 61 1
100 152 2
101 171 1
102 193 6
103 192 3
104 149 2
105 162 1
106 132 1
107 188 6
108 188 1
109 121 1
110 189 6
111 177 1
112 200 1
113 191 3
114 152 1
115 142 1
116 188 2
117 144 15
118 149 1
119 163 1
120 192 4
121 195 2
122 155 10
123 191 2
124 162 1
125 214 4
126 210 1
127 217 1
128 116 1
129 197 7
130 217 1
131 194 2
132 196 1
133 201 13
134 144 10
135 148 1
136 197 1
137 201 1
138 132 2
139 189 3
140 121 1
141 229 6
142 201 1
143 155 2
144 197 1
145 177 26
146 214 1
147 193 1
148 222 1
149 216 4
150 223 6
151 217 1
152 191 1
153 167 4
154 193 1
155 216 1
156 228 19
157 155 1
158 148 1
159 205 8
160 228 1
161 132 1
162 233 1
163 227 5
164 243 3
165 238 1
166 209 1
167 235 1
168 155 5
169 246 1
170 195 2
171 214 1
172 205 2
173 179 1
174 211 1
175 242 1
176 236 3
177 219 1
178 243 28
179 230 1
180 219 2
181 258 1
182 192 1
183 189 1
184 223 1
185 237 1
186 232 2
187 210 1
188 200 1
189 229 10
190 268 11
191 223 1
192 266 7
193 268 9
194 263 9
195 233 3
196 229 5
197 229 2
198 212 11
199 249 1
200 197 1
201 201 3
202 257 19
203 228 1
204 268 1
205 185 1
206 246 11
207 229 1
208 263 1
209 229 1
210 264 2
211 216 3
212 226 2
213 214 12
214 266 1
215 256 19
216 228 1
217 290 10
218 289 4
219 243 1
220 263 4
221 294 1
222 222 1
223 293 3
224 295 9
225 268 1
226 229 1
227 243 3
228 271 6
229 275 24
230 291 27
231 308 2
232 275 1
233 264 3
234 297 5
235 216 1
236 263 2
237 285 4
238 291 2
239 286 3
240 277 1
241 263 1
242 228 1
243 305 2
244 289 36
245 312 1
246 259 1
247 299 13
248 289 1
249 292 1
250 296 2
251 286 1
252 256 1
253 296 1
254 296 1
255 261 1
256 286 1
257 297 21
258 312 20
259 304 2
260 284 3
261 296 1
262 296 2
263 238 1
264 341 18
265 290 6
266 277 1
267 312 9
268 275 1
269 300 23
270 295 1
271 341 1
272 287 7
273 259 1
274 316 1
275 333 1
276 349 28
277 275 1
278 331 3
279 286 1
280 329 1
281 285 1
282 330 1
283 341 1
284 332 1
285 304 5
286 300 6
287 338 7
288 304 8
289 319 1
290 330 42
291 305 17
292 381 30
293 337 2
294 337 4
295 368 2
296 328 11
297 374 8
298 333 47
299 337 1
300 341 14
301 393 30
302 330 1
303 316 1
304 341 1
305 344 19
306 297 20
307 330 1
308 349 1
309 391 4
310 348 1
311 394 1
312 318 2
313 393 31
314 335 1
315 284 1
316 349 1
317 407 4
318 316 1
319 304 3
320 363 3
321 319 1
322 349 1
323 347 1
324 371 1
325 308 1
326 341 1
327 341 1
328 393 1
329 393 12
330 381 2
331 406 46
332 357 4
333 369 2
334 394 49
335 406 1
336 348 11
337 421 1
338 419 8
339 335 9
340 379 1
341 403 1
342 404 38
343 404 1
344 381 1
345 407 24
346 433 1
347 311 1
348 435 2
349 398 14
350 427 32
351 401 2
352 407 3
353 392 1
354 406 1
355 401 1
356 403 4
357 350 1
358 403 5
359 394 1
360 423 1
361 384 2
362 435 1
363 348 1
364 344 4
365 390 2
366 405 1
367 406 1
368 421 1
369 421 3
370 355 3
371 421 1
372 351 2
373 456 1
374 423 1
375 460 9
376 360 1
377 364 1
378 405 1
379 410 1
380 419 2
381 421 1
382 458 34
383 338 1
384 423 1
385 435 10
386 435 1
387 406 1
388 384 1
389 396 1
390 460 1
391 438 3
392 384 6
393 440 2
394 470 75
395 437 52
396 440 1
397 466 2
398 443 1
399 440 15
400 450 1
401 391 1
402 460 6
403 435 1
404 472 11
405 474 40
406 455 3
407 479 51
408 452 32
409 460 1
410 437 1
411 423 2
412 401 1
413 439 1
414 419 1
415 452 1
416 485 1
417 437 1
418 422 1
419 458 1
420 481 12
421 401 1
422 455 8
423 454 2
424 470 6
425 460 2
426 460 1
427 450 1
428 466 33
429 499 1
430 472 1
431 470 1
432 477 1
433 508 1
434 470 2
435 458 1
436 515 19
437 437 1
438 492 63
439 484 4
440 490 2
441 454 23
442 511 1
443 424 1
444 479 2
445 519 1
446 499 1
447 534 1
448 472 1
449 519 1
450 440 2
451 546 3
452 470 1
453 481 34
454 473 1
455 492 35
456 533 12
457 513 2
458 472 1
459 530 37
460 505 1
461 520 21
462 516 1
463 437 7
464 515 3
465 474 1
466 520 1
467 505 36
468 530 1
469 435 2
470 435 1
471 566 86
472 523 1
473 574 15
474 478 2
475 517 42
476 541 1
477 539 1
478 555 4
479 520 4
480 530 54
481 530 4
482 530 47
483 515 2
484 520 1
485 551 6
486 565 2
487 518 1
488 555 1
489 492 1
490 541 1
491 543 3
492 454 1
493 517 102
494 517 1
495 566 1
496 440 2
497 530 1
498 523 1
499 449 1
500 480 3
501 505 1
502 492 1
503 513 1
504 463 2
505 566 1
506 534 40
507 505 1
508 468 1
509 546 2
510 588 3
511 478 1
512 477 2
513 509 1
514 569 4
515 543 1
516 574 25
517 592 3
518 597 157
519 616 5
520 610 3
521 617 29
522 566 1
523 541 1
524 518 3
525 482 1
526 517 1
527 566 1
528 484 1
529 495 1
530 611 1
531 620 145
532 509 1
533 503 1
534 566 13
535 623 42
536 570 1
537 588 1
538 602 1
539 617 1
540 560 2
541 543 1
542 598 4
543 588 1
544 462 6
545 516 1
546 454 8
547 620 6
548 616 1
549 612 1
550 592 1
551 573 1
552 545 7
553 562 1
554 599 1
555 583 1
556 638 6
557 592 1
558 560 1
559 589 1
560 610 1
561 618 4
562 612 1
563 574 6
564 564 1
565 597 2
566 517 10
567 644 104
568 605 1
569 520 1
570 616 5
571 618 5
572 584 1
573 618 2
574 621 2
575 603 47
576 492 1
577 642 1
578 603 10
579 660 1
580 570 1
581 621 1
582 638 1
583 616 1
584 656 2
585 570 2
586 642 2
587 623 1
588 577 9
589 617 7
590 658 2
591 594 1
592 638 5
593 565 6
594 572 1
595 591 2
596 632 1
597 565 1
598 638 161
599 602 5
600 644 2
601 640 1
602 607 1
603 648 7
604 656 58
605 644 1
606 680 2
607 608 1
608 591 2
609 659 2
610 562 4
611 651 5
612 647 2
613 681 3
614 680 1
615 617 1
616 588 1
617 623 66
618 653 51
619 617 12
620 644 1
621 665 152
622 587 4
623 644 1
624 704 111
625 658 1
626 616 1
627 642 1
628 645 4
629 670 1
630 642 1
631 585 1
632 597 1
633 587 4
634 642 1
635 676 1
636 609 2
637 623 1
638 651 2
639 720 174
640 627 2
641 649 2
642 680 1
643 654 7
644 635 1
645 709 110
646 656 5
647 712 1
648 709 3
649 665 8
650 729 4
651 654 1
652 707 9
653 609 1
654 616 52
655 701 9
656 698 1
657 689 67
658 659 1
659 709 4
660 669 4
661 720 2
662 689 1
663 735 1
664 709 1
665 698 1
666 724 161
667 656 1
668 710 1
669 714 13
670 720 5
671 724 2
672 710 1
673 711 6
674 649 1
675 707 1
676 737 1
677 672 5
678 709 1
679 668 2
680 678 1
681 756 5
682 724 4
683 627 1
684 676 2
685 651 1
686 720 1
687 639 1
688 729 1
689 747 1
690 712 69
691 720 1
692 729 1
693 749 1
694 676 1
695 720 1
696 637 1
697 756 1
698 632 1
699 749 3
700 632 1
701 710 1
702 668 10
703 739 1
704 747 1
705 740 135
706 711 1
707 748 1
708 771 11
709 749 1
710 755 120
711 704 5
712 743 8
713 729 71
714 747 1
715 704 14
716 771 1
717 740 1
718 704 1
719 704 1
720 773 1
721 755 185
722 749 1
723 740 1
724 804 1
725 776 168
726 710 1
727 774 1
728 743 1
729 796 1
730 796 78
731 747 1
732 776 1
733 771 1
734 704 1
735 737 1
736 759 2
737 747 1
738 785 3
739 749 21
740 749 3
741 787 174
742 704 1
743 747 1
744 745 17
745 739 1
746 753 19
747 750 1
748 822 7
749 784 2
750 773 35
751 824 2
752 738 20
753 771 4
754 740 35
755 763 3
756 824 307
757 836 7
758 740 1
759 835 1
760 774 4
761 753 1
762 683 1
763 771 1
764 743 6
765 749 1
766 784 1
767 755 1
768 749 1
769 785 1
770 753 14
771 838 87
772 751 19
773 754 1
774 840 37
775 839 7
776 749 1
777 864 170
778 749 1
779 824 1
780 774 1
781 763 1
782 752 3
783 861 1
784 759 1
785 849 5
786 796 5
787 860 1
788 841 175
789 832 1
790 784 1
791 763 1
792 842 1
793 754 1
794 769 13
795 871 1
796 881 3
797 770 86
798 793 1
799 805 1
800 832 1
801 858 1
802 823 2
803 847 1
804 793 1
805 855 2
806 795 2
807 861 3
808 745 1
809 796 1
810 824 1
811 843 1
812 815 1
813 843 7
814 824 1
815 855 1
816 865 2
817 862 1
818 869 1
819 806 1
820 840 6
821 793 8
822 847 1
823 835 8
824 819 4
825 914 313
826 866 1
827 793 1
828 781 1
829 873 1
830 877 1
831 743 1
832 841 19
833 866 3
834 793 1
835 823 1
836 863 10
837 862 10
838 847 1
839 860 88
840 914 8
841 873 45
842 862 197
843 878 2
844 831 18
845 902 1
846 843 2
847 862 1
848 945 4
849 801 1
850 876 6
851 920 2
852 781 1
853 819 1
854 843 1
855 878 1
856 865 4
857 850 1
858 861 59
859 820 4
860 806 1
861 861 90
862 914 156
863 891 210
864 884 13
865 914 171
866 857 54
867 812 5
868 857 1
869 863 1
870 911 10
871 845 1
872 872 5
873 876 6
874 865 47
875 812 1
876 858 1
877 888 13
878 820 2
879 881 4
880 820 1
881 836 1
882 869 8
883 863 1
884 840 1
885 914 228
886 857 1
887 861 1
888 914 1
889 911 14
890 861 1
891 914 1
892 884 214
893 843 1
894 857 1
895 836 1
896 841 1
897 843 5
898 914 1
899 920 1
900 925 1
901 857 1
902 936 2
903 921 2
904 973 1
905 921 1
906 943 1
907 915 1
908 871 2
909 871 1
910 964 1
911 949 3
912 920 26
913 921 1
914 921 1
915 0 882
916 891 3
917 841 1
918 858 1
919 0 5
920 915 1
921 933 32
922 932 7
923 948 1
924 950 1
925 943 1
926 910 2
927 0 1
928 0 1
929 945 1
930 973 1
931 914 2
932 973 1
933 948 8
934 943 33
935 930 1
936 995 1
937 896 3
938 907 1
939 911 1
940 0 3
941 973 1
942 944 1
943 901 1
944 990 36
945 964 3
946 988 6
947 920 1
948 990 1
949 1007 10
950 918 4
951 1001 3
952 950 1
953 990 2
954 896 1
955 988 1
956 952 1
957 920 1
958 990 1
959 1012 1
960 988 1
961 921 1
962 990 1
963 0 1
964 974 6
965 1039 6
966 1012 1
967 939 1
968 999 1
969 997 1
970 1013 1
971 973 1
972 1007 1
973 963 4
974 1024 6
975 0 7
976 939 1
977 1012 1
978 944 1
979 964 1
980 1023 1
981 1061 3
982 1044 1
983 985 1
984 990 1
985 1073 1
986 1045 2
987 990 3
988 1007 1
989 1051 9
990 1047 1
991 1027 52
992 1017 1
993 1084 1
994 1021 3
995 1021 1
996 980 2
997 1031 1
998 1007 2
999 1030 1
1000 1004 2
1001 972 1
1002 1003 5
1003 0 2
1004 1068 6
1005 1084 3
1006 1018 1
1007 1084 1
1008 1035 15
1009 1045 5
1010 1045 1
1011 1061 22
1012 1074 20
1013 1028 4
1014 986 2
1015 963 1
1016 1051 1
1017 1008 2
1018 993 2
1019 1045 4
1020 990 4
1021 990 1
1022 1039 6
1023 1039 1
1024 972 2
1025 1073 18
1026 1083 1
1027 1061 1
1028 1038 118
1029 1084 5
1030 1047 1
1031 1019 3
1032 0 4
1033 0 1
1034 0 1
1035 990 1
1036 1061 21
1037 1062 63
1038 1039 259
1039 1037 257
1040 0 503
1041 1057 390
1042 1018 1
1043 1040 5
1044 1021 1
1045 1042 4
1046 1011 18
1047 1011 1
1048 1070 4
1049 1057 3
1050 1036 1
1051 0 1
1052 1083 13
1053 1035 5
1054 1084 1
1055 1084 46
1056 1084 1
1057 1106 1
1058 0 587
1059 1040 2
1060 1008 1
1061 1045 1
1062 1036 56
1063 1027 65
1064 1030 1
1065 1107 1
1066 1037 1
1067 1008 1
1068 1051 2
1069 1072 301
1070 1024 9
1071 1069 7
1072 1088 32
1073 1040 380
1074 1054 45
1075 1010 21
1076 1001 1
1077 1061 6
1078 1068 293
1079 1039 230
1080 1016 1
1081 1036 5
1082 1024 1
1083 1084 1
1084 1099 22
1085 1092 99
1086 1062 1
1087 1031 2
1088 1024 1
1089 1038 136
1090 1018 1
1091 1071 31
1092 1040 1
1093 1077 105
1094 1057 57
1095 1002 1
1096 1061 2
1097 1044 2
1098 1092 5
1099 1090 1
1100 1073 25
1101 1143 25
1102 1040 1
1103 1106 1
1104 1134 7
1105 1113 2
1106 1099 1
1107 1045 4
1108 1080 2
1109 1057 136
1110 1096 1
1111 1048 2
1112 1047 1
1113 1202 1
1114 1083 7
1115 1038 1
1116 1084 2
1117 1069 1
1118 1076 2
1119 1038 1
1120 1207 1
1121 1072 1
1122 1052 1
1123 1077 7
1124 1084 37
1125 1072 1
1126 1076 3
1127 1090 29
1128 1100 24
1129 1052 3
1130 1123 33
1131 1106 1
1132 1093 40
1133 1108 2
1134 1078 68
1135 1129 19
1136 1067 1
1137 1201 1
1138 1058 1
1139 1072 1
1140 1068 1
1141 1165 1
1142 1191 1
1143 1093 1
1144 1088 100
1145 1093 1
1146 1072 1
1147 1077 14
1148 1202 1
1149 1128 2
1150 1117 1
1151 1080 2
1152 1070 2
1153 1088 1
1154 1072 74
1155 1077 1
1156 1113 3
1157 1093 2
1158 1097 2
1159 1127 2
1160 1077 163
1161 1093 1
1162 1123 1
1163 1115 1
1164 1088 2
1165 1086 1
1166 1103 6
1167 1078 1
1168 1113 1
1169 1204 1
1170 1077 2
1171 1078 2
1172 1097 1
1173 1129 13
1174 1108 131
1175 1122 5
1176 1174 4
1177 1165 1
1178 1127 21
1179 1078 158
1180 1207 2
1181 1095 1
1182 1158 1
1183 1134 1
1184 1131 1
1185 1093 1
1186 1165 1
1187 1093 10
1188 1216 16
1189 1169 1
1190 1097 1
1191 1104 1
1192 1126 28
1193 1148 1
1194 1134 1
1195 1234 1
1196 1153 1
1197 1151 1
1198 1177 1
1199 1207 6
1200 1170 1
1201 1143 1
1202 1125 2
1203 1133 61
1204 1108 2
1205 1187 2
1206 1175 3
1207 1099 1
1208 1143 73
1209 1123 1
1210 1133 1
1211 1134 9
1212 1131 38
1213 1243 1
1214 1203 1
1215 1234 1
1216 1210 8
1217 1191 21
1218 1110 1
1219 1215 1
1220 1186 2
1221 1177 1
1222 1122 1
1223 1153 70
1224 1231 2
1225 1133 4
1226 1219 1
1227 1132 1
1228 1159 1
1229 1123 1
1230 1146 13
1231 1155 1
1232 1191 4
1233 1150 1
1234 1157 1
1235 1202 58
1236 1133 1
1237 1153 2
1238 1255 1
1239 1179 1
1240 1178 50
1241 1155 1
1242 1191 1
1243 1172 12
1244 1255 2
1245 1198 2
1246 1198 1
1247 1222 1
1248 1165 2
1249 1187 13
1250 1198 1
1251 1262 1
1252 1177 18
1253 1207 1
1254 1159 161
1255 1259 9
1256 1248 8
1257 1163 1
1258 1178 107
1259 1156 1
1260 1229 11
1261 1173 130
1262 1205 2
1263 1215 5
1264 1207 1
1265 1198 1
1266 1229 1
1267 1186 7
1268 1242 11
1269 1281 2
1270 1215 1
1271 1253 53
1272 1255 1
1273 1207 56
1274 1244 1
1275 1254 7
1276 1255 1
1277 1216 2
1278 1211 37
1279 1262 2
1280 1216 1
1281 1266 1
1282 1301 3
1283 1311 1
1284 1231 1
1285 1274 1
1286 1207 5
1287 1287 1
1288 1289 2
1289 1223 1
1290 1248 4
1291 1251 17
1292 1224 3
1293 1255 2
1294 1262 1
1295 1290 2
1296 1311 1
1297 1216 1
1298 1222 1
1299 1270 1
1300 1222 1
1301 1253 1
1302 1274 5
1303 1236 1
1304 1260 2
1305 1266 1
1306 1222 66
1307 1266 1
1308 1260 9
1309 1272 52
1310 1260 2
1311 1267 1
1312 1234 55
1313 1239 49
1314 1266 1
1315 1257 106
1316 1268 1
1317 1247 1
1318 1253 104
1319 1259 1
1320 1311 2
1321 1266 1
1322 1267 1
1323 1276 1
1324 1253 2
1325 1267 4
1326 1330 3
1327 1312 1
1328 1266 1
1329 1289 1
1330 1277 8
1331 1311 47
1332 1278 1
1333 1303 1
1334 1314 5
1335 1261 1
1336 1290 13
1337 1311 3
1338 1291 1
1339 1349 1
1340 1254 1
1341 1301 1
1342 1324 1
1343 1325 2
1344 1270 47
1345 1260 116
1346 1277 1
1347 1291 1
1348 1305 65
1349 1358 3
1350 1335 5
1351 1272 3
1352 1312 1
1353 1267 3
1354 1324 1
1355 1270 4
1356 1267 1
1357 1292 1
1358 1307 2
1359 1317 4
1360 1277 25
1361 1335 1
1362 1277 2
1363 1307 6
1364 1285 4
1365 1309 1
1366 1290 1
1367 1294 1
1368 1423 1
1369 1312 3
1370 1392 10
1371 1354 1
1372 1324 1
1373 1342 1
1374 1312 1
1375 1319 1
1376 1312 41
1377 1317 85
1378 1349 1
1379 1333 4
1380 1329 7
1381 1344 16
1382 1330 43
1383 1308 51
1384 1317 14
1385 1382 1
1386 1312 1
1387 1314 100
1388 1362 4
1389 1323 1
1390 1357 1
1391 1352 2
1392 1343 42
1393 1391 41
1394 1381 40
1395 1375 1
1396 1344 40
1397 1344 3
1398 1362 1
1399 1359 2
1400 1344 2
1401 1359 1
1402 1335 5
1403 1343 2
1404 1349 1
1405 1349 1
1406 1336 2
1407 1429 3
1408 1382 18
1409 1426 2
1410 1392 2
1411 1335 1
1412 1344 1
1413 1344 1
1414 1375 1
1415 1369 6
1416 1455 4
1417 1344 3
1418 1348 1
1419 1343 2
1420 1409 1
1421 1375 38
1422 1359 21
1423 1348 1
1424 1382 8
1425 1390 1
1426 1347 64
1427 1387 3
1428 1428 47
1429 1344 49
1430 1414 5
1431 1354 1
1432 1363 3
1433 1380 14
1434 1350 2
1435 1386 8
1436 1354 1
1437 1500 1
1438 1416 2
1439 1393 2
1440 1450 1
1441 1380 1
1442 1455 1
1443 1429 1
1444 1406 2
1445 1393 1
1446 1378 2
1447 1361 1
1448 1434 1
1449 1428 1
1450 1392 26
1451 1369 3
1452 1392 1
1453 1378 1
1454 1392 1
1455 1376 84
1456 1407 17
1457 1368 2
1458 1415 3
1459 1381 1
1460 1382 23
1461 1443 1
1462 1383 13
1463 1449 1
1464 1399 1
1465 1455 1
1466 1386 2
1467 1402 1
1468 1405 1
1469 1379 6
1470 1395 4
1471 1408 1
1472 1449 11
1473 1494 1
1474 1431 1
1475 1431 1
1476 1393 36
1477 1381 1
1478 1418 1
1479 1401 4
1480 1398 1
1481 1396 1
1482 1450 1
1483 1457 1
1484 1423 6
1485 1386 89
1486 1420 1
1487 1396 1
1488 1395 35
1489 1425 62
1490 1432 8
1491 1455 4
1492 1455 1
1493 1420 36
1494 1425 1
1495 1432 4
1496 1455 3
1497 1455 1
1498 1433 1
1499 1490 2
1500 1468 1
1501 1478 3
1502 1445 1
1503 1487 1
1504 1434 6
1505 1421 20
1506 1521 5
1507 1432 1
1508 1536 1
1509 1427 46
1510 1500 1
1511 1438 1
1512 1449 13
1513 1511 1
1514 1468 1
1515 1437 1
1516 1527 3
1517 1518 16
1518 1515 2
1519 1475 33
1520 1465 1
1521 1457 1
1522 1454 83
1523 1455 1
1524 1459 21
1525 1484 1
1526 1469 2
1527 1521 29
1528 1471 10
1529 1494 2
1530 1489 1
1531 1461 12
1532 1459 1
1533 1505 2
1534 1521 1
1535 1456 1
1536 1488 51
1537 1488 8
1538 1495 2
1539 1560 1
1540 1490 1
1541 1475 2
1542 1505 1
1543 1483 1
1544 1537 1
1545 1469 1
1546 1536 3
1547 1536 1
1548 1489 1
1549 1536 1
1550 1516 1
1551 1504 1
1552 1489 4
1553 1536 1
1554 1517 1
1555 1468 2
1556 1468 1
1557 1483 2
1558 1573 5
1559 1570 1
1560 1489 1
1561 1488 2
1562 1584 4
1563 1483 2
1564 1527 1
1565 1484 87
1566 1516 14
1567 1599 1
1568 1511 10
1569 1571 1
1570 1527 1
1571 1504 18
1572 1526 28
1573 1523 1
1574 1564 6
1575 1492 31
1576 1487 31
1577 1508 2
1578 1508 3
1579 1498 1
1580 1570 1
1581 1521 1
1582 1511 1
1583 1487 2
1584 1521 3
1585 1565 13
1586 1492 3
1587 1508 40
1588 1492 1
1589 1521 36
1590 1518 14
1591 1503 2
1592 1503 2
1593 1576 1
1594 1523 16
1595 1525 1
1596 1545 2
1597 1571 19
1598 1577 1
1599 1535 49
1600 1527 3
1601 1505 1
1602 1503 1
1603 1521 1
1604 1564 1
1605 1518 2
1606 1556 1
1607 1530 7
1608 1521 1
1609 1523 1
1610 1523 2
1611 1530 1
1612 1521 1
1613 1530 3
1614 1571 1
1615 1557 4
1616 1575 30
1617 1535 1
1618 1577 1
1619 1574 1
1620 1521 4
1621 1626 1
1622 1532 1
1623 1528 1
1624 1527 1
1625 1540 1
1626 1570 15
1627 1583 2
1628 1567 5
1629 1564 29
1630 1551 3
1631 1567 1
1632 1564 14
1633 1554 1
1634 1606 2
1635 1593 1
1636 1582 1
1637 1599 1
1638 1584 8
1639 1590 1
1640 1606 3
1641 1627 1
1642 1574 29
1643 1612 1
1644 1562 1
1645 1564 36
1646 1619 1
1647 1591 1
1648 1571 5
1649 1571 1
1650 1619 1
1651 1693 1
1652 1567 2
1653 1596 2
1654 1606 1
1655 1595 1
1656 1627 1
1657 1561 3
1658 1619 1
1659 1589 13
1660 1585 1
1661 1586 39
1662 1567 1
1663 1663 1
1664 1677 2
1665 1679 2
1666 1628 21
1667 1596 2
1668 1637 2
1669 1593 14
1670 1585 1
1671 1596 14
1672 1637 1
1673 1614 2
1674 1588 35
1675 1627 1
1676 1614 1
1677 1637 3
1678 1665 3
1679 1628 6
1680 1598 48
1681 1604 1
1682 1628 1
1683 1627 1
1684 1637 1
1685 1644 35
1686 1656 1
1687 1625 14
1688 1615 29
1689 1631 13
1690 1612 1
1691 1652 1
1692 1609 1
1693 1658 1
1694 1665 17
1695 1664 1
1696 1629 2
1697 1693 11
1698 1676 1
1699 1696 1
1700 1686 1
1701 1660 38
1702 1633 1
1703 1647 4
1704 1679 10
1705 1672 1
1706 1658 1
1707 1679 1
1708 1687 2
1709 1684 24
1710 1679 8
1711 1641 27
1712 1658 10
1713 1668 13
1714 1641 1
1715 1639 2
1716 1686 5
1717 1673 13
1718 1687 3
1719 1679 2
1720 1667 1
1721 1670 13
1722 1651 1
1723 1710 4
1724 1700 1
1725 1679 24
1726 1703 1
1727 1656 1
1728 1710 1
1729 1686 1
1730 1687 1
1731 1666 1
1732 1708 1
1733 1700 1
1734 1673 21
1735 1700 5
1736 1687 1
1737 1711 9
1738 1696 8
1739 1703 6
1740 1736 2
1741 1687 1
1742 1684 10
1743 1733 20
1744 1708 1
1745 1688 11
1746 1709 1
1747 1676 1
1748 1678 5
1749 1696 1
1750 1688 1
1751 1708 8
1752 1710 14
1753 1739 1
1754 1724 4
1755 1686 6
1756 1707 1
1757 1687 19
1758 1708 1
1759 1700 12
1760 1693 4
1761 1687 1
1762 1695 1
1763 1702 3
1764 1717 1
1765 1700 1
1766 1700 1
1767 1781 2
1768 1703 1
1769 1736 1
1770 1717 1
1771 1700 16
1772 1710 5
1773 1741 3
1774 1715 1
1775 1781 1
1776 1736 4
1777 1710 2
1778 1703 1
1779 1714 1
1780 1708 12
1781 1741 6
1782 1720 12
1783 1724 13
1784 1716 1
1785 1742 12
1786 1718 1
1787 1716 1
1788 1712 6
1789 1715 1
1790 1738 1
1791 1742 4
1792 1737 2
1793 1709 1
1794 1738 2
1795 1709 5
1796 1747 4
1797 1715 2
1798 1820 1
1799 1716 10
1800 1737 3
1801 1801 1
1802 1737 2
1803 1766 1
1804 1712 6
1805 1750 6
1806 1830 1
1807 1734 2
1808 1724 6
1809 1736 1
1810 1750 1
1811 1722 2
1812 1738 1
1813 1744 9
1814 1753 1
1815 1722 1
1816 1734 2
1817 1742 3
1818 1827 1
1819 1738 1
1820 1787 1
1821 1762 2
1822 1753 2
1823 1751 10
1824 1751 1
1825 1759 3
1826 1807 1
1827 1758 4
1828 1770 13
1829 1856 1
1830 1758 7
1831 1845 2
1832 1744 1
1833 1770 2
1834 1781 2
1835 1751 1
1836 1771 4
1837 1754 5
1838 1784 4
1839 1803 4
1840 1751 1
1841 1821 1
1842 1780 5
1843 1756 6
1844 1793 1
1845 1869 1
1846 1787 4
1847 1782 2
1848 1812 1
1849 1756 12
1850 1790 1
1851 1784 7
1852 1799 1
1853 1845 1
1854 1772 2
1855 1779 8
1856 1812 1
1857 1804 4
1858 1804 1
1859 1824 1
1860 1796 1
1861 1781 2
1862 1829 1
1863 1781 1
1864 1826 2
1865 1842 2
1866 1782 10
1867 1790 2
1868 1791 1
1869 1775 3
1870 1812 2
1871 1846 1
1872 1781 3
1873 1776 1
1874 1848 1
1875 1833 1
1876 1816 1
1877 1779 3
1878 1795 3
1879 1815 1
1880 1799 1
1881 1848 3
1882 1794 4
1883 1803 1
1884 1798 9
1885 1841 2
1886 1807 4
1887 1850 1
1888 1827 10
1889 1827 1
1890 1829 5
1891 1838 3
1892 1822 4
1893 1853 1
1894 1812 4
1895 1822 2
1896 1806 1
1897 1826 1
1898 1848 1
1899 1854 3
1900 1810 1
1901 1832 1
1902 1865 3
1903 1816 1
1904 1871 2
1905 1850 2
1906 1824 1
1907 1837 2
1908 1856 1
1909 1881 2
1910 1923 1
1911 1822 3
1912 1917 1
1913 1842 3
1914 1865 2
1915 1848 2
1916 1836 4
1917 1893 2
1918 1848 4
1919 1835 3
1920 1837 1
1921 1841 1
1922 1914 1
1923 1850 1
1924 1883 3
1925 1883 3
1926 1841 1
1927 1865 1
1928 1923 1
1929 1850 2
1930 1887 1
1931 1891 1
1932 1910 1
1933 1889 1
1934 1901 1
1935 1860 1
1936 1913 1
1937 1856 1
1938 1864 1
1939 1866 1
1940 1865 1
1941 1868 2
1942 1924 1
1943 1854 4
1944 1889 1
1945 1880 1
1946 1885 1
1947 1890 1
1948 1917 1
1949 1876 1
1950 1890 1
1951 1904 1
1952 1865 1
1953 1889 1
1954 1887 1
1955 1883 1
1956 1915 1
1957 1880 1
1958 1863 1
1959 1865 1
1960 1887 1
1961 1893 1
1962 1924 1
1963 1885 1
1964 1876 1
1965 1915 1
1966 1887 2
1967 1877 1
1968 1887 1
1969 1898 1
1970 1877 1
1971 1881 1
1972 1906 1
1973 1887 1
1974 1883 1
1975 1928 1
1976 1918 1
1977 1887 1
1978 1889 1
1979 1912 1
1980 1887 1
1981 1901 1
1982 1884 1
1983 1885 1
1984 1916 1
1985 1918 1
1986 1910 1
1987 1915 1
1988 1942 1
1989 1912 1
1990 1891 1
1991 1894 1
1992 1903 1
1993 1891 1
1994 1898 1
1995 1942 1
1996 1942 1
1997 1917 1
1998 1965 1
1999 1940 1
2000 1908 1
