500
1 0 0
2 25 1
3 25 1
4 44 1
5 44 1
6 26 1
7 42 1
8 46 1
9 38 1
10 30 1
11 42 1
12 42 2
13 30 1
14 45 1
15 30 1
16 58 1
17 45 1
18 55 1
19 11 1
20 23 2
21 63 2
22 26 1
23 19 1
24 63 4
25 20 1
26 54 3
27 42 3
28 49 1
29 59 1
30 45 1
31 63 4
32 45 1
33 23 1
34 48 1
35 53 1
36 75 1
37 39 1
38 49 1
39 69 2
40 64 2
41 44 1
42 55 1
43 79 8
44 58 1
45 73 5
46 87 8
47 79 2
48 72 1
49 90 2
50 45 3
51 75 1
52 64 1
53 75 1
54 88 2
55 72 4
56 58 4
57 79 1
58 72 1
59 78 7
60 72 2
61 73 1
62 55 1
63 44 1
64 92 11
65 66 4
66 69 1
67 69 5
68 92 1
69 79 1
70 78 9
71 92 1
72 79 1
73 106 9
74 107 8
75 83 1
76 97 4
77 73 1
78 87 1
79 105 18
80 109 14
81 105 1
82 111 1
83 83 1
84 108 3
85 108 1
86 87 10
87 87 1
88 115 21
89 109 3
90 85 1
91 85 3
92 78 1
93 117 14
94 120 2
95 106 1
96 117 1
97 130 1
98 85 5
99 108 1
100 120 1
101 93 1
102 109 1
103 117 1
104 117 1
105 124 1
106 117 20
107 143 11
108 140 9
109 134 6
110 144 19
111 120 1
112 133 2
113 140 1
114 120 1
115 117 1
116 134 25
117 115 1
118 149 39
119 138 1
120 122 1
121 146 6
122 146 1
123 134 3
124 138 1
125 129 2
126 152 1
127 115 1
128 152 1
129 154 1
130 155 3
131 151 2
132 122 1
133 148 1
134 151 3
135 168 35
136 154 1
137 166 1
138 115 1
139 149 3
140 146 1
141 153 11
142 168 1
143 168 1
144 155 12
145 168 20
146 149 1
147 148 9
148 155 1
149 151 12
150 185 44
151 148 1
152 179 18
153 171 3
154 169 12
155 174 3
156 194 17
157 185 1
158 166 2
159 162 1
160 162 1
161 168 10
162 179 1
163 179 5
164 157 1
165 174 1
166 185 1
167 160 9
168 190 1
169 192 71
170 185 13
171 190 4
172 166 5
173 170 3
174 174 2
175 199 8
176 194 1
177 168 1
178 185 1
179 174 1
180 185 35
181 171 1
182 162 1
183 172 2
184 217 2
185 215 1
186 216 97
187 227 1
188 179 1
189 162 1
190 168 2
191 179 7
192 190 1
193 215 72
194 216 1
195 0 19
196 182 1
197 173 1
198 226 2
199 183 1
200 217 9
201 0 3
202 189 1
203 221 1
204 216 12
205 200 1
206 209 6
207 215 1
208 233 1
209 221 1
210 203 11
211 185 1
212 213 1
213 197 1
214 179 2
215 233 1
216 0 165
217 0 169
218 230 15
219 0 1
220 0 1
221 216 49
222 258 3
223 220 1
224 227 2
225 216 1
226 246 1
227 261 6
228 209 4
229 205 1
230 205 4
231 215 17
232 217 2
233 217 1
234 229 3
235 215 27
236 215 1
237 242 1
238 0 1
239 226 2
240 223 1
241 231 1
242 264 2
243 252 10
244 242 7
245 226 1
246 215 1
247 258 2
248 200 1
249 242 1
250 0 62
251 270 4
252 252 1
253 220 47
254 252 1
255 215 44
256 241 1
257 265 1
258 230 1
259 261 10
260 0 1
261 216 8
262 264 23
263 238 1
264 265 3
265 234 26
266 260 5
267 250 1
268 254 4
269 243 6
270 0 77
271 254 23
272 254 1
273 254 14
274 254 1
275 250 2
276 258 1
277 261 5
278 272 13
279 249 61
280 252 32
281 296 1
282 287 1
283 267 1
284 252 2
285 260 1
286 258 1
287 263 1
288 276 4
289 258 1
290 258 1
291 268 1
292 261 1
293 267 1
294 278 1
295 260 1
296 263 1
297 298 2
298 267 1
299 268 4
300 269 76
301 314 1
302 279 24
303 314 1
304 270 18
305 279 1
306 278 59
307 279 1
308 303 1
309 312 1
310 274 1
311 277 12
312 321 2
313 305 12
314 321 1
315 312 7
316 298 1
317 279 2
318 312 1
319 287 1
320 321 1
321 279 3
322 301 22
323 283 1
324 305 1
325 303 14
326 303 2
327 305 33
328 305 8
329 312 1
330 314 4
331 305 4
332 299 12
333 351 1
334 287 1
335 321 1
336 310 11
337 359 1
338 299 15
339 341 1
340 329 1
341 351 2
342 299 2
343 299 1
344 299 45
345 312 1
346 327 2
347 301 1
348 311 1
349 329 1
350 320 2
351 331 1
352 343 17
353 316 1
354 321 1
355 337 14
356 345 1
357 376 1
358 324 12
359 326 1
360 321 14
361 330 1
362 343 27
363 329 1
364 326 29
365 335 10
366 321 1
367 324 1
368 326 2
369 340 1
370 325 1
371 373 1
372 351 1
373 327 5
374 361 22
375 359 1
376 359 1
377 359 2
378 367 1
379 331 10
380 391 1
381 351 2
382 351 1
383 330 2
384 359 2
385 359 1
386 351 8
387 363 16
388 349 1
389 373 1
390 364 1
391 380 1
392 373 2
393 357 9
394 372 1
395 364 6
396 354 2
397 351 1
398 385 6
399 357 1
400 354 11
401 383 1
402 394 1
403 373 1
404 373 16
405 385 1
406 359 2
407 363 1
408 363 8
409 357 1
410 359 3
411 363 3
412 378 5
413 378 1
414 394 1
415 361 4
416 397 5
417 372 3
418 364 2
419 392 2
420 378 3
421 394 1
422 386 2
423 407 2
424 399 1
425 392 5
426 407 1
427 386 5
428 399 3
429 382 1
430 394 2
431 407 1
432 386 8
433 411 2
434 436 1
435 418 1
436 395 1
437 415 4
438 399 3
439 414 2
440 414 1
441 407 1
442 410 2
443 407 1
444 392 1
445 399 3
446 403 15
447 431 4
448 436 2
449 419 1
450 417 1
451 416 2
452 409 2
453 407 1
454 405 1
455 437 1
456 445 3
457 411 2
458 444 1
459 456 1
460 451 1
461 446 1
462 445 1
463 424 1
464 446 1
465 422 1
466 424 1
467 419 1
468 446 1
469 426 3
470 426 1
471 424 1
472 431 1
473 481 1
474 445 3
475 427 1
476 445 1
477 424 1
478 473 1
479 421 1
480 427 1
481 429 1
482 445 2
483 431 1
484 445 2
485 437 1
486 431 1
487 432 1
488 438 1
489 483 1
490 445 1
491 455 1
492 455 1
493 445 1
494 447 1
495 468 1
496 441 1
497 473 1
498 444 1
499 468 1
500 450 1
