500
1 0 0
2 43 1
3 16 1
4 6 1
5 13 1
6 10 3
7 5 2
8 34 1
9 30 1
10 30 1
11 17 4
12 17 1
13 33 1
14 36 2
15 16 1
16 23 1
17 18 3
18 30 8
19 49 4
20 33 1
21 26 1
22 43 1
23 47 1
24 49 2
25 26 1
26 26 1
27 47 4
28 49 2
29 68 1
30 17 2
31 65 11
32 65 1
33 49 1
34 56 3
35 45 4
36 61 1
37 69 3
38 47 1
39 65 2
40 62 1
41 34 1
42 62 1
43 64 1
44 81 3
45 29 1
46 65 5
47 38 1
48 78 8
49 70 1
50 76 10
51 47 1
52 70 1
53 55 1
54 70 1
55 75 1
56 68 2
57 77 4
58 34 1
59 68 1
60 27 1
61 86 1
62 82 2
63 77 3
64 74 1
65 87 2
66 69 20
67 69 1
68 76 1
69 93 6
70 90 25
71 91 4
72 93 1
73 68 1
74 90 1
75 88 2
76 87 2
77 88 12
78 90 8
79 90 9
80 86 1
81 96 1
82 87 4
83 111 3
84 107 1
85 111 1
86 111 1
87 110 3
88 118 9
89 116 16
90 118 1
91 110 44
92 121 5
93 124 1
94 109 8
95 105 1
96 88 1
97 114 2
98 116 1
99 117 1
100 116 1
101 114 1
102 130 3
103 129 1
104 112 1
105 101 1
106 135 2
107 110 1
108 128 2
109 101 1
110 122 9
111 140 49
112 119 6
113 129 2
114 135 1
115 146 4
116 119 1
117 134 19
118 150 2
119 150 11
120 152 8
121 121 1
122 130 7
123 123 26
124 139 29
125 139 2
126 140 1
127 139 1
128 152 1
129 158 3
130 130 4
131 122 16
132 139 1
133 138 1
134 175 2
135 166 20
136 164 4
137 123 2
138 140 1
139 175 2
140 149 34
141 171 52
142 133 1
143 166 1
144 136 1
145 154 1
146 149 1
147 171 5
148 130 1
149 171 1
150 187 36
151 170 14
152 187 1
153 167 10
154 156 1
155 187 8
156 193 1
157 170 3
158 162 1
159 154 5
160 158 1
161 169 1
162 171 1
163 197 2
164 166 1
165 175 45
166 171 1
167 178 23
168 164 11
169 171 1
170 184 6
171 192 19
172 0 62
173 187 1
174 178 1
175 179 1
176 205 59
177 0 4
178 156 1
179 0 25
180 0 2
181 175 1
182 223 1
183 190 2
184 0 1
185 175 8
186 176 2
187 154 1
188 0 48
189 192 8
190 185 1
191 203 3
192 208 1
193 164 29
194 223 2
195 208 1
196 223 1
197 203 1
198 212 3
199 169 4
200 208 1
201 182 1
202 187 1
203 170 1
204 207 6
205 176 1
206 0 60
207 208 1
208 233 12
209 188 7
210 241 9
211 0 18
212 241 1
213 207 4
214 0 4
215 192 1
216 0 1
217 209 1
218 0 31
219 198 2
220 0 1
221 203 1
222 241 1
223 198 1
224 209 6
225 213 1
226 217 1
227 0 1
228 210 16
229 184 1
230 233 1
231 233 15
232 208 1
233 209 1
234 217 29
235 0 2
236 0 2
237 213 2
238 238 1
239 227 4
240 249 2
241 238 1
242 253 15
243 0 64
244 207 1
245 208 1
246 0 69
247 248 13
248 223 1
249 230 14
250 260 24
251 236 1
252 239 1
253 279 1
254 242 36
255 0 104
256 210 1
257 218 1
258 242 18
259 249 3
260 238 1
261 262 25
262 253 20
263 254 26
264 227 11
265 242 9
266 268 1
267 249 16
268 254 52
269 266 6
270 245 49
271 246 1
272 249 1
273 279 1
274 263 4
275 245 18
276 263 1
277 266 3
278 254 1
279 254 1
280 246 11
281 249 1
282 241 2
283 235 1
284 234 1
285 245 1
286 258 1
287 263 5
288 286 1
289 276 1
290 254 1
291 241 1
292 261 16
293 269 19
294 279 2
295 254 22
296 266 6
297 268 4
298 281 1
299 279 3
300 279 1
301 274 1
302 273 1
303 309 26
304 279 2
305 273 1
306 261 3
307 274 2
308 258 1
309 274 8
310 269 29
311 257 16
312 273 1
313 264 8
314 257 1
315 276 1
316 267 51
317 274 2
318 274 4
319 303 1
320 351 1
321 295 4
322 312 7
323 292 1
324 291 15
325 292 1
326 323 8
327 325 1
328 292 16
329 295 1
330 298 1
331 286 3
332 325 1
333 296 3
334 293 1
335 317 3
336 336 1
337 315 24
338 309 2
339 294 21
340 325 1
341 315 24
342 308 1
343 346 2
344 323 1
345 305 1
346 315 1
347 336 13
348 306 1
349 305 1
350 325 1
351 298 1
352 330 2
353 302 25
354 374 1
355 337 1
356 308 6
357 321 4
358 327 1
359 316 1
360 310 15
361 361 1
362 323 2
363 336 1
364 315 1
365 327 1
366 320 3
367 321 2
368 359 7
369 336 1
370 327 1
371 342 1
372 323 1
373 325 1
374 323 1
375 332 2
376 325 1
377 323 1
378 346 1
379 336 7
380 325 1
381 340 22
382 359 1
383 338 1
384 338 4
385 352 11
386 338 7
387 338 2
388 327 12
389 359 6
390 380 13
391 346 9
392 393 1
393 334 2
394 389 4
395 393 1
396 340 1
397 352 2
398 338 6
399 437 1
400 352 11
401 399 3
402 384 3
403 355 5
404 378 4
405 384 2
406 356 3
407 365 1
408 384 2
409 367 6
410 384 1
411 366 1
412 384 1
413 384 1
414 383 3
415 380 7
416 365 1
417 378 2
418 387 1
419 404 1
420 386 1
421 390 5
422 400 1
423 380 1
424 387 4
425 400 1
426 393 1
427 388 3
428 401 2
429 387 5
430 388 1
431 387 1
432 461 1
433 385 6
434 413 1
435 399 2
436 426 2
437 388 1
438 442 3
439 442 1
440 396 1
441 399 4
442 392 1
443 389 8
444 423 1
445 390 3
446 408 1
447 397 5
448 437 1
449 399 1
450 414 6
451 427 1
452 402 4
453 446 1
454 403 3
455 413 1
456 420 3
457 408 4
458 407 1
459 405 2
460 428 1
461 420 1
462 449 3
463 446 1
464 432 1
465 416 1
466 428 1
467 423 2
468 440 1
469 432 1
470 432 2
471 434 1
472 428 1
473 444 1
474 449 1
475 446 1
476 442 1
477 449 1
478 453 1
479 440 2
480 428 1
481 461 1
482 444 1
483 435 1
484 446 1
485 456 1
486 432 1
487 442 1
488 442 1
489 451 3
490 469 1
491 478 1
492 488 1
493 456 1
494 488 1
495 456 1
496 455 1
497 466 1
498 453 1
499 455 1
500 458 1
