700
1 0 0
2 25 1
3 33 1
4 53 1
5 20 1
6 37 1
7 52 1
8 32 3
9 52 1
10 65 1
11 33 1
12 16 1
13 41 1
14 37 1
15 41 1
16 7 2
17 45 2
18 36 1
19 15 1
20 20 1
21 65 3
22 69 1
23 74 1
24 65 1
25 65 1
26 65 2
27 73 1
28 65 1
29 77 1
30 46 1
31 74 2
32 45 1
33 54 4
34 73 3
35 63 1
36 79 1
37 63 3
38 81 3
39 73 1
40 54 4
41 55 1
42 88 3
43 39 1
44 36 1
45 82 2
46 77 4
47 39 2
48 30 1
49 94 1
50 94 1
51 69 1
52 55 1
53 63 3
54 65 2
55 94 9
56 93 3
57 81 1
58 68 1
59 78 1
60 68 1
61 93 1
62 68 1
63 80 1
64 84 9
65 44 1
66 108 12
67 94 1
68 79 1
69 108 4
70 121 3
71 63 1
72 91 1
73 98 1
74 107 6
75 99 4
76 102 1
77 107 1
78 119 6
79 118 2
80 124 3
81 102 2
82 126 5
83 110 3
84 108 1
85 99 10
86 126 1
87 92 1
88 118 1
89 121 4
90 118 1
91 105 1
92 131 2
93 124 2
94 103 6
95 128 13
96 108 1
97 103 1
98 118 1
99 118 2
100 121 15
101 121 1
102 128 1
103 146 4
104 132 8
105 138 1
106 138 2
107 108 1
108 140 8
109 151 20
110 125 1
111 138 4
112 140 1
113 124 1
114 132 2
115 124 1
116 132 1
117 160 1
118 151 1
119 152 8
120 151 7
121 93 1
122 146 25
123 125 2
124 133 1
125 164 8
126 132 4
127 146 7
128 132 1
129 164 18
130 151 1
131 151 1
132 173 3
133 162 17
134 128 2
135 156 1
136 167 1
137 173 1
138 158 1
139 188 8
140 182 1
141 181 10
142 122 1
143 121 1
144 182 1
145 113 1
146 188 1
147 186 37
148 167 1
149 168 1
150 128 1
151 163 1
152 203 31
153 181 9
154 190 1
155 162 1
156 198 1
157 163 2
158 181 1
159 173 2
160 173 1
161 164 2
162 173 1
163 164 23
164 214 4
165 222 53
166 173 1
167 201 1
168 210 3
169 202 2
170 186 1
171 164 1
172 201 1
173 210 1
174 202 10
175 162 4
176 190 1
177 188 1
178 210 1
179 174 1
180 187 1
181 202 1
182 235 22
183 234 3
184 201 1
185 174 2
186 205 1
187 233 39
188 237 3
189 240 11
190 211 1
191 202 4
192 210 1
193 233 1
194 231 1
195 233 1
196 187 1
197 235 1
198 237 1
199 216 2
200 184 1
201 216 1
202 240 4
203 207 18
204 240 32
205 240 1
206 228 2
207 181 1
208 216 19
209 235 1
210 190 1
211 240 7
212 242 3
213 223 1
214 260 1
215 260 29
216 240 1
217 214 23
218 240 1
219 237 2
220 211 1
221 259 2
222 228 1
223 261 54
224 240 2
225 214 1
226 237 1
227 220 1
228 218 1
229 282 5
230 228 1
231 253 1
232 256 2
233 269 1
234 258 42
235 240 4
236 282 25
237 272 1
238 272 13
239 258 1
240 258 1
241 291 64
242 288 1
243 237 5
244 258 1
245 272 1
246 282 1
247 249 1
248 250 1
249 273 3
250 269 7
251 256 3
252 283 1
253 249 5
254 307 10
255 253 8
256 272 1
257 254 7
258 248 2
259 291 46
260 302 5
261 290 50
262 307 55
263 295 1
264 256 1
265 272 2
266 290 2
267 274 20
268 259 1
269 257 1
270 273 10
271 260 2
272 252 1
273 266 19
274 260 15
275 305 21
276 290 2
277 277 1
278 311 9
279 242 1
280 250 1
281 273 1
282 318 1
283 318 32
284 277 6
285 277 1
286 252 1
287 318 1
288 260 1
289 344 2
290 252 1
291 325 55
292 344 111
293 318 1
294 252 1
295 264 1
296 332 2
297 306 1
298 350 1
299 348 4
300 260 1
301 344 1
302 269 1
303 310 6
304 307 1
305 283 4
306 307 22
307 312 2
308 335 89
309 304 1
310 259 1
311 348 24
312 321 10
313 335 3
314 366 1
315 265 1
316 333 10
317 342 1
318 328 1
319 0 36
320 332 1
321 344 1
322 346 11
323 270 1
324 298 3
325 366 1
326 0 56
327 337 12
328 0 1
329 0 2
330 337 1
331 310 5
332 275 1
333 0 4
334 326 11
335 337 1
336 0 167
337 0 1
338 358 15
339 0 1
340 0 2
341 304 2
342 310 1
343 355 2
344 356 1
345 0 157
346 310 11
347 357 12
348 339 1
349 366 29
350 357 1
351 330 2
352 323 1
353 330 2
354 323 1
355 352 1
356 345 7
357 0 44
358 335 72
359 357 16
360 387 1
361 315 3
362 379 1
363 364 1
364 335 2
365 315 6
366 368 1
367 371 33
368 360 2
369 355 2
370 366 1
371 345 2
372 344 41
373 0 2
374 396 1
375 364 2
376 345 1
377 396 1
378 355 2
379 340 1
380 371 3
381 0 1
382 379 1
383 387 2
384 385 1
385 371 2
386 387 3
387 415 1
388 357 42
389 394 1
390 371 1
391 367 1
392 387 1
393 364 2
394 382 1
395 407 2
396 400 2
397 387 20
398 374 1
399 399 29
400 356 34
401 0 225
402 356 8
403 371 1
404 384 1
405 363 1
406 400 1
407 455 1
408 415 3
409 372 1
410 400 1
411 370 1
412 398 27
413 395 1
414 385 1
415 416 1
416 453 5
417 455 2
418 453 1
419 437 12
420 453 1
421 377 1
422 387 1
423 400 1
424 457 1
425 441 1
426 392 1
427 396 17
428 418 9
429 400 1
430 387 12
431 387 1
432 455 2
433 418 1
434 400 1
435 398 1
436 446 1
437 440 2
438 426 16
439 418 1
440 400 91
441 399 4
442 439 90
443 436 1
444 411 26
445 458 5
446 444 1
447 401 7
448 468 1
449 427 1
450 427 4
451 400 126
452 449 1
453 492 1
454 460 38
455 455 1
456 453 9
457 453 1
458 437 2
459 453 6
460 427 2
461 441 40
462 446 5
463 449 1
464 464 5
465 481 11
466 461 4
467 427 1
468 431 1
469 453 2
470 443 25
471 449 1
472 463 1
473 469 1
474 441 45
475 437 1
476 455 1
477 444 1
478 478 1
479 441 2
480 469 22
481 429 8
482 453 12
483 440 1
484 429 3
485 473 42
486 465 1
487 450 53
488 459 1
489 450 69
490 441 1
491 465 2
492 490 1
493 444 2
494 450 3
495 463 1
496 488 1
497 515 1
498 460 1
499 455 1
500 488 1
501 486 1
502 486 1
503 473 1
504 486 6
505 473 1
506 469 1
507 464 5
508 493 1
509 463 2
510 480 5
511 503 3
512 480 1
513 486 1
514 479 21
515 488 66
516 513 3
517 536 1
518 509 1
519 486 1
520 510 1
521 480 1
522 525 10
523 503 1
524 532 2
525 532 1
526 484 41
527 483 1
528 503 1
529 483 1
530 514 10
531 513 1
532 486 42
533 506 4
534 536 1
535 509 3
536 493 1
537 513 14
538 514 2
539 546 26
540 558 1
541 514 1
542 515 1
543 559 1
544 513 2
545 510 1
546 508 1
547 514 51
548 550 1
549 550 1
550 525 15
551 549 14
552 531 8
553 514 1
554 538 1
555 538 24
556 523 1
557 543 1
558 531 16
559 536 5
560 521 9
561 525 15
562 534 2
563 561 1
564 529 7
565 591 1
566 546 1
567 546 1
568 560 4
569 531 17
570 546 15
571 557 11
572 536 4
573 529 2
574 536 1
575 569 4
576 536 1
577 557 1
578 546 7
579 554 18
580 550 5
581 550 1
582 568 1
583 563 2
584 550 5
585 557 1
586 557 2
587 551 1
588 537 1
589 579 1
590 578 1
591 558 1
592 578 4
593 569 7
594 559 7
595 563 1
596 551 6
597 578 1
598 583 4
599 591 1
600 572 1
601 568 1
602 554 5
603 574 1
604 593 1
605 579 1
606 578 8
607 568 1
608 568 12
609 569 3
610 568 1
611 591 1
612 560 10
613 558 2
614 627 1
615 633 1
616 563 3
617 593 5
618 571 3
619 567 3
620 574 1
621 578 1
622 597 1
623 579 2
624 570 10
625 574 1
626 595 3
627 582 1
628 629 2
629 611 3
630 623 4
631 585 1
632 578 2
633 577 6
634 605 7
635 611 1
636 597 1
637 592 3
638 617 1
639 592 1
640 601 1
641 595 1
642 623 1
643 611 2
644 612 1
645 611 1
646 595 1
647 611 2
648 601 2
649 592 2
650 597 1
651 601 1
652 608 1
653 607 7
654 607 2
655 636 1
656 669 2
657 616 1
658 623 2
659 632 1
660 607 1
661 616 1
662 607 1
663 625 1
664 615 1
665 669 1
666 608 1
667 618 2
668 623 2
669 636 1
670 633 4
671 686 1
672 616 1
673 615 1
674 622 1
675 652 1
676 617 1
677 616 1
678 652 1
679 657 1
680 652 2
681 679 1
682 632 1
683 646 1
684 625 1
685 652 1
686 666 1
687 628 2
688 629 1
689 648 1
690 652 1
691 631 1
692 642 1
693 632 1
694 647 1
695 667 1
696 633 1
697 632 1
698 632 1
699 653 1
700 655 1
