200
1 0 0
2 19 1
3 35 1
4 31 1
5 33 1
6 35 1
7 31 1
8 8 1
9 35 5
10 38 1
11 31 1
12 29 1
13 31 1
14 31 1
15 51 1
16 35 1
17 38 1
18 32 1
19 53 1
20 56 2
21 41 1
22 31 1
23 35 1
24 8 1
25 56 1
26 64 2
27 35 1
28 70 1
29 8 1
30 72 2
31 25 1
32 74 7
33 62 2
34 64 2
35 8 1
36 72 12
37 50 1
38 50 1
39 76 3
40 72 1
41 62 1
42 56 2
43 72 1
44 35 1
45 64 1
46 72 1
47 67 1
48 64 1
49 62 1
50 67 1
51 79 3
52 74 2
53 64 1
54 74 2
55 72 1
56 66 1
57 96 8
58 62 1
59 56 1
60 73 1
61 67 1
62 67 1
63 0 6
64 73 1
65 74 9
66 74 1
67 74 2
68 92 7
69 67 1
70 64 1
71 0 2
72 56 1
73 0 19
74 96 3
75 0 34
76 96 2
77 74 4
78 110 1
79 96 1
80 74 4
81 0 2
82 67 1
83 0 1
84 74 1
85 74 1
86 75 1
87 0 1
88 92 1
89 0 3
90 0 1
91 114 1
92 80 1
93 0 10
94 88 1
95 114 2
96 114 1
97 0 33
98 0 1
99 113 1
100 114 1
101 96 1
102 106 1
103 114 1
104 0 1
105 88 1
106 114 2
107 0 4
108 96 1
109 114 1
110 0 2
111 96 5
112 96 1
113 96 1
114 0 18
115 0 17
116 114 2
117 114 1
118 0 4
119 0 3
120 0 5
121 0 1
122 114 2
123 96 6
124 0 1
125 113 1
126 96 1
127 0 5
128 109 1
129 94 1
130 114 1
131 0 1
132 0 1
133 96 1
134 110 1
135 137 1
136 92 1
137 96 1
138 113 8
139 106 1
140 126 1
141 0 6
142 114 1
143 0 2
144 0 15
145 118 1
146 110 2
147 105 1
148 148 1
149 143 3
150 113 5
151 106 1
152 121 1
153 118 1
154 113 2
155 137 3
156 115 1
157 117 3
158 153 1
159 119 4
160 122 2
161 143 2
162 149 1
163 122 2
164 143 3
165 122 1
166 137 3
167 126 2
168 126 1
169 143 2
170 140 3
171 140 2
172 158 1
173 158 1
174 143 1
175 143 1
176 142 1
177 156 1
178 143 2
179 154 1
180 149 1
181 163 1
182 145 1
183 162 1
184 158 1
185 148 1
186 149 1
187 169 1
188 156 1
189 154 1
190 149 1
191 166 1
192 163 1
193 169 1
194 160 1
195 177 1
196 170 1
197 159 1
198 165 1
199 165 1
200 168 1
