2000
1 0 0
2 44 1
3 52 1
4 12 1
5 39 1
6 44 1
7 69 1
8 85 1
9 58 1
10 76 1
11 80 1
12 29 1
13 90 3
14 60 2
15 47 1
16 83 1
17 87 1
18 85 1
19 89 1
20 78 1
21 101 1
22 57 1
23 100 1
24 60 1
25 75 1
26 67 1
27 76 1
28 80 1
29 87 1
30 75 2
31 101 2
32 85 1
33 87 1
34 95 1
35 13 1
36 84 1
37 65 1
38 92 1
39 116 1
40 47 5
41 75 1
42 100 1
43 111 1
44 111 1
45 81 3
46 73 1
47 87 1
48 90 7
49 30 1
50 101 1
51 86 1
52 89 2
53 122 2
54 12 1
55 51 1
56 67 1
57 39 1
58 90 3
59 104 2
60 101 1
61 135 4
62 108 1
63 113 1
64 90 1
65 39 1
66 139 2
67 39 1
68 147 3
69 91 1
70 97 2
71 140 1
72 147 1
73 140 1
74 103 2
75 85 1
76 113 5
77 157 3
78 135 1
79 149 2
80 157 1
81 119 3
82 154 5
83 152 1
84 132 2
85 158 2
86 184 5
87 139 2
88 182 6
89 116 1
90 179 4
91 184 15
92 179 2
93 157 2
94 139 1
95 87 1
96 158 3
97 95 1
98 154 3
99 157 1
100 141 1
101 161 6
102 173 6
103 179 1
104 174 3
105 158 3
106 149 1
107 190 1
108 190 8
109 170 2
110 81 1
111 57 1
112 188 3
113 190 1
114 107 7
115 145 1
116 143 1
117 199 4
118 157 1
119 149 1
120 189 4
121 184 1
122 190 1
123 167 3
124 190 1
125 199 1
126 129 1
127 100 1
128 193 1
129 152 1
130 177 2
131 154 1
132 184 1
133 196 3
134 179 1
135 135 1
136 170 7
137 216 1
138 190 1
139 190 1
140 219 6
141 210 3
142 193 2
143 160 1
144 177 2
145 189 1
146 161 3
147 184 1
148 239 5
149 179 1
150 223 5
151 179 1
152 240 1
153 227 3
154 100 1
155 223 11
156 116 1
157 179 1
158 226 9
159 236 9
160 170 1
161 234 3
162 239 10
163 100 1
164 196 1
165 227 1
166 190 1
167 226 1
168 240 4
169 194 1
170 184 1
171 222 12
172 193 1
173 160 1
174 240 7
175 246 4
176 247 1
177 195 1
178 184 5
179 226 1
180 254 12
181 257 1
182 226 1
183 252 7
184 227 1
185 247 30
186 227 1
187 240 1
188 216 1
189 257 4
190 272 6
191 260 16
192 240 1
193 242 1
194 219 5
195 262 2
196 223 2
197 277 5
198 208 1
199 154 1
200 262 6
201 145 1
202 223 1
203 236 1
204 247 1
205 240 1
206 264 1
207 170 1
208 254 1
209 260 2
210 260 1
211 283 4
212 264 1
213 236 1
214 253 1
215 246 1
216 252 1
217 294 3
218 272 1
219 246 1
220 246 12
221 227 1
222 301 1
223 277 13
224 285 20
225 254 1
226 247 1
227 305 13
228 276 8
229 277 1
230 246 1
231 276 1
232 273 1
233 251 1
234 284 1
235 254 4
236 260 1
237 312 12
238 276 1
239 284 1
240 306 16
241 315 16
242 246 1
243 290 2
244 305 1
245 265 2
246 277 1
247 305 23
248 310 34
249 260 1
250 246 1
251 319 1
252 257 2
253 321 9
254 301 3
255 329 19
256 319 1
257 306 1
258 285 8
259 306 1
260 276 1
261 338 22
262 332 1
263 300 10
264 305 1
265 339 3
266 338 3
267 246 1
268 275 1
269 285 1
270 329 1
271 328 1
272 284 1
273 340 8
274 327 2
275 262 1
276 347 2
277 324 12
278 329 21
279 329 1
280 348 1
281 284 1
282 304 1
283 301 1
284 308 5
285 350 5
286 295 30
287 324 1
288 312 1
289 244 1
290 308 1
291 330 4
292 319 1
293 253 1
294 324 1
295 329 4
296 345 31
297 374 1
298 308 1
299 319 1
300 365 1
301 315 31
302 357 6
303 352 1
304 290 1
305 350 2
306 366 39
307 348 19
308 317 1
309 326 8
310 378 1
311 334 35
312 373 1
313 372 14
314 348 1
315 346 1
316 378 48
317 344 1
318 373 2
319 366 1
320 331 5
321 324 1
322 374 10
323 359 1
324 331 1
325 300 20
326 338 1
327 359 9
328 346 3
329 341 2
330 401 47
331 416 5
332 367 7
333 401 2
334 416 1
335 400 37
336 384 1
337 391 1
338 401 1
339 391 27
340 415 4
341 423 9
342 410 3
343 377 1
344 391 1
345 400 2
346 443 32
347 353 5
348 372 3
349 440 22
350 373 1
351 428 8
352 324 1
353 419 2
354 420 6
355 334 1
356 357 2
357 407 1
358 366 9
359 404 1
360 415 11
361 415 1
362 440 1
363 367 1
364 324 3
365 415 1
366 458 2
367 428 52
368 397 9
369 366 1
370 428 1
371 416 1
372 366 1
373 453 18
374 438 7
375 423 12
376 401 1
377 453 1
378 404 3
379 407 68
380 430 1
381 407 1
382 355 1
383 363 1
384 378 1
385 373 2
386 423 1
387 432 1
388 428 1
389 415 1
390 476 1
391 416 1
392 432 30
393 458 1
394 416 1
395 404 4
396 423 1
397 398 1
398 428 21
399 458 2
400 427 1
401 466 41
402 506 52
403 414 1
404 394 1
405 405 13
406 378 16
407 428 1
408 492 83
409 492 1
410 430 1
411 456 4
412 483 1
413 414 1
414 407 12
415 505 4
416 508 19
417 506 10
418 400 1
419 377 1
420 498 3
421 506 7
422 456 1
423 394 1
424 504 24
425 432 1
426 363 1
427 397 2
428 397 4
429 520 85
430 413 6
431 505 3
432 472 1
433 504 33
434 414 1
435 394 1
436 466 1
437 463 1
438 483 1
439 505 9
440 378 1
441 527 24
442 397 1
443 504 1
444 459 33
445 404 3
446 519 1
447 523 1
448 426 1
449 404 1
450 522 1
451 498 1
452 494 1
453 506 1
454 536 20
455 484 1
456 397 4
457 527 6
458 458 1
459 553 7
460 505 34
461 539 1
462 413 4
463 551 1
464 514 2
465 505 1
466 405 1
467 529 43
468 438 1
469 444 1
470 413 1
471 504 1
472 455 1
473 536 2
474 494 2
475 552 1
476 405 1
477 514 2
478 553 1
479 455 2
480 444 1
481 554 1
482 427 1
483 473 1
484 550 3
485 520 2
486 514 2
487 553 1
488 478 1
489 525 5
490 544 1
491 525 1
492 429 4
493 508 86
494 488 4
495 561 5
496 427 1
497 461 1
498 552 1
499 535 5
500 494 1
501 558 1
502 561 1
503 520 12
504 491 1
505 581 61
506 554 52
507 583 71
508 572 1
509 559 106
510 429 1
511 485 1
512 581 1
513 546 1
514 581 1
515 559 7
516 583 1
517 554 1
518 504 1
519 525 1
520 491 2
521 550 100
522 525 1
523 586 2
524 600 2
525 586 1
526 502 10
527 554 1
528 611 31
529 525 1
530 583 44
531 502 1
532 586 1
533 461 2
534 614 1
535 572 1
536 600 6
537 587 23
538 554 1
539 581 1
540 569 2
541 554 1
542 613 1
543 532 1
544 583 1
545 587 2
546 550 1
547 587 2
548 624 1
549 600 1
550 623 1
551 586 106
552 606 2
553 614 3
554 610 10
555 623 58
556 597 1
557 625 1
558 493 3
559 614 2
560 600 116
561 617 1
562 614 7
563 581 1
564 586 1
565 492 1
566 583 1
567 645 1
568 645 1
569 557 1
570 613 3
571 613 1
572 627 1
573 648 3
574 624 1
575 575 1
576 593 2
577 559 2
578 609 1
579 644 1
580 596 1
581 576 1
582 647 67
583 593 1
584 649 119
585 624 1
586 625 1
587 610 114
588 609 28
589 550 1
590 625 1
591 625 1
592 621 1
593 625 1
594 636 4
595 557 1
596 609 1
597 586 2
598 642 2
599 643 1
600 661 1
601 654 127
602 655 1
603 624 1
604 581 1
605 645 1
606 647 1
607 624 3
608 645 1
609 664 1
610 683 32
611 663 127
612 623 32
613 665 3
614 666 6
615 647 14
616 666 1
617 666 1
618 624 3
619 609 1
620 654 1
621 633 1
622 673 3
623 643 1
624 693 92
625 691 11
626 678 6
627 612 1
628 682 2
629 696 1
630 647 1
631 691 1
632 647 1
633 667 1
634 610 2
635 643 1
636 678 1
637 693 5
638 600 1
639 678 1
640 654 1
641 700 1
642 612 1
643 698 3
644 685 4
645 687 2
646 694 5
647 621 1
648 717 85
649 678 4
650 713 120
651 688 1
652 733 1
653 687 1
654 654 1
655 730 132
656 664 2
657 682 1
658 661 1
659 699 1
660 662 1
661 663 2
662 708 3
663 696 2
664 725 130
665 722 4
666 722 4
667 678 9
668 728 2
669 617 1
670 654 1
671 730 1
672 688 1
673 711 1
674 743 5
675 687 1
676 716 1
677 713 3
678 706 1
679 729 22
680 738 1
681 761 1
682 706 1
683 743 4
684 738 33
685 660 1
686 749 5
687 722 24
688 737 6
689 742 3
690 673 1
691 676 1
692 701 13
693 765 1
694 733 98
695 732 6
696 743 9
697 733 4
698 745 1
699 695 4
700 732 2
701 763 2
702 729 21
703 676 1
704 737 1
705 732 2
706 732 1
707 718 4
708 714 6
709 695 4
710 687 1
711 733 1
712 747 2
713 729 1
714 776 124
715 686 22
716 707 1
717 737 5
718 809 86
719 742 52
720 716 1
721 704 1
722 729 1
723 718 37
724 802 1
725 783 79
726 807 131
727 718 8
728 686 1
729 754 3
730 773 51
731 769 134
732 807 1
733 802 12
734 806 105
735 809 1
736 763 6
737 742 1
738 785 13
739 831 35
740 773 11
741 716 2
742 824 1
743 784 57
744 780 99
745 701 7
746 729 4
747 777 1
748 822 3
749 739 10
750 769 6
751 773 1
752 788 5
753 748 3
754 824 1
755 707 4
756 748 3
757 811 1
758 766 1
759 744 1
760 814 1
761 807 1
762 744 2
763 780 1
764 792 9
765 807 1
766 801 2
767 824 2
768 838 1
769 722 4
770 809 141
771 777 1
772 724 78
773 785 1
774 771 66
775 706 1
776 814 1
777 838 125
778 831 3
779 751 3
780 729 1
781 824 106
782 735 5
783 714 15
784 743 80
785 836 58
786 827 20
787 744 1
788 718 2
789 726 7
790 768 3
791 821 1
792 795 1
793 807 10
794 807 1
795 752 1
796 748 3
797 744 1
798 744 1
799 781 4
800 755 1
801 740 1
802 782 4
803 850 14
804 881 1
805 780 5
806 881 1
807 881 106
808 864 146
809 771 11
810 887 229
811 894 1
812 834 2
813 869 1
814 751 1
815 887 4
816 867 1
817 833 2
818 752 1
819 773 2
820 838 1
821 755 1
822 745 2
823 782 7
824 854 1
825 898 111
826 845 1
827 816 1
828 847 23
829 898 1
830 887 1
831 785 2
832 850 39
833 861 1
834 785 3
835 869 28
836 854 1
837 856 59
838 778 2
839 918 128
840 814 1
841 851 1
842 818 1
843 837 1
844 789 2
845 787 1
846 822 2
847 782 2
848 834 25
849 869 1
850 795 1
851 918 54
852 798 3
853 782 1
854 918 1
855 902 3
856 804 4
857 881 69
858 856 9
859 801 1
860 857 7
861 894 1
862 808 9
863 827 1
864 874 1
865 908 148
866 918 1
867 861 1
868 951 2
869 912 2
870 918 31
871 910 7
872 870 5
873 788 1
874 890 1
875 898 2
876 859 6
877 868 1
878 891 1
879 924 1
880 951 1
881 808 1
882 925 186
883 830 1
884 918 1
885 969 2
886 918 1
887 951 1
888 962 235
889 857 1
890 918 1
891 910 3
892 855 3
893 935 2
894 870 1
895 938 4
896 846 1
897 909 1
898 827 1
899 905 115
900 881 6
901 864 1
902 843 1
903 861 4
904 822 1
905 970 1
906 918 117
907 894 1
908 892 1
909 925 165
910 861 2
911 908 11
912 976 4
913 942 11
914 905 1
915 890 1
916 881 1
917 908 3
918 851 1
919 0 336
920 899 1
921 981 2
922 967 3
923 978 1
924 920 1
925 912 4
926 987 352
927 990 1
928 921 1
929 990 1
930 976 1
931 941 1
932 1026 1
933 847 1
934 977 10
935 936 1
936 969 3
937 871 2
938 891 1
939 875 5
940 1030 1
941 976 1
942 911 3
943 994 17
944 871 2
945 921 1
946 978 1
947 881 1
948 953 1
949 1013 26
950 942 1
951 983 13
952 0 6
953 941 1
954 942 2
955 933 1
956 908 1
957 908 1
958 1006 1
959 0 1
960 971 1
961 884 1
962 0 1
963 0 612
964 899 4
965 924 1
966 942 1
967 1000 1
968 933 6
969 933 1
970 948 22
971 948 2
972 912 2
973 967 1
974 943 1
975 916 2
976 1005 2
977 998 10
978 950 11
979 1013 110
980 963 1
981 994 1
982 1030 11
983 933 1
984 969 15
985 990 1
986 1019 1
987 1013 1
988 0 360
989 990 1
990 0 1
991 1052 18
992 990 1
993 924 1
994 951 1
995 1048 27
996 950 1
997 912 1
998 0 1
999 990 11
1000 1006 1
1001 994 6
1002 1048 1
1003 948 1
1004 987 3
1005 967 1
1006 978 3
1007 981 3
1008 975 1
1009 1000 4
1010 912 1
1011 1049 1
1012 963 1
1013 990 1
1014 1019 139
1015 1018 1
1016 976 2
1017 1035 1
1018 0 1
1019 1026 2
1020 962 142
1021 0 2
1022 942 1
1023 1052 1
1024 963 1
1025 1083 1
1026 974 1
1027 978 102
1028 1015 1
1029 1065 1
1030 0 3
1031 1041 13
1032 994 1
1033 969 1
1034 1003 1
1035 983 1
1036 1060 2
1037 1052 2
1038 1003 1
1039 1069 1
1040 1103 2
1041 0 3
1042 1084 15
1043 1008 3
1044 962 215
1045 994 1
1046 981 5
1047 1036 1
1048 1013 1
1049 1091 31
1050 1060 88
1051 1091 1
1052 1041 1
1053 1095 60
1054 987 4
1055 1081 1
1056 1042 1
1057 1065 1
1058 962 19
1059 0 42
1060 0 339
1061 1059 92
1062 1098 1
1063 1091 6
1064 976 1
1065 1045 1
1066 1045 3
1067 1026 1
1068 1087 78
1069 1039 1
1070 978 2
1071 1053 1
1072 1052 34
1073 1108 1
1074 1076 1
1075 1116 1
1076 1076 1
1077 1094 32
1078 1020 1
1079 1111 1
1080 1060 1
1081 1019 1
1082 1113 4
1083 1026 1
1084 1090 85
1085 1071 32
1086 1026 7
1087 0 291
1088 1026 89
1089 1095 22
1090 1111 2
1091 1049 86
1092 1067 77
1093 1071 1
1094 1111 1
1095 1091 34
1096 1083 83
1097 1062 1
1098 1048 2
1099 1135 2
1100 1076 21
1101 1043 214
1102 1040 1
1103 1128 1
1104 1084 6
1105 1053 2
1106 1029 2
1107 1059 246
1108 1084 1
1109 1084 8
1110 1042 1
1111 1058 36
1112 1099 20
1113 1076 1
1114 1108 5
1115 1125 1
1116 1057 18
1117 1106 235
1118 1081 1
1119 1087 1
1120 1126 1
1121 1157 17
1122 1062 3
1123 1084 1
1124 1062 1
1125 1040 1
1126 1140 111
1127 1125 31
1128 1111 1
1129 1111 2
1130 1139 3
1131 1154 1
1132 1104 1
1133 1103 3
1134 1137 1
1135 1091 4
1136 1085 6
1137 1100 96
1138 1193 2
1139 1058 1
1140 1052 4
1141 1100 114
1142 1116 209
1143 1089 1
1144 1058 4
1145 1141 4
1146 1094 1
1147 1087 8
1148 1129 2
1149 1209 1
1150 1088 20
1151 1081 1
1152 1111 1
1153 1088 1
1154 1193 1
1155 1111 2
1156 1135 1
1157 1086 290
1158 1149 19
1159 1087 1
1160 1076 7
1161 1121 2
1162 1146 7
1163 1222 1
1164 1111 5
1165 1132 1
1166 1144 1
1167 1110 26
1168 1111 1
1169 1116 24
1170 1125 3
1171 1106 9
1172 1126 25
1173 1135 2
1174 1126 2
1175 1193 3
1176 1174 1
1177 1100 2
1178 1105 1
1179 1100 1
1180 1126 1
1181 1120 16
1182 1132 1
1183 1108 1
1184 1097 1
1185 1106 1
1186 1141 184
1187 1111 3
1188 1140 2
1189 1147 1
1190 1141 1
1191 1180 15
1192 1190 1
1193 1110 8
1194 1190 11
1195 1193 1
1196 1134 1
1197 1125 2
1198 1193 1
1199 1163 3
1200 1211 17
1201 1125 73
1202 1170 1
1203 1193 1
1204 1163 1
1205 1134 1
1206 1174 1
1207 1110 1
1208 1193 1
1209 1235 1
1210 1161 6
1211 1126 1
1212 1141 19
1213 1134 1
1214 1166 6
1215 1260 3
1216 1211 1
1217 1190 1
1218 1159 6
1219 1166 5
1220 1115 17
1221 1190 1
1222 1192 3
1223 1250 3
1224 1237 1
1225 1283 2
1226 1217 5
1227 1234 41
1228 1136 95
1229 1166 1
1230 1157 1
1231 1218 2
1232 1199 16
1233 1187 1
1234 1170 2
1235 1200 72
1236 1214 2
1237 1143 3
1238 1144 2
1239 1186 2
1240 1166 13
1241 1170 2
1242 1168 1
1243 1156 132
1244 1170 1
1245 1171 23
1246 1156 157
1247 1171 1
1248 1198 1
1249 1170 2
1250 1160 1
1251 1185 183
1252 1209 4
1253 1173 1
1254 1172 1
1255 1219 1
1256 1213 3
1257 1267 2
1258 1231 10
1259 1169 2
1260 1277 1
1261 1257 4
1262 1168 17
1263 1168 2
1264 1225 2
1265 1234 30
1266 1219 10
1267 1176 1
1268 1168 3
1269 1231 4
1270 1225 2
1271 1276 1
1272 1222 1
1273 1283 1
1274 1333 5
1275 1192 4
1276 1373 1
1277 1213 2
1278 1251 3
1279 1233 1
1280 1257 1
1281 1257 1
1282 1322 1
1283 1265 9
1284 1285 18
1285 1274 1
1286 1358 19
1287 1227 1
1288 1221 2
1289 1262 1
1290 1224 1
1291 1196 1
1292 1273 1
1293 1218 2
1294 1198 1
1295 1273 1
1296 1219 1
1297 1273 1
1298 1308 2
1299 1335 2
1300 1230 1
1301 1268 1
1302 1231 1
1303 1268 1
1304 1227 1
1305 1277 1
1306 1239 12
1307 1242 1
1308 1261 14
1309 1282 3
1310 1264 29
1311 1282 2
1312 1227 92
1313 1258 1
1314 1283 3
1315 1313 1
1316 1219 3
1317 1219 1
1318 1250 43
1319 1250 1
1320 1269 1
1321 1283 1
1322 1283 1
1323 1226 39
1324 1256 1
1325 1245 156
1326 1242 124
1327 1238 1
1328 1244 7
1329 1226 1
1330 1273 1
1331 1257 1
1332 1236 1
1333 1240 1
1334 1244 15
1335 1242 1
1336 1283 3
1337 1236 1
1338 1324 3
1339 1250 133
1340 1350 3
1341 1333 2
1342 1361 1
1343 1310 1
1344 1257 1
1345 1282 1
1346 1305 7
1347 1309 25
1348 1250 1
1349 1351 1
1350 1283 1
1351 1283 4
1352 1242 5
1353 1261 1
1354 1263 1
1355 1282 1
1356 1261 1
1357 1322 2
1358 1250 1
1359 1397 21
1360 1307 6
1361 1384 1
1362 1309 2
1363 1248 1
1364 1325 4
1365 1297 1
1366 1287 1
1367 1298 1
1368 1346 21
1369 1369 1
1370 1338 50
1371 1257 1
1372 1255 2
1373 1274 1
1374 1338 80
1375 1327 6
1376 1292 1
1377 1311 91
1378 1324 6
1379 1274 1
1380 1268 1
1381 1305 1
1382 1340 1
1383 1313 1
1384 1351 3
1385 1394 4
1386 1324 3
1387 1283 1
1388 1333 1
1389 1390 5
1390 1309 1
1391 1333 6
1392 1437 1
1393 1282 1
1394 1317 42
1395 1373 78
1396 1305 2
1397 1324 141
1398 1369 41
1399 1437 2
1400 1338 2
1401 1356 1
1402 1433 1
1403 1322 35
1404 1358 1
1405 1305 1
1406 1346 3
1407 1307 7
1408 1397 13
1409 1337 1
1410 1315 1
1411 1315 1
1412 1324 2
1413 1431 1
1414 1397 3
1415 1437 1
1416 1376 86
1417 1376 2
1418 1393 2
1419 1345 6
1420 1369 4
1421 1369 1
1422 1384 1
1423 1325 118
1424 1359 2
1425 1339 2
1426 1385 1
1427 1325 1
1428 1369 2
1429 1371 1
1430 1337 1
1431 1384 1
1432 1363 2
1433 1417 1
1434 1468 7
1435 1437 1
1436 1402 1
1437 1363 1
1438 1445 6
1439 1433 1
1440 1445 1
1441 1490 1
1442 1377 5
1443 1413 2
1444 1396 1
1445 1394 1
1446 1367 20
1447 1376 1
1448 1396 1
1449 1388 4
1450 1406 1
1451 1385 1
1452 1424 1
1453 1448 1
1454 1376 1
1455 1359 3
1456 1423 1
1457 1415 74
1458 1374 5
1459 1383 1
1460 1397 1
1461 1476 6
1462 1395 1
1463 1495 1
1464 1460 1
1465 1393 39
1466 1405 2
1467 1399 1
1468 1402 33
1469 1407 11
1470 1394 72
1471 1383 1
1472 1396 61
1473 1398 1
1474 1397 2
1475 1433 1
1476 1418 1
1477 1415 10
1478 1418 1
1479 1396 71
1480 1457 4
1481 1445 1
1482 1396 2
1483 1445 7
1484 1396 4
1485 1445 4
1486 1416 1
1487 1411 1
1488 1422 97
1489 1479 3
1490 1406 5
1491 1456 2
1492 1468 2
1493 1433 3
1494 1468 1
1495 1407 1
1496 1521 4
1497 1415 1
1498 1422 20
1499 1460 4
1500 1418 3
1501 1488 2
1502 1456 61
1503 1464 2
1504 1495 2
1505 1498 3
1506 1427 1
1507 1419 3
1508 1441 3
1509 1442 1
1510 1467 1
1511 1478 66
1512 1467 31
1513 1454 1
1514 1469 1
1515 1469 66
1516 1441 1
1517 1454 1
1518 1448 2
1519 1456 10
1520 1471 2
1521 1507 2
1522 1514 13
1523 1506 2
1524 1501 1
1525 1464 36
1526 1492 2
1527 1527 2
1528 1484 3
1529 1501 1
1530 1482 6
1531 1471 1
1532 1465 1
1533 1510 50
1534 1471 54
1535 1483 3
1536 1478 4
1537 1556 1
1538 1510 9
1539 1487 96
1540 1469 2
1541 1469 2
1542 1471 2
1543 1476 2
1544 1537 1
1545 1491 1
1546 1503 1
1547 1501 1
1548 1497 1
1549 1471 1
1550 1501 57
1551 1473 1
1552 1481 1
1553 1476 1
1554 1497 2
1555 1524 1
1556 1524 2
1557 1489 4
1558 1511 6
1559 1542 1
1560 1514 1
1561 1514 4
1562 1511 1
1563 1500 1
1564 1519 1
1565 1497 16
1566 1504 2
1567 1521 8
1568 1510 6
1569 1502 1
1570 1631 1
1571 1511 1
1572 1565 1
1573 1499 2
1574 1534 1
1575 1525 1
1576 1529 5
1577 1534 1
1578 1514 1
1579 1526 1
1580 1560 3
1581 1511 22
1582 1566 3
1583 1586 1
1584 1538 1
1585 1538 10
1586 1517 1
1587 1532 48
1588 1520 1
1589 1540 1
1590 1537 7
1591 1566 1
1592 1518 9
1593 1514 46
1594 1629 1
1595 1522 1
1596 1557 1
1597 1634 1
1598 1541 1
1599 1535 1
1600 1539 1
1601 1556 2
1602 1575 1
1603 1524 3
1604 1524 29
1605 1532 1
1606 1533 53
1607 1591 1
1608 1623 1
1609 1580 20
1610 1592 42
1611 1564 1
1612 1549 1
1613 1602 1
1614 1566 1
1615 1566 1
1616 1549 55
1617 1602 1
1618 1535 1
1619 1535 1
1620 1603 2
1621 1586 3
1622 1572 1
1623 1564 4
1624 1538 84
1625 1623 6
1626 1567 5
1627 1564 1
1628 1579 2
1629 1623 1
1630 1656 4
1631 1591 1
1632 1557 4
1633 1670 1
1634 1566 1
1635 1591 6
1636 1555 1
1637 1553 1
1638 1580 1
1639 1581 2
1640 1575 2
1641 1564 9
1642 1665 2
1643 1603 1
1644 1608 1
1645 1623 4
1646 1575 1
1647 1629 1
1648 1600 1
1649 1624 1
1650 1605 19
1651 1605 7
1652 1603 8
1653 1592 2
1654 1623 1
1655 1603 17
1656 1592 1
1657 1584 9
1658 1609 41
1659 1638 1
1660 1661 1
1661 1589 6
1662 1663 6
1663 1624 4
1664 1586 43
1665 1676 10
1666 1656 3
1667 1683 1
1668 1641 1
1669 1652 1
1670 1605 1
1671 1615 51
1672 1673 1
1673 1631 2
1674 1620 2
1675 1625 3
1676 1623 68
1677 1608 13
1678 1623 1
1679 1672 1
1680 1670 13
1681 1605 25
1682 1752 1
1683 1608 5
1684 1615 3
1685 1651 1
1686 1649 2
1687 1657 1
1688 1752 1
1689 1661 1
1690 1622 3
1691 1651 1
1692 1663 2
1693 1625 1
1694 1675 1
1695 1619 1
1696 1664 2
1697 1661 1
1698 1713 2
1699 1649 14
1700 1640 8
1701 1623 1
1702 1649 2
1703 1701 1
1704 1629 1
1705 1627 1
1706 1660 4
1707 1691 1
1708 1679 4
1709 1675 51
1710 1708 41
1711 1661 2
1712 1713 1
1713 1650 4
1714 1663 22
1715 1644 2
1716 1639 1
1717 1683 1
1718 1634 4
1719 1662 1
1720 1675 9
1721 1740 5
1722 1707 2
1723 1769 1
1724 1644 1
1725 1689 2
1726 1664 7
1727 1657 24
1728 1662 1
1729 1777 1
1730 1670 3
1731 1717 3
1732 1660 1
1733 1650 1
1734 1662 1
1735 1651 5
1736 1650 1
1737 1741 1
1738 1656 1
1739 1756 1
1740 1676 2
1741 1657 15
1742 1679 3
1743 1663 12
1744 1654 16
1745 1707 1
1746 1705 3
1747 1741 1
1748 1726 1
1749 1698 1
1750 1674 2
1751 1766 3
1752 1699 5
1753 1725 4
1754 1725 1
1755 1670 33
1756 1698 11
1757 1682 4
1758 1699 2
1759 1760 4
1760 1729 2
1761 1679 5
1762 1680 24
1763 1709 11
1764 1708 4
1765 1752 1
1766 1725 1
1767 1726 13
1768 1730 1
1769 1675 6
1770 1709 29
1771 1685 1
1772 1740 1
1773 1695 1
1774 1712 1
1775 1721 1
1776 1697 1
1777 1713 18
1778 1720 3
1779 1698 1
1780 1712 1
1781 1712 1
1782 1720 1
1783 1754 4
1784 1857 1
1785 1708 5
1786 1730 1
1787 1777 1
1788 1710 1
1789 1769 5
1790 1740 4
1791 1726 2
1792 1793 1
1793 1754 24
1794 1726 3
1795 1719 8
1796 1740 1
1797 1761 7
1798 1714 1
1799 1742 11
1800 1724 1
1801 1758 1
1802 1734 1
1803 1726 4
1804 1750 1
1805 1766 3
1806 1755 4
1807 1740 1
1808 1745 2
1809 1739 1
1810 1743 1
1811 1766 1
1812 1822 1
1813 1756 2
1814 1759 1
1815 1734 1
1816 1755 5
1817 1754 2
1818 1794 1
1819 1776 9
1820 1755 1
1821 1734 2
1822 1743 14
1823 1866 3
1824 1758 2
1825 1761 1
1826 1763 2
1827 1740 1
1828 1793 1
1829 1740 1
1830 1754 1
1831 1818 4
1832 1854 1
1833 1761 1
1834 1768 5
1835 1754 1
1836 1766 5
1837 1763 1
1838 1749 1
1839 1761 14
1840 1762 4
1841 1794 1
1842 1762 2
1843 1750 1
1844 1782 1
1845 1762 4
1846 1796 3
1847 1789 1
1848 1784 4
1849 1855 11
1850 1792 23
1851 1776 8
1852 1751 4
1853 1841 1
1854 1757 1
1855 1850 3
1856 1769 19
1857 1769 1
1858 1886 2
1859 1769 1
1860 1855 1
1861 1782 1
1862 1805 1
1863 1788 1
1864 1794 4
1865 1886 1
1866 1769 1
1867 1821 4
1868 1798 10
1869 1794 1
1870 1830 1
1871 1782 1
1872 1789 2
1873 1849 5
1874 1807 1
1875 1788 1
1876 1805 2
1877 1796 3
1878 1788 2
1879 1847 3
1880 1839 1
1881 1816 1
1882 1815 4
1883 1822 1
1884 1790 1
1885 1802 3
1886 1844 1
1887 1821 9
1888 1804 2
1889 1855 2
1890 1823 1
1891 1947 1
1892 1931 1
1893 1818 4
1894 1830 1
1895 1896 1
1896 1845 2
1897 1838 7
1898 1855 2
1899 1812 1
1900 1930 1
1901 1849 2
1902 1844 2
1903 1825 1
1904 1835 4
1905 1839 1
1906 1849 2
1907 1849 10
1908 1867 3
1909 1849 1
1910 1849 2
1911 1851 3
1912 1867 2
1913 1833 2
1914 1820 1
1915 1830 1
1916 1838 4
1917 1833 2
1918 1848 2
1919 1855 2
1920 1839 1
1921 1924 1
1922 1848 8
1923 1867 1
1924 1838 2
1925 1872 3
1926 1871 1
1927 1907 1
1928 1863 1
1929 1911 1
1930 1881 1
1931 1850 4
1932 1906 7
1933 1867 3
1934 1854 1
1935 1947 1
1936 1876 2
1937 1884 2
1938 1921 1
1939 1896 1
1940 1918 1
1941 1903 1
1942 1906 1
1943 1863 1
1944 1872 1
1945 1863 1
1946 1878 2
1947 1905 1
1948 1931 5
1949 1897 1
1950 1947 1
1951 1892 1
1952 1892 1
1953 1921 5
1954 1875 1
1955 1881 2
1956 1964 3
1957 1915 1
1958 1924 1
1959 1896 2
1960 1877 1
1961 1903 2
1962 1935 1
1963 1916 1
1964 1895 1
1965 1886 4
1966 1952 1
1967 1945 1
1968 1888 1
1969 1892 1
1970 1900 1
1971 1936 1
1972 1910 1
1973 1987 1
1974 1901 1
1975 1907 1
1976 1886 1
1977 1930 1
1978 1909 1
1979 1887 1
1980 1947 1
1981 1896 2
1982 1917 1
1983 1906 1
1984 1930 1
1985 1923 1
1986 1958 1
1987 1955 1
1988 1992 2
1989 1921 1
1990 1912 1
1991 1915 1
1992 1910 1
1993 1952 3
1994 1915 1
1995 1960 1
1996 1954 1
1997 1955 1
1998 1932 1
1999 1932 1
2000 1980 1
