300
1 0 0
2 18 1
3 35 1
4 14 1
5 18 1
6 28 1
7 26 1
8 14 1
9 18 1
10 33 1
11 14 1
12 26 1
13 22 1
14 17 1
15 25 5
16 16 1
17 25 2
18 39 2
19 41 5
20 29 1
21 35 1
22 43 1
23 46 2
24 18 1
25 14 1
26 46 8
27 41 5
28 42 1
29 44 2
30 26 2
31 46 1
32 50 1
33 41 1
34 47 2
35 46 1
36 52 3
37 58 1
38 49 1
39 63 1
40 52 3
41 63 1
42 62 12
43 69 2
44 63 2
45 62 3
46 46 1
47 78 14
48 79 3
49 49 1
50 83 4
51 73 2
52 62 1
53 83 7
54 49 1
55 78 1
56 62 1
57 72 1
58 63 1
59 83 2
60 73 1
61 81 1
62 72 1
63 102 19
64 97 7
65 99 1
66 102 1
67 62 1
68 74 1
69 82 2
70 100 3
71 63 1
72 102 1
73 99 3
74 81 4
75 105 2
76 102 1
77 105 1
78 105 1
79 113 16
80 90 4
81 113 1
82 97 7
83 90 5
84 119 14
85 102 1
86 119 1
87 82 2
88 102 1
89 97 1
90 119 1
91 119 12
92 90 1
93 86 1
94 68 1
95 90 1
96 105 1
97 123 1
98 127 16
99 127 1
100 104 9
101 104 4
102 119 2
103 131 25
104 127 8
105 119 17
106 131 6
107 110 1
108 81 1
109 133 1
110 104 3
111 109 2
112 114 1
113 127 4
114 137 18
115 103 7
116 137 1
117 114 1
118 101 1
119 114 1
120 136 48
121 114 1
122 114 1
123 99 1
124 99 2
125 132 1
126 138 1
127 114 1
128 137 52
129 99 1
130 136 1
131 112 3
132 0 32
133 0 2
134 161 4
135 133 1
136 130 1
137 0 50
138 0 87
139 154 3
140 161 1
141 0 1
142 127 14
143 0 1
144 141 1
145 137 1
146 161 1
147 127 1
148 161 1
149 127 7
150 0 1
151 133 1
152 141 1
153 141 1
154 138 1
155 161 9
156 148 6
157 141 4
158 130 1
159 159 1
160 137 14
161 161 5
162 164 22
163 154 5
164 141 6
165 167 60
166 160 2
167 0 4
168 0 121
169 159 4
170 160 2
171 164 6
172 166 1
173 155 5
174 156 3
175 166 1
176 164 4
177 162 1
178 162 3
179 159 8
180 166 1
181 168 3
182 165 1
183 163 1
184 167 60
185 163 4
186 164 27
187 177 1
188 172 3
189 177 1
190 180 1
191 183 11
192 173 1
193 172 1
194 183 4
195 183 12
196 169 1
197 173 1
198 170 5
199 219 5
200 201 1
201 178 1
202 190 4
203 183 1
204 180 1
205 201 1
206 175 3
207 198 1
208 198 1
209 190 6
210 194 1
211 183 3
212 185 1
213 197 1
214 178 6
215 213 1
216 183 28
217 213 1
218 198 1
219 193 1
220 185 25
221 187 2
222 184 3
223 227 1
224 219 17
225 221 1
226 194 10
227 193 2
228 213 3
229 208 1
230 197 1
231 198 1
232 197 2
233 215 11
234 208 1
235 208 2
236 201 1
237 232 1
238 219 1
239 208 1
240 205 2
241 221 1
242 215 2
243 215 6
244 210 2
245 254 1
246 246 1
247 232 2
248 219 1
249 227 1
250 215 5
251 225 9
252 215 3
253 250 1
254 223 7
255 223 8
256 223 1
257 226 1
258 242 2
259 220 1
260 242 1
261 249 1
262 242 1
263 254 6
264 243 1
265 231 1
266 298 1
267 239 1
268 249 1
269 232 4
270 253 1
271 297 1
272 232 3
273 242 1
274 283 1
275 234 1
276 249 2
277 241 1
278 253 1
279 253 1
280 253 1
281 250 6
282 250 1
283 251 1
284 298 2
285 251 1
286 253 1
287 253 1
288 297 1
289 290 1
290 297 1
291 268 2
292 257 1
293 275 1
294 297 1
295 268 1
296 271 1
297 271 1
298 280 5
299 262 4
300 262 1
