700
1 0 0
2 27 1
3 61 1
4 17 1
5 14 1
6 7 1
7 12 1
8 71 2
9 35 1
10 64 1
11 47 1
12 13 1
13 39 2
14 71 2
15 39 3
16 61 1
17 55 1
18 64 2
19 77 1
20 44 2
21 74 1
22 14 1
23 47 1
24 40 1
25 19 1
26 71 1
27 71 1
28 75 2
29 32 1
30 54 1
31 77 2
32 64 1
33 73 2
34 79 1
35 84 1
36 76 2
37 90 1
38 58 1
39 58 1
40 84 6
41 79 3
42 76 1
43 54 1
44 79 1
45 76 3
46 73 1
47 79 2
48 104 3
49 58 1
50 91 1
51 109 3
52 50 1
53 30 1
54 91 1
55 101 3
56 100 2
57 77 1
58 84 1
59 96 5
60 100 1
61 105 1
62 104 3
63 77 1
64 40 1
65 96 5
66 70 1
67 100 1
68 50 1
69 96 1
70 46 1
71 79 2
72 80 8
73 75 1
74 114 4
75 100 2
76 91 4
77 131 7
78 101 6
79 58 1
80 141 11
81 91 10
82 109 1
83 119 1
84 96 1
85 101 9
86 79 1
87 100 1
88 131 1
89 116 1
90 131 1
91 113 2
92 125 18
93 145 1
94 71 1
95 100 1
96 91 1
97 159 13
98 100 1
99 108 1
100 131 1
101 153 10
102 155 19
103 80 1
104 131 2
105 160 7
106 142 2
107 142 1
108 131 1
109 162 3
110 141 5
111 103 1
112 108 1
113 168 2
114 152 3
115 162 5
116 112 1
117 122 3
118 141 1
119 162 1
120 160 2
121 153 1
122 122 2
123 152 7
124 150 2
125 171 2
126 154 19
127 140 1
128 162 1
129 158 1
130 158 1
131 172 1
132 179 14
133 121 1
134 124 1
135 122 1
136 123 1
137 159 3
138 145 1
139 159 1
140 150 1
141 136 2
142 190 18
143 189 4
144 116 1
145 147 1
146 165 3
147 159 1
148 158 2
149 194 1
150 205 1
151 171 4
152 205 1
153 209 11
154 211 12
155 201 20
156 199 20
157 190 1
158 205 1
159 190 6
160 214 19
161 216 10
162 205 1
163 179 11
164 179 1
165 211 2
166 218 4
167 209 1
168 208 1
169 199 3
170 179 1
171 179 1
172 223 7
173 190 3
174 229 1
175 218 1
176 202 1
177 227 1
178 190 1
179 158 1
180 217 29
181 164 1
182 190 1
183 199 1
184 221 1
185 229 1
186 208 1
187 208 1
188 172 1
189 229 1
190 234 5
191 238 31
192 208 1
193 234 1
194 234 1
195 234 2
196 237 1
197 202 1
198 234 1
199 219 1
200 248 25
201 243 1
202 221 21
203 248 3
204 234 1
205 235 1
206 245 5
207 214 1
208 222 1
209 232 5
210 212 17
211 232 1
212 231 15
213 242 21
214 214 1
215 260 22
216 234 1
217 260 11
218 224 30
219 257 6
220 230 2
221 212 1
222 253 23
223 248 2
224 248 8
225 260 31
226 248 1
227 266 1
228 254 2
229 242 1
230 263 4
231 209 3
232 280 16
233 262 7
234 280 1
235 289 13
236 270 2
237 212 1
238 243 2
239 243 33
240 209 1
241 280 1
242 280 1
243 286 23
244 271 38
245 257 1
246 289 6
247 252 1
248 212 1
249 291 40
250 294 1
251 288 1
252 243 1
253 304 3
254 291 24
255 263 4
256 295 1
257 266 1
258 294 8
259 298 1
260 309 1
261 298 65
262 238 1
263 309 8
264 308 10
265 280 1
266 252 1
267 288 6
268 289 1
269 266 1
270 303 1
271 317 3
272 296 46
273 271 4
274 290 1
275 303 1
276 287 1
277 272 2
278 319 1
279 254 1
280 266 1
281 298 21
282 276 1
283 263 1
284 272 1
285 304 1
286 266 1
287 324 24
288 328 2
289 301 9
290 328 21
291 271 2
292 328 65
293 331 1
294 299 21
295 326 10
296 301 2
297 298 70
298 271 1
299 332 159
300 296 23
301 299 1
302 293 20
303 332 1
304 315 3
305 319 5
306 330 1
307 321 1
308 319 1
309 326 12
310 352 10
311 344 1
312 351 1
313 298 1
314 353 1
315 301 6
316 326 4
317 328 1
318 332 4
319 334 1
320 354 8
321 344 1
322 340 3
323 343 1
324 301 2
325 344 25
326 288 1
327 351 27
328 353 1
329 0 90
330 321 1
331 314 2
332 342 2
333 0 165
334 343 20
335 314 2
336 340 7
337 0 1
338 308 1
339 333 19
340 354 1
341 353 13
342 354 1
343 370 3
344 0 22
345 0 29
346 352 1
347 340 1
348 314 1
349 338 1
350 367 1
351 0 1
352 376 29
353 386 12
354 338 16
355 386 11
356 370 2
357 0 1
358 323 1
359 340 1
360 338 1
361 335 6
362 360 3
363 0 2
364 0 6
365 344 1
366 367 1
367 0 1
368 370 7
369 361 1
370 367 1
371 390 14
372 363 5
373 386 2
374 0 135
375 383 6
376 376 4
377 386 36
378 373 10
379 367 1
380 371 1
381 0 3
382 377 3
383 370 1
384 0 233
385 374 1
386 0 10
387 414 87
388 371 1
389 355 1
390 360 1
391 396 15
392 399 4
393 374 1
394 361 1
395 362 1
396 360 1
397 386 16
398 404 33
399 376 1
400 377 6
401 391 3
402 386 1
403 372 1
404 367 1
405 373 54
406 371 1
407 381 2
408 386 7
409 371 1
410 374 1
411 373 1
412 367 1
413 400 2
414 383 1
415 383 149
416 373 69
417 375 2
418 432 1
419 376 1
420 375 1
421 374 2
422 383 1
423 383 2
424 438 1
425 416 1
426 414 52
427 385 4
428 404 20
429 443 1
430 385 1
431 380 1
432 412 1
433 477 2
434 383 73
435 380 1
436 385 4
437 397 32
438 438 1
439 470 4
440 440 2
441 414 6
442 386 1
443 415 68
444 427 13
445 422 1
446 426 1
447 438 1
448 407 6
449 406 1
450 399 1
451 468 30
452 426 1
453 450 12
454 456 7
455 426 1
456 469 6
457 459 47
458 456 3
459 427 1
460 425 51
461 427 2
462 462 1
463 453 5
464 414 3
465 462 1
466 420 1
467 443 3
468 435 3
469 436 31
470 443 7
471 452 8
472 470 1
473 455 5
474 456 36
475 452 1
476 427 1
477 477 1
478 447 4
479 427 2
480 443 1
481 453 1
482 440 3
483 442 67
484 507 1
485 466 2
486 433 72
487 447 1
488 439 1
489 450 17
490 478 1
491 452 2
492 459 1
493 463 2
494 467 2
495 490 1
496 462 2
497 459 1
498 459 1
499 482 6
500 482 1
501 481 1
502 470 2
503 460 1
504 457 2
505 482 3
506 504 1
507 482 33
508 472 4
509 504 1
510 484 1
511 523 1
512 485 1
513 482 16
514 501 1
515 481 1
516 473 35
517 492 1
518 482 7
519 488 1
520 488 15
521 503 1
522 498 2
523 531 1
524 519 3
525 498 3
526 495 1
527 485 70
528 515 9
529 527 1
530 493 1
531 526 1
532 534 2
533 515 1
534 526 1
535 506 19
536 526 2
537 542 2
538 519 9
539 526 1
540 507 1
541 526 30
542 526 1
543 534 15
544 506 13
545 519 1
546 507 1
547 519 1
548 526 1
549 512 15
550 534 1
551 515 23
552 526 29
553 551 8
554 515 1
555 540 4
556 526 2
557 540 11
558 524 2
559 517 6
560 550 1
561 523 1
562 554 3
563 526 1
564 521 1
565 537 3
566 542 2
567 540 11
568 537 1
569 595 1
570 537 4
571 527 7
572 543 9
573 597 1
574 548 1
575 535 1
576 551 6
577 548 1
578 536 1
579 550 14
580 542 1
581 548 12
582 555 1
583 540 3
584 551 14
585 556 10
586 552 3
587 542 9
588 543 3
589 597 3
590 558 1
591 597 2
592 558 4
593 550 3
594 587 1
595 561 1
596 614 2
597 550 4
598 578 13
599 552 4
600 565 1
601 575 1
602 569 1
603 575 3
604 571 3
605 561 1
606 557 1
607 564 2
608 583 9
609 571 5
610 580 3
611 588 1
612 592 1
613 566 10
614 586 8
615 570 6
616 584 1
617 597 1
618 608 4
619 584 7
620 584 1
621 621 1
622 580 8
623 569 2
624 648 1
625 575 1
626 597 3
627 588 1
628 587 1
629 596 1
630 597 2
631 585 1
632 583 4
633 609 1
634 582 2
635 592 1
636 618 1
637 585 1
638 607 1
639 609 1
640 590 1
641 607 1
642 621 3
643 591 3
644 612 1
645 602 1
646 613 2
647 603 2
648 596 2
649 613 4
650 598 3
651 645 1
652 614 1
653 606 1
654 602 1
655 629 1
656 607 5
657 612 5
658 631 3
659 612 3
660 607 1
661 618 5
662 621 2
663 613 1
664 621 1
665 617 3
666 633 1
667 622 1
668 625 2
669 614 2
670 641 1
671 668 1
672 664 1
673 649 1
674 655 1
675 648 2
676 641 1
677 642 1
678 660 1
679 656 1
680 657 1
681 647 1
682 664 1
683 674 1
684 646 1
685 658 1
686 660 1
687 655 1
688 656 1
689 642 1
690 656 1
691 656 1
692 660 1
693 655 1
694 649 1
695 658 1
696 660 1
697 657 1
698 667 1
699 655 1
700 661 1
