500
1 0 0
2 33 1
3 35 1
4 30 2
5 30 2
6 3 1
7 30 1
8 45 1
9 37 1
10 30 1
11 35 1
12 36 1
13 56 1
14 54 1
15 50 1
16 49 1
17 59 1
18 30 1
19 4 1
20 48 1
21 32 1
22 39 1
23 49 1
24 59 1
25 59 1
26 49 1
27 64 1
28 59 1
29 48 1
30 69 1
31 61 8
32 48 1
33 49 2
34 68 2
35 69 1
36 68 3
37 63 2
38 63 2
39 69 1
40 65 2
41 64 1
42 69 1
43 68 1
44 59 1
45 61 1
46 65 3
47 45 1
48 69 1
49 85 5
50 78 6
51 78 2
52 59 1
53 78 1
54 78 1
55 86 2
56 85 1
57 71 2
58 69 1
59 69 1
60 93 7
61 48 1
62 93 10
63 78 1
64 98 5
65 74 4
66 74 7
67 98 1
68 100 1
69 112 7
70 106 8
71 85 1
72 112 4
73 97 1
74 104 1
75 109 15
76 106 1
77 71 1
78 93 1
79 120 13
80 112 1
81 65 1
82 78 1
83 113 1
84 74 1
85 106 1
86 106 8
87 127 4
88 106 1
89 64 1
90 99 1
91 112 1
92 114 1
93 120 1
94 131 19
95 74 1
96 134 1
97 112 1
98 130 2
99 135 7
100 105 2
101 117 4
102 86 1
103 104 1
104 127 1
105 125 6
106 145 3
107 149 20
108 145 1
109 149 1
110 131 16
111 74 1
112 145 1
113 153 15
114 147 2
115 100 2
116 104 1
117 131 1
118 154 5
119 138 1
120 154 1
121 145 15
122 154 1
123 131 1
124 104 1
125 131 1
126 149 8
127 173 1
128 171 6
129 159 1
130 175 1
131 182 3
132 172 39
133 147 1
134 171 1
135 161 2
136 171 8
137 172 1
138 104 1
139 181 3
140 159 1
141 159 1
142 145 1
143 175 1
144 165 1
145 183 1
146 188 22
147 165 1
148 163 5
149 147 1
150 183 30
151 188 1
152 159 1
153 125 1
154 200 16
155 172 8
156 181 1
157 163 1
158 195 1
159 138 1
160 197 5
161 167 1
162 183 3
163 208 1
164 169 7
165 172 1
166 194 3
167 179 1
168 188 2
169 170 1
170 189 8
171 200 2
172 197 16
173 205 50
174 208 2
175 209 1
176 202 3
177 204 1
178 214 1
179 181 1
180 205 2
181 183 1
182 210 6
183 205 4
184 210 36
185 188 1
186 200 1
187 191 1
188 208 1
189 225 27
190 205 9
191 206 3
192 202 3
193 205 1
194 206 1
195 226 5
196 190 2
197 208 1
198 226 22
199 205 1
200 226 1
201 226 20
202 202 2
203 222 12
204 226 1
205 238 2
206 226 68
207 227 5
208 246 2
209 230 9
210 236 2
211 238 43
212 238 1
213 202 1
214 230 1
215 252 2
216 194 1
217 207 1
218 201 1
219 208 1
220 191 1
221 227 1
222 238 27
223 221 20
224 227 1
225 202 2
226 245 28
227 0 118
228 251 34
229 232 4
230 238 1
231 227 11
232 252 1
233 236 5
234 236 1
235 252 1
236 224 1
237 246 11
238 221 6
239 245 77
240 236 1
241 258 1
242 208 1
243 222 1
244 248 3
245 208 1
246 0 108
247 0 64
248 236 1
249 227 15
250 0 1
251 256 1
252 256 50
253 248 9
254 243 1
255 245 1
256 228 3
257 0 53
258 246 4
259 246 40
260 260 3
261 222 6
262 245 1
263 248 1
264 255 2
265 270 1
266 283 1
267 0 25
268 238 2
269 243 1
270 263 1
271 237 5
272 0 2
273 246 3
274 246 2
275 277 5
276 248 1
277 260 1
278 251 15
279 274 1
280 252 1
281 267 1
282 0 128
283 304 1
284 301 2
285 304 1
286 281 1
287 246 1
288 252 2
289 252 1
290 260 1
291 266 1
292 277 9
293 321 3
294 258 38
295 274 2
296 259 2
297 256 1
298 257 3
299 293 1
300 274 1
301 293 1
302 270 3
303 294 1
304 271 1
305 281 4
306 266 1
307 281 70
308 266 22
309 295 1
310 292 1
311 297 1
312 304 1
313 354 1
314 281 8
315 306 1
316 307 2
317 306 1
318 306 4
319 272 2
320 273 1
321 293 25
322 291 8
323 293 8
324 348 1
325 330 1
326 292 1
327 281 44
328 306 62
329 346 1
330 361 1
331 341 13
332 287 1
333 345 1
334 293 1
335 321 1
336 318 1
337 307 9
338 341 1
339 306 1
340 293 1
341 297 1
342 327 57
343 321 2
344 307 1
345 307 9
346 330 3
347 330 2
348 321 1
349 320 23
350 330 1
351 317 3
352 326 15
353 320 1
354 313 1
355 356 2
356 326 3
357 330 3
358 345 1
359 313 6
360 326 25
361 315 1
362 330 2
363 322 7
364 365 3
365 341 2
366 348 5
367 327 4
368 341 28
369 336 7
370 348 2
371 348 1
372 363 1
373 342 1
374 359 2
375 393 2
376 368 1
377 341 7
378 393 2
379 336 1
380 362 1
381 341 5
382 424 1
383 350 1
384 359 21
385 362 2
386 348 12
387 344 1
388 344 7
389 362 1
390 364 1
391 365 1
392 393 3
393 355 1
394 367 11
395 351 4
396 348 1
397 351 1
398 362 1
399 350 1
400 355 1
401 367 1
402 362 1
403 359 1
404 351 9
405 374 1
406 367 1
407 383 8
408 368 1
409 363 1
410 377 1
411 358 5
412 394 2
413 367 12
414 424 2
415 393 2
416 366 1
417 369 1
418 373 1
419 391 1
420 366 1
421 394 1
422 387 6
423 368 1
424 366 1
425 385 9
426 376 6
427 368 1
428 384 1
429 383 12
430 368 1
431 368 1
432 413 1
433 380 4
434 367 2
435 391 1
436 412 4
437 414 1
438 385 2
439 424 1
440 412 7
441 442 2
442 428 2
443 406 5
444 406 1
445 439 3
446 393 1
447 403 8
448 406 1
449 421 4
450 440 1
451 421 1
452 446 1
453 410 3
454 410 1
455 441 1
456 435 1
457 424 1
458 439 2
459 457 1
460 446 1
461 411 1
462 432 3
463 424 1
464 424 1
465 424 1
466 428 9
467 425 5
468 435 2
469 466 1
470 433 1
471 465 6
472 448 2
473 437 1
474 446 2
475 452 2
476 446 2
477 444 1
478 439 1
479 442 2
480 488 1
481 470 4
482 466 1
483 466 1
484 465 1
485 444 1
486 448 1
487 470 1
488 446 1
489 480 2
490 461 1
491 461 1
492 466 1
493 478 1
494 480 1
495 465 1
496 467 1
497 471 1
498 474 1
499 473 1
500 475 1
