300
1 0 0
2 31 1
3 26 1
4 12 2
5 27 1
6 25 1
7 12 1
8 27 1
9 37 1
10 51 1
11 3 1
12 19 1
13 52 5
14 36 1
15 33 1
16 48 1
17 36 1
18 36 1
19 12 1
20 34 2
21 49 1
22 32 1
23 36 1
24 49 1
25 27 1
26 53 2
27 33 2
28 61 4
29 52 1
30 61 1
31 37 1
32 61 2
33 61 2
34 56 6
35 62 3
36 42 4
37 68 5
38 72 3
39 61 1
40 35 1
41 49 1
42 49 1
43 71 6
44 68 1
45 52 1
46 61 1
47 35 1
48 61 1
49 68 2
50 71 5
51 71 1
52 66 2
53 78 8
54 84 3
55 33 1
56 79 1
57 71 8
58 33 1
59 62 2
60 85 1
61 42 1
62 87 13
63 89 6
64 71 1
65 35 1
66 73 1
67 78 3
68 98 1
69 95 9
70 94 1
71 85 1
72 87 23
73 87 4
74 98 2
75 79 1
76 84 1
77 58 1
78 71 1
79 95 12
80 98 3
81 100 1
82 56 1
83 112 1
84 116 4
85 94 5
86 83 3
87 98 1
88 105 41
89 112 1
90 103 7
91 99 1
92 95 1
93 94 1
94 94 1
95 98 13
96 122 23
97 98 1
98 94 1
99 113 24
100 122 2
101 104 2
102 119 1
103 122 1
104 122 8
105 108 12
106 126 42
107 108 7
108 126 1
109 126 20
110 122 1
111 120 1
112 122 1
113 104 4
114 119 25
115 121 1
116 119 1
117 106 5
118 98 1
119 98 1
120 0 28
121 94 3
122 0 2
123 0 37
124 0 1
125 0 1
126 104 5
127 0 128
128 0 1
129 106 1
130 138 2
131 112 1
132 138 4
133 125 2
134 0 101
135 145 1
136 146 1
137 147 1
138 125 1
139 150 7
140 154 1
141 145 1
142 142 1
143 126 64
144 125 1
145 120 1
146 142 31
147 142 8
148 145 10
149 150 1
150 131 1
151 133 10
152 131 2
153 129 1
154 133 90
155 153 2
156 142 1
157 147 7
158 142 1
159 164 1
160 153 1
161 132 1
162 145 17
163 166 1
164 147 1
165 167 3
166 150 1
167 153 6
168 171 4
169 142 19
170 145 1
171 142 2
172 153 26
173 153 1
174 164 1
175 146 6
176 161 1
177 171 17
178 153 53
179 170 1
180 151 1
181 156 2
182 156 1
183 168 4
184 171 1
185 171 2
186 203 2
187 193 1
188 156 1
189 176 1
190 166 1
191 168 9
192 166 2
193 156 1
194 161 12
195 176 1
196 156 1
197 171 1
198 168 1
199 168 4
200 161 3
201 177 26
202 176 4
203 166 1
204 200 10
205 200 1
206 176 10
207 177 4
208 177 16
209 182 1
210 177 6
211 174 5
212 184 1
213 190 8
214 182 1
215 191 1
216 180 1
217 199 1
218 199 1
219 182 1
220 203 3
221 185 1
222 200 6
223 200 2
224 203 4
225 200 1
226 198 2
227 205 5
228 193 10
229 249 1
230 198 1
231 219 2
232 207 7
233 207 1
234 201 3
235 207 1
236 206 3
237 209 1
238 210 1
239 200 5
240 205 4
241 207 6
242 249 1
243 210 2
244 210 1
245 212 1
246 209 4
247 221 5
248 212 6
249 225 1
250 227 3
251 231 4
252 231 1
253 231 1
254 227 2
255 239 1
256 226 1
257 226 1
258 223 3
259 227 4
260 222 1
261 235 1
262 226 1
263 240 4
264 247 2
265 226 1
266 233 1
267 239 1
268 233 1
269 246 4
270 235 1
271 247 1
272 230 1
273 238 4
274 240 1
275 258 2
276 239 1
277 245 1
278 257 1
279 242 1
280 258 1
281 247 1
282 245 1
283 268 1
284 272 1
285 250 1
286 245 1
287 247 1
288 262 1
289 250 2
290 257 1
291 253 1
292 262 1
293 288 1
294 272 1
295 272 1
296 274 1
297 268 1
298 262 1
299 268 1
300 263 1
