100
1 0 0
2 63 1
3 43 1
4 12 1
5 23 1
6 94 1
7 0 7
8 63 1
9 22 1
10 18 1
11 22 1
12 25 7
13 0 19
14 83 1
15 55 1
16 62 1
17 12 1
18 37 7
19 38 3
20 11 1
21 17 1
22 17 1
23 12 10
24 12 4
25 22 1
26 0 15
27 22 1
28 0 10
29 27 1
30 22 1
31 0 8
32 25 2
33 43 1
34 31 1
35 37 3
36 0 1
37 6 1
38 0 15
39 0 4
40 22 1
41 79 1
42 34 1
43 69 1
44 6 3
45 6 1
46 25 1
47 23 1
48 37 1
49 12 1
50 27 1
51 83 1
52 11 1
53 30 1
54 79 1
55 11 1
56 30 3
57 11 1
58 63 1
59 0 12
60 22 1
61 17 1
62 63 1
63 27 2
64 58 8
65 55 1
66 63 1
67 63 1
68 0 2
69 22 1
70 0 2
71 77 1
72 22 1
73 23 1
74 25 1
75 0 1
76 94 1
77 25 1
78 37 2
79 17 1
80 27 4
81 25 1
82 11 1
83 34 1
84 30 3
85 37 1
86 6 1
87 25 1
88 0 1
89 11 1
90 17 1
91 17 1
92 63 1
93 18 1
94 12 1
95 58 3
96 27 1
97 79 1
98 67 1
99 0 1
100 0 1
